<!DOCTYPE html>
<html>
<head>
<meta charset="utf-8">
<link href="https://fonts.googleapis.com/css2?family=Source+Code+Pro:wght@400;600;700&display=swap" rel="stylesheet">
<script src="https://d3js.org/d3.v7.min.js"></script>
<style>
  * { box-sizing: border-box; margin: 0; padding: 0; }
  body {
    font-family: 'Source Code Pro', monospace; background: #ffffff;
    display: flex; flex-direction: column; align-items: center;
    padding: 24px 24px 40px;
  }
  #filter-bar {
    display: flex; flex-wrap: wrap; gap: 6px; justify-content: center;
    margin-bottom: 16px; min-height: 0;
  }
  .fbtn {
    padding: 4px 11px; border-radius: 20px; border: 1.5px solid #ccc;
    background: #fff; cursor: pointer; font-family: 'Source Code Pro', monospace;
    font-size: 11px; color: #555; transition: all .15s;
  }
  .fbtn:hover  { border-color: #0d1035; color: #0d1035; }
  .fbtn.active { background: #0d1035; border-color: #0d1035; color: #fff; font-weight: 600; }
  #chart { position: relative; }
  .tip {
    position: fixed; background: #0d1035; color: #fff;
    padding: 10px 14px; border-radius: 8px; font-size: 12px;
    font-family: 'Source Code Pro', monospace; pointer-events: none;
    opacity: 0; transition: opacity .12s; line-height: 1.9;
    box-shadow: 0 6px 24px rgba(0,0,0,.25); max-width: 280px;
  }
  .tip .tip-link { color: #e8607e; font-weight: 600; }
  .tip .tip-text { color: #f5c842; font-weight: 600; }
  .tip .tip-head { font-weight: 700; font-size: 13px;
                   border-bottom: 1px solid rgba(255,255,255,.2);
                   padding-bottom: 5px; margin-bottom: 5px; }
</style>
</head>
<body>
<div id="filter-bar"></div>
<div id="chart"></div>
<div class="tip" id="tip"></div>
<script>
const D = {"ids": ["hadgem3", "hadcm2", "ukesm1", "miroc", "cesm", "mpi-esm", "canesm", "gfdl-cm4", "ec-earth", "fgoals", "giss-e2", "ipsl-cm", "bcc-csm", "cnrm-cm", "icon", "access"], "link": [[0.0, 0.33337767851501376, 0.21423361118733145, 0.1308636533306186, 0.13170622539270288, 0.1269545624215277, 0.12268183514880042, 0.12114648161344688, 0.12040910787607315, 0.11559092605789134, 0.1153636533306186, 0.11513638060334588, 0.11309092605789133, 0.11263638060334587, 0.11513638060334588, 0.11638313385009913], [0.33337767851501376, 0.0, 0.21480980558618407, 0.2290329705505762, 0.21519826311899487, 0.2234202944942382, 0.21973719590268886, 0.22038430075401907, 0.21903297055057616, 0.22319367838734036, 0.22389790373945306, 0.21342029449423813, 0.22108100233100236, 0.22319367838734036, 0.20444142125480153, 0.16819155844155845], [0.21423361118733145, 0.21480980558618407, 0.0, 0.8369620642769686, 0.8288690550337577, 0.8479971115275081, 0.8286176934160416, 0.8438837929108782, 0.8276243159325979, 0.8275945518132437, 0.8246144193629126, 0.8396527406665811, 0.8242832935350981, 0.8250459990935471, 0.8103132673562021, 0.8266051364365972], [0.1308636533306186, 0.2290329705505762, 0.8369620642769686, 0.0, 0.8848008130081301, 0.8930838815789472, 0.9035714285714285, 0.8830838815789473, 0.9026315789473685, 0.8895151515151515, 0.8890526315789472, 0.88203125, 0.8885263157894737, 0.8932719298245615, 0.8178691588785046, 0.851948051948052], [0.13170622539270288, 0.21519826311899487, 0.8288690550337577, 0.8848008130081301, 0.0, 0.8786666666666667, 0.8938861788617884, 0.8903875338753388, 0.8886519041506205, 0.8768577235772359, 0.8827181571815718, 0.8798861788617887, 0.8899674796747966, 0.8804593495934959, 0.8118861788617885, 0.8457154471544716], [0.1269545624215277, 0.2234202944942382, 0.8479971115275081, 0.8930838815789472, 0.8786666666666667, 0.0, 0.8861128826530612, 0.9006944444444445, 0.88203125, 0.8804450757575758, 0.8841651119402986, 0.9108474576271186, 0.8796875, 0.8795729166666668, 0.8134345794392523, 0.843005275974026], [0.12268183514880042, 0.21973719590268886, 0.8286176934160416, 0.9035714285714285, 0.8938861788617884, 0.8861128826530612, 0.0, 0.8840720663265305, 0.9062835660580021, 0.8995151515151516, 0.8900408163265305, 0.8850924744897959, 0.908, 0.8978843537414966, 0.8183364485981308, 0.8606493506493507], [0.12114648161344688, 0.22038430075401907, 0.8438837929108782, 0.8830838815789473, 0.8903875338753388, 0.9006944444444445, 0.8840720663265305, 0.0, 0.88203125, 0.8808238636363637, 0.9074652777777779, 0.9013888888888889, 0.881076388888889, 0.8830729166666668, 0.8148364485981308, 0.8323559253246753], [0.12040910787607315, 0.21903297055057616, 0.8276243159325979, 0.9026315789473685, 0.8886519041506205, 0.88203125, 0.9062835660580021, 0.88203125, 0.0, 0.8902727272727272, 0.8885319148936169, 0.883626994680851, 0.8916954087346024, 0.8901914893617022, 0.8183364485981308, 0.8512987012987013], [0.11559092605789134, 0.22319367838734036, 0.8275945518132437, 0.8895151515151515, 0.8768577235772359, 0.8804450757575758, 0.8995151515151516, 0.8808238636363637, 0.8902727272727272, 0.0, 0.9118686868686868, 0.8940814393939395, 0.9015151515151516, 0.9047785547785547, 0.8224067599067599, 0.8502727272727274], [0.1153636533306186, 0.22389790373945306, 0.8246144193629126, 0.8890526315789472, 0.8827181571815718, 0.8841651119402986, 0.8900408163265305, 0.9074652777777779, 0.8885319148936169, 0.9118686868686868, 0.0, 0.8889743988391376, 0.9014925373134328, 0.9048846153846153, 0.8237838485502037, 0.839948051948052], [0.11513638060334588, 0.21342029449423813, 0.8396527406665811, 0.88203125, 0.8798861788617887, 0.9108474576271186, 0.8850924744897959, 0.9013888888888889, 0.883626994680851, 0.8940814393939395, 0.8889743988391376, 0.0, 0.8839247881355933, 0.8835729166666667, 0.8139018691588784, 0.8336546266233766], [0.11309092605789133, 0.22108100233100236, 0.8242832935350981, 0.8885263157894737, 0.8899674796747966, 0.8796875, 0.908, 0.881076388888889, 0.8916954087346024, 0.9015151515151516, 0.9014925373134328, 0.8839247881355933, 0.0, 0.902051282051282, 0.8205128205128205, 0.8379999999999999], [0.11263638060334587, 0.22319367838734036, 0.8250459990935471, 0.8932719298245615, 0.8804593495934959, 0.8795729166666668, 0.8978843537414966, 0.8830729166666668, 0.8901914893617022, 0.9047785547785547, 0.9048846153846153, 0.8835729166666667, 0.902051282051282, 0.0, 0.8219146896716989, 0.8447380952380954], [0.11513638060334588, 0.20444142125480153, 0.8103132673562021, 0.8178691588785046, 0.8118861788617885, 0.8134345794392523, 0.8183364485981308, 0.8148364485981308, 0.8183364485981308, 0.8224067599067599, 0.8237838485502037, 0.8139018691588784, 0.8205128205128205, 0.8219146896716989, 0.0, 0.8179480519480521], [0.11638313385009913, 0.16819155844155845, 0.8266051364365972, 0.851948051948052, 0.8457154471544716, 0.843005275974026, 0.8606493506493507, 0.8323559253246753, 0.8512987012987013, 0.8502727272727274, 0.839948051948052, 0.8336546266233766, 0.8379999999999999, 0.8447380952380954, 0.8179480519480521, 0.0]], "text": [[0.0, 0.33337767851501376, 0.21423361118733145, 0.1308636533306186, 0.13170622539270288, 0.1269545624215277, 0.12268183514880042, 0.12114648161344688, 0.12040910787607315, 0.11559092605789134, 0.1153636533306186, 0.11513638060334588, 0.11309092605789133, 0.11263638060334587, 0.11513638060334588, 0.11638313385009913], [0.33337767851501376, 0.0, 0.21480980558618407, 0.2290329705505762, 0.21519826311899487, 0.2234202944942382, 0.21973719590268886, 0.22038430075401907, 0.21903297055057616, 0.22319367838734036, 0.22389790373945306, 0.21342029449423813, 0.22108100233100236, 0.22319367838734036, 0.20444142125480153, 0.16819155844155845], [0.21423361118733145, 0.21480980558618407, 0.0, 0.8369620642769686, 0.8288690550337577, 0.8479971115275081, 0.8286176934160416, 0.8438837929108782, 0.8276243159325979, 0.8275945518132437, 0.8246144193629126, 0.8396527406665811, 0.8242832935350981, 0.8250459990935471, 0.8103132673562021, 0.8266051364365972], [0.1308636533306186, 0.2290329705505762, 0.8369620642769686, 0.0, 0.8848008130081301, 0.8930838815789472, 0.9035714285714285, 0.8830838815789473, 0.9026315789473685, 0.8895151515151515, 0.8890526315789472, 0.88203125, 0.8885263157894737, 0.8932719298245615, 0.8178691588785046, 0.851948051948052], [0.13170622539270288, 0.21519826311899487, 0.8288690550337577, 0.8848008130081301, 0.0, 0.8786666666666667, 0.8938861788617884, 0.8903875338753388, 0.8886519041506205, 0.8768577235772359, 0.8827181571815718, 0.8798861788617887, 0.8899674796747966, 0.8804593495934959, 0.8118861788617885, 0.8457154471544716], [0.1269545624215277, 0.2234202944942382, 0.8479971115275081, 0.8930838815789472, 0.8786666666666667, 0.0, 0.8861128826530612, 0.9006944444444445, 0.88203125, 0.8804450757575758, 0.8841651119402986, 0.9108474576271186, 0.8796875, 0.8795729166666668, 0.8134345794392523, 0.843005275974026], [0.12268183514880042, 0.21973719590268886, 0.8286176934160416, 0.9035714285714285, 0.8938861788617884, 0.8861128826530612, 0.0, 0.8840720663265305, 0.9062835660580021, 0.8995151515151516, 0.8900408163265305, 0.8850924744897959, 0.908, 0.8978843537414966, 0.8183364485981308, 0.8606493506493507], [0.12114648161344688, 0.22038430075401907, 0.8438837929108782, 0.8830838815789473, 0.8903875338753388, 0.9006944444444445, 0.8840720663265305, 0.0, 0.88203125, 0.8808238636363637, 0.9074652777777779, 0.9013888888888889, 0.881076388888889, 0.8830729166666668, 0.8148364485981308, 0.8323559253246753], [0.12040910787607315, 0.21903297055057616, 0.8276243159325979, 0.9026315789473685, 0.8886519041506205, 0.88203125, 0.9062835660580021, 0.88203125, 0.0, 0.8902727272727272, 0.8885319148936169, 0.883626994680851, 0.8916954087346024, 0.8901914893617022, 0.8183364485981308, 0.8512987012987013], [0.11559092605789134, 0.22319367838734036, 0.8275945518132437, 0.8895151515151515, 0.8768577235772359, 0.8804450757575758, 0.8995151515151516, 0.8808238636363637, 0.8902727272727272, 0.0, 0.9118686868686868, 0.8940814393939395, 0.9015151515151516, 0.9047785547785547, 0.8224067599067599, 0.8502727272727274], [0.1153636533306186, 0.22389790373945306, 0.8246144193629126, 0.8890526315789472, 0.8827181571815718, 0.8841651119402986, 0.8900408163265305, 0.9074652777777779, 0.8885319148936169, 0.9118686868686868, 0.0, 0.8889743988391376, 0.9014925373134328, 0.9048846153846153, 0.8237838485502037, 0.839948051948052], [0.11513638060334588, 0.21342029449423813, 0.8396527406665811, 0.88203125, 0.8798861788617887, 0.9108474576271186, 0.8850924744897959, 0.9013888888888889, 0.883626994680851, 0.8940814393939395, 0.8889743988391376, 0.0, 0.8839247881355933, 0.8835729166666667, 0.8139018691588784, 0.8336546266233766], [0.11309092605789133, 0.22108100233100236, 0.8242832935350981, 0.8885263157894737, 0.8899674796747966, 0.8796875, 0.908, 0.881076388888889, 0.8916954087346024, 0.9015151515151516, 0.9014925373134328, 0.8839247881355933, 0.0, 0.902051282051282, 0.8205128205128205, 0.8379999999999999], [0.11263638060334587, 0.22319367838734036, 0.8250459990935471, 0.8932719298245615, 0.8804593495934959, 0.8795729166666668, 0.8978843537414966, 0.8830729166666668, 0.8901914893617022, 0.9047785547785547, 0.9048846153846153, 0.8835729166666667, 0.902051282051282, 0.0, 0.8219146896716989, 0.8447380952380954], [0.11513638060334588, 0.20444142125480153, 0.8103132673562021, 0.8178691588785046, 0.8118861788617885, 0.8134345794392523, 0.8183364485981308, 0.8148364485981308, 0.8183364485981308, 0.8224067599067599, 0.8237838485502037, 0.8139018691588784, 0.8205128205128205, 0.8219146896716989, 0.0, 0.8179480519480521], [0.11638313385009913, 0.16819155844155845, 0.8266051364365972, 0.851948051948052, 0.8457154471544716, 0.843005275974026, 0.8606493506493507, 0.8323559253246753, 0.8512987012987013, 0.8502727272727274, 0.839948051948052, 0.8336546266233766, 0.8379999999999999, 0.8447380952380954, 0.8179480519480521, 0.0]], "method": "field-level | link: text (links uninformative)", "folder": "Earth System Model Families", "meta": [{"label": "HadGEM3", "tags": ["atmosphere", "ocean", "land_surface", "sea_ice", "ocean_biogeochemistry", "atmospheric_chemistry"]}, {"label": "HadCM2", "tags": ["atmosphere", "ocean"]}, {"label": "UKESM1", "tags": ["atmosphere", "land_surface", "ocean", "ocean_biogeochemistry", "atmospheric_chemistry"]}, {"label": "MIROC", "tags": ["atmosphere", "land_surface", "ocean", "sea_ice"]}, {"label": "CESM", "tags": ["atmosphere", "land_surface", "ocean", "sea_ice", "ocean_biogeochemistry"]}, {"label": "MPI-ESM", "tags": ["atmosphere", "land_surface", "ocean", "ocean_biogeochemistry"]}, {"label": "CanESM", "tags": ["atmosphere", "land_surface", "ocean", "sea_ice"]}, {"label": "GFDL-CM4", "tags": ["atmosphere", "land_surface", "ocean", "ocean_biogeochemistry"]}, {"label": "EC-Earth", "tags": ["atmosphere", "land_surface", "ocean", "sea_ice"]}, {"label": "FGOALS", "tags": ["atmosphere", "land_surface", "ocean"]}, {"label": "GISS-E2", "tags": ["atmosphere", "land_surface", "ocean"]}, {"label": "IPSL-CM", "tags": ["atmosphere", "land_surface", "ocean", "ocean_biogeochemistry"]}, {"label": "BCC-CSM", "tags": ["atmosphere", "land_surface", "ocean"]}, {"label": "CNRM-CM", "tags": ["atmosphere", "land-surface", "ocean"]}, {"label": "ICON", "tags": ["atmosphere", "ocean"]}, {"label": "ACCESS", "tags": ["atmosphere", "land_surface", "ocean", "sea_ice"]}]};
const { ids, link, text, method, folder, meta } = D;

const n       = ids.length;
const FONT    = "'Source Code Pro', monospace";
const RED     = '#a40e4C';
const MUSTARD = '#f2b30d';
const NAVY    = '#0d1035';
const WHITE   = '#ffffff';

// ── Layout ────────────────────────────────────────────────────────────────
const cellSize = Math.min(60, Math.floor(Math.min(window.innerWidth * 0.72, 480) / n));
const gap      = Math.max(2, Math.round(cellSize * 0.055));
const inner    = cellSize - gap;
const radius   = Math.round(inner * 0.14);

// x-axis height: rotated labels, max 50 chars, monospace ~0.61 * fontSize px wide
const lblFs   = Math.max(8, Math.round(cellSize * 0.145));
const maxLLen = Math.max(...meta.map(m => Math.min(m.label.length, 50)));
// x-axis: rotated labels need XLBL_H vertical space (text length × char width)
const XLBL_H  = Math.ceil(maxLLen * lblFs * 0.62) + 12;
// y-axis: horizontal labels, left margin = longest label × char width
const YLBL_W  = Math.ceil(maxLLen * lblFs * 0.62) + 16;
const LEG_H   = 62;
const TITLE_H = 54;
const margin  = {
  top:    TITLE_H,
  right:  20,
  bottom: XLBL_H + LEG_H + 16,
  left:   YLBL_W,
};
const W = n * cellSize + margin.left + margin.right;
const H = n * cellSize + margin.top  + margin.bottom;

// ── Colour helpers ─────────────────────────────────────────────────────────
function hexToRgb(h) {
  return [parseInt(h.slice(1,3),16)/255, parseInt(h.slice(3,5),16)/255, parseInt(h.slice(5,7),16)/255];
}
function blend(hex, a) {
  const [r,g,b] = hexToRgb(hex);
  return `rgb(${Math.round((1-a+r*a)*255)},${Math.round((1-a+g*a)*255)},${Math.round((1-a+b*a)*255)})`;
}

// ── Filter ─────────────────────────────────────────────────────────────────
// Collect all unique tags across items
const allTags = [...new Set(meta.flatMap(m => m.tags || []))].sort();
let activeFilter = null;

function itemVisible(i) {
  if (!activeFilter) return true;
  return (meta[i].tags || []).includes(activeFilter);
}

function applyFilter() {
  // Cells
  g.selectAll('.cell').attr('opacity', d => {
    if (d.i === d.j) return itemVisible(d.i) ? 1 : 0.08;
    return (itemVisible(d.i) && itemVisible(d.j)) ? 1 : 0.06;
  });
  // Value labels
  g.selectAll('.val').attr('opacity', d =>
    (itemVisible(d.i) && itemVisible(d.j)) ? 1 : 0);
  // Diagonal labels
  g.selectAll('.diag').attr('opacity', (d, i) => itemVisible(i) ? 1 : 0.1);
  // Axis labels
  g.selectAll('.xlabel').attr('opacity', (d, i) => itemVisible(i) ? 1 : 0.1);
  g.selectAll('.ylabel').attr('opacity', (d, i) => itemVisible(i) ? 1 : 0.1);
}

// Build filter buttons (only if there are tags)
if (allTags.length > 0) {
  const bar = document.getElementById('filter-bar');
  const allBtn = document.createElement('button');
  allBtn.className = 'fbtn active';
  allBtn.textContent = 'All';
  allBtn.onclick = () => {
    activeFilter = null;
    document.querySelectorAll('.fbtn').forEach(b => b.classList.remove('active'));
    allBtn.classList.add('active');
    applyFilter();
  };
  bar.appendChild(allBtn);

  allTags.forEach(tag => {
    const btn = document.createElement('button');
    btn.className = 'fbtn';
    btn.textContent = tag.replace(/-/g,' ').replace(/_/g,' ');
    btn.dataset.tag = tag;
    btn.onclick = () => {
      activeFilter = tag;
      document.querySelectorAll('.fbtn').forEach(b => b.classList.remove('active'));
      btn.classList.add('active');
      applyFilter();
    };
    bar.appendChild(btn);
  });
}

// ── SVG ────────────────────────────────────────────────────────────────────
const svg = d3.select('#chart').append('svg').attr('width', W).attr('height', H);
const defs = svg.append('defs');
[['leg-red', RED], ['leg-mustard', MUSTARD]].forEach(([id, col]) => {
  const gr = defs.append('linearGradient').attr('id', id).attr('x1','0%').attr('x2','100%');
  gr.append('stop').attr('offset','0%').attr('stop-color', WHITE);
  gr.append('stop').attr('offset','100%').attr('stop-color', col);
});

// Title
svg.append('text').attr('x', W/2).attr('y', 24)
  .attr('text-anchor','middle').attr('font-family', FONT)
  .attr('font-size', 17).attr('font-weight', 700).attr('fill', NAVY)
  .text('Similarity Matrix — ' + folder);
svg.append('text').attr('x', W/2).attr('y', 41)
  .attr('text-anchor','middle').attr('font-family', FONT)
  .attr('font-size', 9).attr('fill','#999')
  .text(n + ' items  ·  spectrally ordered  ·  ' + method);

const g   = svg.append('g').attr('transform', `translate(${margin.left},${margin.top})`);
const tip = d3.select('#tip');

// ── Cells ──────────────────────────────────────────────────────────────────
const cellData = [];
for (let i=0;i<n;i++) for (let j=0;j<n;j++) cellData.push({i,j});

g.selectAll('.cell').data(cellData).join('rect')
  .attr('class','cell')
  .attr('x',      d => d.j*cellSize + gap/2)
  .attr('y',      d => d.i*cellSize + gap/2)
  .attr('width',  inner).attr('height', inner).attr('rx', radius)
  .attr('fill', d => {
    if (d.i===d.j) return NAVY;
    return d.i < d.j ? blend(RED, link[d.i][d.j]) : blend(MUSTARD, text[d.i][d.j]);
  })
  .style('cursor', d => d.i===d.j ? 'default' : 'pointer')
  .on('mouseover', function(event, d) {
    if (d.i===d.j) return;
    const li=Math.min(d.i,d.j), lj=Math.max(d.i,d.j);
    const lbl_i = meta[d.i].label, lbl_j = meta[d.j].label;
    tip.style('opacity',1).html(
      `<div class="tip-head">${lbl_i} ↔ ${lbl_j}</div>` +
      `<span class="tip-link">▲ Link</span>&nbsp; ${(link[li][lj]*100).toFixed(1)}%<br>` +
      `<span class="tip-text">▼ Content</span>&nbsp; ${(text[lj][li]*100).toFixed(1)}%`
    );
    d3.select(this).attr('stroke',NAVY).attr('stroke-width',2);
    g.selectAll('.cell').filter(e => e.i!==d.i && e.j!==d.j).attr('opacity', e =>
      (itemVisible(e.i) && itemVisible(e.j)) ? 0.35 : 0.04);
  })
  .on('mousemove', ev => tip.style('left',(ev.clientX+14)+'px').style('top',(ev.clientY-10)+'px'))
  .on('mouseout', function() {
    tip.style('opacity',0);
    d3.select(this).attr('stroke','none');
    applyFilter();
  });

// ── Value labels ───────────────────────────────────────────────────────────
g.selectAll('.val').data(cellData.filter(d=>d.i!==d.j)).join('text')
  .attr('class','val')
  .attr('x', d => d.j*cellSize + cellSize/2)
  .attr('y', d => d.i*cellSize + cellSize/2)
  .attr('dy','0.35em').attr('text-anchor','middle')
  .attr('font-family', FONT)
  .attr('font-size', Math.max(8, Math.round(cellSize*0.16)))
  .attr('font-weight',600).attr('pointer-events','none')
  .attr('fill', d => {
    const v = d.i<d.j ? link[d.i][d.j] : text[d.i][d.j];
    if (v<0.08) return 'none';
    const [r,gg,b] = hexToRgb(d.i<d.j ? RED : MUSTARD);
    return (0.299*(1-v+r*v) + 0.587*(1-v+gg*v) + 0.114*(1-v+b*v)) < 0.55 ? WHITE : NAVY;
  })
  .text(d => { const v=d.i<d.j?link[d.i][d.j]:text[d.i][d.j]; return v>=0.08?Math.round(v*100)+'%':''; });

// ── Diagonal labels (sized to fit within cell, truncated if needed) ─────────
// monospace char width ≈ 0.58 * fontSize → max chars at size fs = inner / (0.58 * fs)
const maxDiagFs = Math.max(9, Math.round(cellSize * 0.18));

function diagText(label) {
  // Find the largest font size that fits, down to min 6px
  for (var fs = maxDiagFs; fs >= 6; fs--) {
    var maxChars = Math.floor(inner / (0.58 * fs));
    if (label.length <= maxChars) return { fs: fs, text: label };
  }
  // Even at 6px it's too long — truncate to fit
  var maxChars = Math.floor(inner / (0.58 * 6));
  return { fs: 6, text: label.slice(0, Math.max(1, maxChars - 1)) + '…' };
}

g.selectAll('.diag').data(meta).join('text')
  .attr('class','diag')
  .attr('x', (d,i) => i*cellSize + cellSize/2)
  .attr('y', (d,i) => i*cellSize + cellSize/2)
  .attr('dy','0.35em').attr('text-anchor','middle')
  .attr('font-family', FONT)
  .attr('font-size', d => diagText(d.label).fs)
  .attr('font-weight',700).attr('fill',WHITE).attr('pointer-events','none')
  .text(d => diagText(d.label).text);

// ── Axis labels ────────────────────────────────────────────────────────────
// X-axis: rotated -90°, truncated to 50 chars, reads bottom→top
const pivotY = n * cellSize + 4;   // just below the matrix

g.selectAll('.xlabel').data(meta).join('text')
  .attr('class','xlabel')
  .attr('transform', (d, i) =>
    `translate(${i*cellSize + cellSize/2},${pivotY}) rotate(-90)`)
  .attr('text-anchor','end')
  .attr('dy','0.35em')
  .attr('font-family', FONT)
  .attr('font-size', lblFs)
  .attr('font-weight', 600)
  .attr('fill', NAVY)
  .text(d => d.label.length > 50 ? d.label.slice(0, 50) + '…' : d.label);

// Y-axis: horizontal labels, truncated to 50 chars
g.selectAll('.ylabel').data(meta).join('text')
  .attr('class','ylabel')
  .attr('x', -8)   // 8px gap from left edge of matrix
  .attr('y', (d, i) => i*cellSize + cellSize/2)
  .attr('text-anchor','end').attr('dominant-baseline','middle')
  .attr('font-family', FONT)
  .attr('font-size', lblFs)
  .attr('font-weight', 600)
  .attr('fill', NAVY)
  .text(d => d.label.length > 50 ? d.label.slice(0, 50) + '…' : d.label);

// ── Diagonal divider ───────────────────────────────────────────────────────
g.append('line')
  .attr('x1',0).attr('y1',0).attr('x2',n*cellSize).attr('y2',n*cellSize)
  .attr('stroke',NAVY).attr('stroke-width',1.5)
  .attr('stroke-dasharray','5,4').attr('opacity',0.22);

// ── Legend bars ────────────────────────────────────────────────────────────
const legY  = n*cellSize + XLBL_H + 16;
const barW  = Math.floor(n*cellSize * 0.43);
const barH  = 13;
const legFs = Math.max(9, Math.round(cellSize * 0.16));

g.append('text').attr('x',0).attr('y', legY-8)
  .attr('text-anchor','start').attr('font-family', FONT)
  .attr('font-size', legFs).attr('font-weight',700).attr('fill', RED)
  .text('▲  link similarity');
g.append('rect').attr('x',0).attr('y', legY)
  .attr('width', barW).attr('height', barH).attr('rx',3).attr('fill','url(#leg-red)');
g.append('text').attr('x',0).attr('y', legY+barH+9)
  .attr('text-anchor','start').attr('font-size', legFs-1).attr('fill','#bbb').attr('font-family', FONT).text('0%');
g.append('text').attr('x', barW).attr('y', legY+barH+9)
  .attr('text-anchor','end').attr('font-size', legFs-1).attr('fill','#bbb').attr('font-family', FONT).text('100%');

const mustX = n*cellSize - barW;
g.append('text').attr('x', mustX).attr('y', legY-8)
  .attr('text-anchor','start').attr('font-family', FONT)
  .attr('font-size', legFs).attr('font-weight',700).attr('fill','#c49000')
  .text('▼  content similarity');
g.append('rect').attr('x', mustX).attr('y', legY)
  .attr('width', barW).attr('height', barH).attr('rx',3).attr('fill','url(#leg-mustard)');
g.append('text').attr('x', mustX).attr('y', legY+barH+9)
  .attr('text-anchor','start').attr('font-size', legFs-1).attr('fill','#bbb').attr('font-family', FONT).text('0%');
g.append('text').attr('x', mustX+barW).attr('y', legY+barH+9)
  .attr('text-anchor','end').attr('font-size', legFs-1).attr('fill','#bbb').attr('font-family', FONT).text('100%');

g.append('text')
  .attr('x', n*cellSize/2).attr('y', legY+barH+30)
  .attr('text-anchor','middle').attr('font-size', 9)
  .attr('font-family', FONT).attr('fill','#ccc')
  .text('hover any cell for details · click filter buttons to highlight groups');
</script>
</body></html>