<!DOCTYPE html>
<html>
<head>
<meta charset="utf-8">
<link href="https://fonts.googleapis.com/css2?family=Source+Code+Pro:wght@400;600;700&display=swap" rel="stylesheet">
<script src="https://d3js.org/d3.v7.min.js"></script>
<style>
  * { box-sizing: border-box; margin: 0; padding: 0; }
  body {
    font-family: 'Source Code Pro', monospace; background: #ffffff;
    display: flex; flex-direction: column; align-items: center;
    padding: 24px 24px 40px;
  }
  #filter-bar {
    display: flex; flex-wrap: wrap; gap: 6px; justify-content: center;
    margin-bottom: 16px; min-height: 0;
  }
  .fbtn {
    padding: 4px 11px; border-radius: 20px; border: 1.5px solid #ccc;
    background: #fff; cursor: pointer; font-family: 'Source Code Pro', monospace;
    font-size: 11px; color: #555; transition: all .15s;
  }
  .fbtn:hover  { border-color: #0d1035; color: #0d1035; }
  .fbtn.active { background: #0d1035; border-color: #0d1035; color: #fff; font-weight: 600; }
  #chart { position: relative; }
  .tip {
    position: fixed; background: #0d1035; color: #fff;
    padding: 10px 14px; border-radius: 8px; font-size: 12px;
    font-family: 'Source Code Pro', monospace; pointer-events: none;
    opacity: 0; transition: opacity .12s; line-height: 1.9;
    box-shadow: 0 6px 24px rgba(0,0,0,.25); max-width: 280px;
  }
  .tip .tip-link { color: #e8607e; font-weight: 600; }
  .tip .tip-text { color: #f5c842; font-weight: 600; }
  .tip .tip-head { font-weight: 700; font-size: 13px;
                   border-bottom: 1px solid rgba(255,255,255,.2);
                   padding-bottom: 5px; margin-bottom: 5px; }
</style>
</head>
<body>
<div id="filter-bar"></div>
<div id="chart"></div>
<div class="tip" id="tip"></div>
<script>
const D = {"ids": ["hadcm2", "hadgem3", "access", "ukesm1", "cesm", "ec-earth", "cnrm-cm", "canesm", "gfdl-cm4", "miroc", "bcc-csm", "ipsl-cm", "fgoals", "mpi-esm", "giss-e2", "icon"], "link": [[0.0, 0.6888604641408775, 0.5422452912918342, 0.5226437654169968, 0.5288807746959097, 0.51461056797422, 0.5304857381467103, 0.5173067919296204, 0.5135365429414759, 0.49185492635749184, 0.4645551787633378, 0.4872930327684509, 0.46683990012649124, 0.43863728229284155, 0.38104467383666457, 0.438785449355563], [0.6888604641408775, 0.0, 0.5802638965123729, 0.7547679500532688, 0.6798045764333306, 0.5677534895678228, 0.5923886881639175, 0.5857064685309756, 0.6116058707098828, 0.5266375425186873, 0.5516060223619638, 0.46550751185434397, 0.5022235752974075, 0.5510299751400854, 0.5206152790244545, 0.5107304315146834], [0.5422452912918342, 0.5802638965123729, 0.0, 0.6172695297069799, 0.7450586711515148, 0.6524557217007637, 0.6336807667895592, 0.6997204792653811, 0.6325044103720285, 0.6174327707914226, 0.6426711738454144, 0.5886765160370138, 0.6248879822190619, 0.624887729158151, 0.6062538478748875, 0.4858179317183602], [0.5226437654169968, 0.7547679500532688, 0.6172695297069799, 0.0, 0.7334419076456165, 0.6578913521051354, 0.6277766347776765, 0.6501420184031491, 0.6691233261079576, 0.5665777568978174, 0.5883808501583646, 0.5393187685828346, 0.6184458548958259, 0.6772172772321287, 0.6843694493039211, 0.5000393123679988], [0.5288807746959097, 0.6798045764333306, 0.7450586711515148, 0.7334419076456165, 0.0, 0.7162827382056604, 0.7454747965513233, 0.7655330136502347, 0.7215232985105428, 0.7470659414803378, 0.6739347543113618, 0.6273818277597174, 0.6443409450164742, 0.6742066698791711, 0.6915224751852072, 0.5287043066204699], [0.51461056797422, 0.5677534895678228, 0.6524557217007637, 0.6578913521051354, 0.7162827382056604, 0.0, 0.6105000773486557, 0.6815444750030533, 0.6455524239152758, 0.5920660063955256, 0.5714693531832565, 0.5642440069405179, 0.6829532190031993, 0.6538771449335224, 0.6670602294362613, 0.4896872498353978], [0.5304857381467103, 0.5923886881639175, 0.6336807667895592, 0.6277766347776765, 0.7454747965513233, 0.6105000773486557, 0.0, 0.7182953486465539, 0.8184209609614272, 0.6738695453277461, 0.712050185425674, 0.7784303414741477, 0.6137310667232982, 0.6595324886748831, 0.7030948786750273, 0.5506757742234072], [0.5173067919296204, 0.5857064685309756, 0.6997204792653811, 0.6501420184031491, 0.7655330136502347, 0.6815444750030533, 0.7182953486465539, 0.0, 0.6987680599810419, 0.679728254689637, 0.7441524771057169, 0.6186172149466003, 0.6835043164121444, 0.68430519435196, 0.7165681369039442, 0.49647467464039996], [0.5135365429414759, 0.6116058707098828, 0.6325044103720285, 0.6691233261079576, 0.7215232985105428, 0.6455524239152758, 0.8184209609614272, 0.6987680599810419, 0.0, 0.6748172836002938, 0.7041965133740188, 0.792450453340121, 0.6515220356999781, 0.7197800957270926, 0.7418228809829803, 0.5337507700985641], [0.49185492635749184, 0.5266375425186873, 0.6174327707914226, 0.5665777568978174, 0.7470659414803378, 0.5920660063955256, 0.6738695453277461, 0.679728254689637, 0.6748172836002938, 0.0, 0.6584756895378485, 0.6740815955538543, 0.5885176459157333, 0.6535169051455983, 0.6497701181013912, 0.5580198823965702], [0.4645551787633378, 0.5516060223619638, 0.6426711738454144, 0.5883808501583646, 0.6739347543113618, 0.5714693531832565, 0.712050185425674, 0.7441524771057169, 0.7041965133740188, 0.6584756895378485, 0.0, 0.6526202299782615, 0.6769866245094478, 0.6661672146357115, 0.6861981190733645, 0.4824180376056421], [0.4872930327684509, 0.46550751185434397, 0.5886765160370138, 0.5393187685828346, 0.6273818277597174, 0.5642440069405179, 0.7784303414741477, 0.6186172149466003, 0.792450453340121, 0.6740815955538543, 0.6526202299782615, 0.0, 0.6273906973532111, 0.6937791611616172, 0.6703236291664237, 0.5176148617658257], [0.46683990012649124, 0.5022235752974075, 0.6248879822190619, 0.6184458548958259, 0.6443409450164742, 0.6829532190031993, 0.6137310667232982, 0.6835043164121444, 0.6515220356999781, 0.5885176459157333, 0.6769866245094478, 0.6273906973532111, 0.0, 0.6943170586732125, 0.7463798083452357, 0.5743828243337901], [0.43863728229284155, 0.5510299751400854, 0.624887729158151, 0.6772172772321287, 0.6742066698791711, 0.6538771449335224, 0.6595324886748831, 0.68430519435196, 0.7197800957270926, 0.6535169051455983, 0.6661672146357115, 0.6937791611616172, 0.6943170586732125, 0.0, 0.7915138266065838, 0.6588343349797354], [0.38104467383666457, 0.5206152790244545, 0.6062538478748875, 0.6843694493039211, 0.6915224751852072, 0.6670602294362613, 0.7030948786750273, 0.7165681369039442, 0.7418228809829803, 0.6497701181013912, 0.6861981190733645, 0.6703236291664237, 0.7463798083452357, 0.7915138266065838, 0.0, 0.5575580824019676], [0.438785449355563, 0.5107304315146834, 0.4858179317183602, 0.5000393123679988, 0.5287043066204699, 0.4896872498353978, 0.5506757742234072, 0.49647467464039996, 0.5337507700985641, 0.5580198823965702, 0.4824180376056421, 0.5176148617658257, 0.5743828243337901, 0.6588343349797354, 0.5575580824019676, 0.0]], "text": [[0.0, 0.6888604641408775, 0.5422452912918342, 0.5226437654169968, 0.5288807746959097, 0.51461056797422, 0.5304857381467103, 0.5173067919296204, 0.5135365429414759, 0.49185492635749184, 0.4645551787633378, 0.4872930327684509, 0.46683990012649124, 0.43863728229284155, 0.38104467383666457, 0.438785449355563], [0.6888604641408775, 0.0, 0.5802638965123729, 0.7547679500532688, 0.6798045764333306, 0.5677534895678228, 0.5923886881639175, 0.5857064685309756, 0.6116058707098828, 0.5266375425186873, 0.5516060223619638, 0.46550751185434397, 0.5022235752974075, 0.5510299751400854, 0.5206152790244545, 0.5107304315146834], [0.5422452912918342, 0.5802638965123729, 0.0, 0.6172695297069799, 0.7450586711515148, 0.6524557217007637, 0.6336807667895592, 0.6997204792653811, 0.6325044103720285, 0.6174327707914226, 0.6426711738454144, 0.5886765160370138, 0.6248879822190619, 0.624887729158151, 0.6062538478748875, 0.4858179317183602], [0.5226437654169968, 0.7547679500532688, 0.6172695297069799, 0.0, 0.7334419076456165, 0.6578913521051354, 0.6277766347776765, 0.6501420184031491, 0.6691233261079576, 0.5665777568978174, 0.5883808501583646, 0.5393187685828346, 0.6184458548958259, 0.6772172772321287, 0.6843694493039211, 0.5000393123679988], [0.5288807746959097, 0.6798045764333306, 0.7450586711515148, 0.7334419076456165, 0.0, 0.7162827382056604, 0.7454747965513233, 0.7655330136502347, 0.7215232985105428, 0.7470659414803378, 0.6739347543113618, 0.6273818277597174, 0.6443409450164742, 0.6742066698791711, 0.6915224751852072, 0.5287043066204699], [0.51461056797422, 0.5677534895678228, 0.6524557217007637, 0.6578913521051354, 0.7162827382056604, 0.0, 0.6105000773486557, 0.6815444750030533, 0.6455524239152758, 0.5920660063955256, 0.5714693531832565, 0.5642440069405179, 0.6829532190031993, 0.6538771449335224, 0.6670602294362613, 0.4896872498353978], [0.5304857381467103, 0.5923886881639175, 0.6336807667895592, 0.6277766347776765, 0.7454747965513233, 0.6105000773486557, 0.0, 0.7182953486465539, 0.8184209609614272, 0.6738695453277461, 0.712050185425674, 0.7784303414741477, 0.6137310667232982, 0.6595324886748831, 0.7030948786750273, 0.5506757742234072], [0.5173067919296204, 0.5857064685309756, 0.6997204792653811, 0.6501420184031491, 0.7655330136502347, 0.6815444750030533, 0.7182953486465539, 0.0, 0.6987680599810419, 0.679728254689637, 0.7441524771057169, 0.6186172149466003, 0.6835043164121444, 0.68430519435196, 0.7165681369039442, 0.49647467464039996], [0.5135365429414759, 0.6116058707098828, 0.6325044103720285, 0.6691233261079576, 0.7215232985105428, 0.6455524239152758, 0.8184209609614272, 0.6987680599810419, 0.0, 0.6748172836002938, 0.7041965133740188, 0.792450453340121, 0.6515220356999781, 0.7197800957270926, 0.7418228809829803, 0.5337507700985641], [0.49185492635749184, 0.5266375425186873, 0.6174327707914226, 0.5665777568978174, 0.7470659414803378, 0.5920660063955256, 0.6738695453277461, 0.679728254689637, 0.6748172836002938, 0.0, 0.6584756895378485, 0.6740815955538543, 0.5885176459157333, 0.6535169051455983, 0.6497701181013912, 0.5580198823965702], [0.4645551787633378, 0.5516060223619638, 0.6426711738454144, 0.5883808501583646, 0.6739347543113618, 0.5714693531832565, 0.712050185425674, 0.7441524771057169, 0.7041965133740188, 0.6584756895378485, 0.0, 0.6526202299782615, 0.6769866245094478, 0.6661672146357115, 0.6861981190733645, 0.4824180376056421], [0.4872930327684509, 0.46550751185434397, 0.5886765160370138, 0.5393187685828346, 0.6273818277597174, 0.5642440069405179, 0.7784303414741477, 0.6186172149466003, 0.792450453340121, 0.6740815955538543, 0.6526202299782615, 0.0, 0.6273906973532111, 0.6937791611616172, 0.6703236291664237, 0.5176148617658257], [0.46683990012649124, 0.5022235752974075, 0.6248879822190619, 0.6184458548958259, 0.6443409450164742, 0.6829532190031993, 0.6137310667232982, 0.6835043164121444, 0.6515220356999781, 0.5885176459157333, 0.6769866245094478, 0.6273906973532111, 0.0, 0.6943170586732125, 0.7463798083452357, 0.5743828243337901], [0.43863728229284155, 0.5510299751400854, 0.624887729158151, 0.6772172772321287, 0.6742066698791711, 0.6538771449335224, 0.6595324886748831, 0.68430519435196, 0.7197800957270926, 0.6535169051455983, 0.6661672146357115, 0.6937791611616172, 0.6943170586732125, 0.0, 0.7915138266065838, 0.6588343349797354], [0.38104467383666457, 0.5206152790244545, 0.6062538478748875, 0.6843694493039211, 0.6915224751852072, 0.6670602294362613, 0.7030948786750273, 0.7165681369039442, 0.7418228809829803, 0.6497701181013912, 0.6861981190733645, 0.6703236291664237, 0.7463798083452357, 0.7915138266065838, 0.0, 0.5575580824019676], [0.438785449355563, 0.5107304315146834, 0.4858179317183602, 0.5000393123679988, 0.5287043066204699, 0.4896872498353978, 0.5506757742234072, 0.49647467464039996, 0.5337507700985641, 0.5580198823965702, 0.4824180376056421, 0.5176148617658257, 0.5743828243337901, 0.6588343349797354, 0.5575580824019676, 0.0]], "method": "embedding (all-MiniLM-L6-v2) | link: text (links uninformative)", "folder": "Earth System Model Families", "meta": [{"label": "HadCM2", "tags": ["atmosphere", "ocean"]}, {"label": "HadGEM3", "tags": ["atmosphere", "ocean", "land_surface", "sea_ice", "ocean_biogeochemistry", "atmospheric_chemistry"]}, {"label": "ACCESS", "tags": ["atmosphere", "land_surface", "ocean", "sea_ice"]}, {"label": "UKESM1", "tags": ["atmosphere", "land_surface", "ocean", "ocean_biogeochemistry", "atmospheric_chemistry"]}, {"label": "CESM", "tags": ["atmosphere", "land_surface", "ocean", "sea_ice", "ocean_biogeochemistry"]}, {"label": "EC-Earth", "tags": ["atmosphere", "land_surface", "ocean", "sea_ice"]}, {"label": "CNRM-CM", "tags": ["atmosphere", "land-surface", "ocean"]}, {"label": "CanESM", "tags": ["atmosphere", "land_surface", "ocean", "sea_ice"]}, {"label": "GFDL-CM4", "tags": ["atmosphere", "land_surface", "ocean", "ocean_biogeochemistry"]}, {"label": "MIROC", "tags": ["atmosphere", "land_surface", "ocean", "sea_ice"]}, {"label": "BCC-CSM", "tags": ["atmosphere", "land_surface", "ocean"]}, {"label": "IPSL-CM", "tags": ["atmosphere", "land_surface", "ocean", "ocean_biogeochemistry"]}, {"label": "FGOALS", "tags": ["atmosphere", "land_surface", "ocean"]}, {"label": "MPI-ESM", "tags": ["atmosphere", "land_surface", "ocean", "ocean_biogeochemistry"]}, {"label": "GISS-E2", "tags": ["atmosphere", "land_surface", "ocean"]}, {"label": "ICON", "tags": ["atmosphere", "ocean"]}]};
const { ids, link, text, method, folder, meta } = D;

const n       = ids.length;
const FONT    = "'Source Code Pro', monospace";
const RED     = '#a40e4C';
const MUSTARD = '#f2b30d';
const NAVY    = '#0d1035';
const WHITE   = '#ffffff';

// ── Layout ────────────────────────────────────────────────────────────────
const cellSize = Math.min(60, Math.floor(Math.min(window.innerWidth * 0.72, 480) / n));
const gap      = Math.max(2, Math.round(cellSize * 0.055));
const inner    = cellSize - gap;
const radius   = Math.round(inner * 0.14);

// x-axis height: rotated labels, max 50 chars, monospace ~0.61 * fontSize px wide
const lblFs   = Math.max(8, Math.round(cellSize * 0.145));
const maxLLen = Math.max(...meta.map(m => Math.min(m.label.length, 50)));
// x-axis: rotated labels need XLBL_H vertical space (text length × char width)
const XLBL_H  = Math.ceil(maxLLen * lblFs * 0.62) + 12;
// y-axis: horizontal labels, left margin = longest label × char width
const YLBL_W  = Math.ceil(maxLLen * lblFs * 0.62) + 16;
const LEG_H   = 62;
const TITLE_H = 54;
const margin  = {
  top:    TITLE_H,
  right:  20,
  bottom: XLBL_H + LEG_H + 16,
  left:   YLBL_W,
};
const W = n * cellSize + margin.left + margin.right;
const H = n * cellSize + margin.top  + margin.bottom;

// ── Colour helpers ─────────────────────────────────────────────────────────
function hexToRgb(h) {
  return [parseInt(h.slice(1,3),16)/255, parseInt(h.slice(3,5),16)/255, parseInt(h.slice(5,7),16)/255];
}
function blend(hex, a) {
  const [r,g,b] = hexToRgb(hex);
  return `rgb(${Math.round((1-a+r*a)*255)},${Math.round((1-a+g*a)*255)},${Math.round((1-a+b*a)*255)})`;
}

// ── Filter ─────────────────────────────────────────────────────────────────
// Collect all unique tags across items
const allTags = [...new Set(meta.flatMap(m => m.tags || []))].sort();
let activeFilter = null;

function itemVisible(i) {
  if (!activeFilter) return true;
  return (meta[i].tags || []).includes(activeFilter);
}

function applyFilter() {
  // Cells
  g.selectAll('.cell').attr('opacity', d => {
    if (d.i === d.j) return itemVisible(d.i) ? 1 : 0.08;
    return (itemVisible(d.i) && itemVisible(d.j)) ? 1 : 0.06;
  });
  // Value labels
  g.selectAll('.val').attr('opacity', d =>
    (itemVisible(d.i) && itemVisible(d.j)) ? 1 : 0);
  // Diagonal labels
  g.selectAll('.diag').attr('opacity', (d, i) => itemVisible(i) ? 1 : 0.1);
  // Axis labels
  g.selectAll('.xlabel').attr('opacity', (d, i) => itemVisible(i) ? 1 : 0.1);
  g.selectAll('.ylabel').attr('opacity', (d, i) => itemVisible(i) ? 1 : 0.1);
}

// Build filter buttons (only if there are tags)
if (allTags.length > 0) {
  const bar = document.getElementById('filter-bar');
  const allBtn = document.createElement('button');
  allBtn.className = 'fbtn active';
  allBtn.textContent = 'All';
  allBtn.onclick = () => {
    activeFilter = null;
    document.querySelectorAll('.fbtn').forEach(b => b.classList.remove('active'));
    allBtn.classList.add('active');
    applyFilter();
  };
  bar.appendChild(allBtn);

  allTags.forEach(tag => {
    const btn = document.createElement('button');
    btn.className = 'fbtn';
    btn.textContent = tag.replace(/-/g,' ').replace(/_/g,' ');
    btn.dataset.tag = tag;
    btn.onclick = () => {
      activeFilter = tag;
      document.querySelectorAll('.fbtn').forEach(b => b.classList.remove('active'));
      btn.classList.add('active');
      applyFilter();
    };
    bar.appendChild(btn);
  });
}

// ── SVG ────────────────────────────────────────────────────────────────────
const svg = d3.select('#chart').append('svg').attr('width', W).attr('height', H);
const defs = svg.append('defs');
[['leg-red', RED], ['leg-mustard', MUSTARD]].forEach(([id, col]) => {
  const gr = defs.append('linearGradient').attr('id', id).attr('x1','0%').attr('x2','100%');
  gr.append('stop').attr('offset','0%').attr('stop-color', WHITE);
  gr.append('stop').attr('offset','100%').attr('stop-color', col);
});

// Title
svg.append('text').attr('x', W/2).attr('y', 24)
  .attr('text-anchor','middle').attr('font-family', FONT)
  .attr('font-size', 17).attr('font-weight', 700).attr('fill', NAVY)
  .text('Similarity Matrix — ' + folder);
svg.append('text').attr('x', W/2).attr('y', 41)
  .attr('text-anchor','middle').attr('font-family', FONT)
  .attr('font-size', 9).attr('fill','#999')
  .text(n + ' items  ·  spectrally ordered  ·  ' + method);

const g   = svg.append('g').attr('transform', `translate(${margin.left},${margin.top})`);
const tip = d3.select('#tip');

// ── Cells ──────────────────────────────────────────────────────────────────
const cellData = [];
for (let i=0;i<n;i++) for (let j=0;j<n;j++) cellData.push({i,j});

g.selectAll('.cell').data(cellData).join('rect')
  .attr('class','cell')
  .attr('x',      d => d.j*cellSize + gap/2)
  .attr('y',      d => d.i*cellSize + gap/2)
  .attr('width',  inner).attr('height', inner).attr('rx', radius)
  .attr('fill', d => {
    if (d.i===d.j) return NAVY;
    return d.i < d.j ? blend(RED, link[d.i][d.j]) : blend(MUSTARD, text[d.i][d.j]);
  })
  .style('cursor', d => d.i===d.j ? 'default' : 'pointer')
  .on('mouseover', function(event, d) {
    if (d.i===d.j) return;
    const li=Math.min(d.i,d.j), lj=Math.max(d.i,d.j);
    const lbl_i = meta[d.i].label, lbl_j = meta[d.j].label;
    tip.style('opacity',1).html(
      `<div class="tip-head">${lbl_i} ↔ ${lbl_j}</div>` +
      `<span class="tip-link">▲ Link</span>&nbsp; ${(link[li][lj]*100).toFixed(1)}%<br>` +
      `<span class="tip-text">▼ Content</span>&nbsp; ${(text[lj][li]*100).toFixed(1)}%`
    );
    d3.select(this).attr('stroke',NAVY).attr('stroke-width',2);
    g.selectAll('.cell').filter(e => e.i!==d.i && e.j!==d.j).attr('opacity', e =>
      (itemVisible(e.i) && itemVisible(e.j)) ? 0.35 : 0.04);
  })
  .on('mousemove', ev => tip.style('left',(ev.clientX+14)+'px').style('top',(ev.clientY-10)+'px'))
  .on('mouseout', function() {
    tip.style('opacity',0);
    d3.select(this).attr('stroke','none');
    applyFilter();
  });

// ── Value labels ───────────────────────────────────────────────────────────
g.selectAll('.val').data(cellData.filter(d=>d.i!==d.j)).join('text')
  .attr('class','val')
  .attr('x', d => d.j*cellSize + cellSize/2)
  .attr('y', d => d.i*cellSize + cellSize/2)
  .attr('dy','0.35em').attr('text-anchor','middle')
  .attr('font-family', FONT)
  .attr('font-size', Math.max(8, Math.round(cellSize*0.16)))
  .attr('font-weight',600).attr('pointer-events','none')
  .attr('fill', d => {
    const v = d.i<d.j ? link[d.i][d.j] : text[d.i][d.j];
    if (v<0.08) return 'none';
    const [r,gg,b] = hexToRgb(d.i<d.j ? RED : MUSTARD);
    return (0.299*(1-v+r*v) + 0.587*(1-v+gg*v) + 0.114*(1-v+b*v)) < 0.55 ? WHITE : NAVY;
  })
  .text(d => { const v=d.i<d.j?link[d.i][d.j]:text[d.i][d.j]; return v>=0.08?Math.round(v*100)+'%':''; });

// ── Diagonal labels (sized to fit within cell, truncated if needed) ─────────
// monospace char width ≈ 0.58 * fontSize → max chars at size fs = inner / (0.58 * fs)
const maxDiagFs = Math.max(9, Math.round(cellSize * 0.18));

function diagText(label) {
  // Find the largest font size that fits, down to min 6px
  for (var fs = maxDiagFs; fs >= 6; fs--) {
    var maxChars = Math.floor(inner / (0.58 * fs));
    if (label.length <= maxChars) return { fs: fs, text: label };
  }
  // Even at 6px it's too long — truncate to fit
  var maxChars = Math.floor(inner / (0.58 * 6));
  return { fs: 6, text: label.slice(0, Math.max(1, maxChars - 1)) + '…' };
}

g.selectAll('.diag').data(meta).join('text')
  .attr('class','diag')
  .attr('x', (d,i) => i*cellSize + cellSize/2)
  .attr('y', (d,i) => i*cellSize + cellSize/2)
  .attr('dy','0.35em').attr('text-anchor','middle')
  .attr('font-family', FONT)
  .attr('font-size', d => diagText(d.label).fs)
  .attr('font-weight',700).attr('fill',WHITE).attr('pointer-events','none')
  .text(d => diagText(d.label).text);

// ── Axis labels ────────────────────────────────────────────────────────────
// X-axis: rotated -90°, truncated to 50 chars, reads bottom→top
const pivotY = n * cellSize + 4;   // just below the matrix

g.selectAll('.xlabel').data(meta).join('text')
  .attr('class','xlabel')
  .attr('transform', (d, i) =>
    `translate(${i*cellSize + cellSize/2},${pivotY}) rotate(-90)`)
  .attr('text-anchor','end')
  .attr('dy','0.35em')
  .attr('font-family', FONT)
  .attr('font-size', lblFs)
  .attr('font-weight', 600)
  .attr('fill', NAVY)
  .text(d => d.label.length > 50 ? d.label.slice(0, 50) + '…' : d.label);

// Y-axis: horizontal labels, truncated to 50 chars
g.selectAll('.ylabel').data(meta).join('text')
  .attr('class','ylabel')
  .attr('x', -8)   // 8px gap from left edge of matrix
  .attr('y', (d, i) => i*cellSize + cellSize/2)
  .attr('text-anchor','end').attr('dominant-baseline','middle')
  .attr('font-family', FONT)
  .attr('font-size', lblFs)
  .attr('font-weight', 600)
  .attr('fill', NAVY)
  .text(d => d.label.length > 50 ? d.label.slice(0, 50) + '…' : d.label);

// ── Diagonal divider ───────────────────────────────────────────────────────
g.append('line')
  .attr('x1',0).attr('y1',0).attr('x2',n*cellSize).attr('y2',n*cellSize)
  .attr('stroke',NAVY).attr('stroke-width',1.5)
  .attr('stroke-dasharray','5,4').attr('opacity',0.22);

// ── Legend bars ────────────────────────────────────────────────────────────
const legY  = n*cellSize + XLBL_H + 16;
const barW  = Math.floor(n*cellSize * 0.43);
const barH  = 13;
const legFs = Math.max(9, Math.round(cellSize * 0.16));

g.append('text').attr('x',0).attr('y', legY-8)
  .attr('text-anchor','start').attr('font-family', FONT)
  .attr('font-size', legFs).attr('font-weight',700).attr('fill', RED)
  .text('▲  link similarity');
g.append('rect').attr('x',0).attr('y', legY)
  .attr('width', barW).attr('height', barH).attr('rx',3).attr('fill','url(#leg-red)');
g.append('text').attr('x',0).attr('y', legY+barH+9)
  .attr('text-anchor','start').attr('font-size', legFs-1).attr('fill','#bbb').attr('font-family', FONT).text('0%');
g.append('text').attr('x', barW).attr('y', legY+barH+9)
  .attr('text-anchor','end').attr('font-size', legFs-1).attr('fill','#bbb').attr('font-family', FONT).text('100%');

const mustX = n*cellSize - barW;
g.append('text').attr('x', mustX).attr('y', legY-8)
  .attr('text-anchor','start').attr('font-family', FONT)
  .attr('font-size', legFs).attr('font-weight',700).attr('fill','#c49000')
  .text('▼  content similarity');
g.append('rect').attr('x', mustX).attr('y', legY)
  .attr('width', barW).attr('height', barH).attr('rx',3).attr('fill','url(#leg-mustard)');
g.append('text').attr('x', mustX).attr('y', legY+barH+9)
  .attr('text-anchor','start').attr('font-size', legFs-1).attr('fill','#bbb').attr('font-family', FONT).text('0%');
g.append('text').attr('x', mustX+barW).attr('y', legY+barH+9)
  .attr('text-anchor','end').attr('font-size', legFs-1).attr('fill','#bbb').attr('font-family', FONT).text('100%');

g.append('text')
  .attr('x', n*cellSize/2).attr('y', legY+barH+30)
  .attr('text-anchor','middle').attr('font-size', 9)
  .attr('font-family', FONT).attr('fill','#ccc')
  .text('hover any cell for details · click filter buttons to highlight groups');
</script>
</body></html>