{
  "stem": "Component_Families",
  "singular": "Component Family",
  "endpoint": "model_family",
  "count": 14,
  "method": "field-level | link: text (links uninformative) | order: UPGMA leaf traversal",
  "entries": [
    {
      "id": "surfex",
      "label": "surfex",
      "spectral_rank": 0
    },
    {
      "id": "reprobus",
      "label": "reprobus",
      "spectral_rank": 1
    },
    {
      "id": "gelato",
      "label": "gelato",
      "spectral_rank": 2
    },
    {
      "id": "tactic",
      "label": "tactic",
      "spectral_rank": 3
    },
    {
      "id": "arpege-climat",
      "label": "arpege-climat",
      "spectral_rank": 4
    },
    {
      "id": "hadam",
      "label": "hadam",
      "spectral_rank": 5
    },
    {
      "id": "NICAM",
      "label": "NICAM",
      "spectral_rank": 6
    },
    {
      "id": "GEOS",
      "label": "GEOS",
      "spectral_rank": 7
    },
    {
      "id": "IFS",
      "label": "IFS",
      "spectral_rank": 8
    },
    {
      "id": "CAM",
      "label": "CAM",
      "spectral_rank": 9
    },
    {
      "id": "nemo",
      "label": "nemo",
      "spectral_rank": 10
    },
    {
      "id": "pisces",
      "label": "pisces",
      "spectral_rank": 11
    },
    {
      "id": "CLM",
      "label": "CLM",
      "spectral_rank": 12
    },
    {
      "id": "BISICLES",
      "label": "BISICLES",
      "spectral_rank": 13
    }
  ],
  "link_matrix": [
    [
      0.0,
      0.9030952380952382,
      0.9021428571428572,
      0.9028571428571428,
      0.9228571428571428,
      0.8635714285714287,
      0.8528037383177569,
      0.8512820512820513,
      0.8525641025641025,
      0.8509090909090908,
      0.8066964285714284,
      0.8536842105263158,
      0.1546101485148515,
      0.1269663552734011
    ],
    [
      0.9030952380952382,
      0.0,
      0.9024193548387096,
      0.9071428571428571,
      0.9221428571428572,
      0.8721428571428571,
      0.8723631508678238,
      0.8746336996336996,
      0.8720695970695971,
      0.8727922077922077,
      0.8079637096774194,
      0.8751127819548874,
      0.10847624941065534,
      0.10900902382597064
    ],
    [
      0.9021428571428572,
      0.9024193548387096,
      0.0,
      0.909685230024213,
      0.9014285714285715,
      0.8528571428571429,
      0.8509345794392523,
      0.8512820512820513,
      0.8525641025641025,
      0.8513636363636363,
      0.8056673728813559,
      0.8515789473684212,
      0.11104579207920792,
      0.10563797243511726
    ],
    [
      0.9028571428571428,
      0.9071428571428571,
      0.909685230024213,
      0.0,
      0.917142857142857,
      0.8678571428571429,
      0.8668691588785048,
      0.865,
      0.8675641025641025,
      0.8668181818181818,
      0.8057565789473685,
      0.8510526315789473,
      0.10411509900990099,
      0.10712312094996874
    ],
    [
      0.9228571428571428,
      0.9221428571428572,
      0.9014285714285715,
      0.917142857142857,
      0.0,
      0.9292857142857143,
      0.9037383177570094,
      0.901923076923077,
      0.901923076923077,
      0.9009090909090908,
      0.8045535714285714,
      0.8521052631578947,
      0.10411509900990099,
      0.11162807144501827
    ],
    [
      0.8635714285714287,
      0.8721428571428571,
      0.8528571428571429,
      0.8678571428571429,
      0.9292857142857143,
      0.0,
      0.9042056074766356,
      0.9025641025641026,
      0.9032051282051281,
      0.9009090909090908,
      0.8059821428571429,
      0.8531578947368421,
      0.10362004950495049,
      0.11162807144501827
    ],
    [
      0.8528037383177569,
      0.8723631508678238,
      0.8509345794392523,
      0.8668691588785048,
      0.9037383177570094,
      0.9042056074766356,
      0.0,
      0.9083592938733126,
      0.909012016021362,
      0.9022727272727273,
      0.8040595794392523,
      0.8523364485981307,
      0.105928738317757,
      0.11289114167727514
    ],
    [
      0.8512820512820513,
      0.8746336996336996,
      0.8512820512820513,
      0.865,
      0.901923076923077,
      0.9025641025641026,
      0.9083592938733126,
      0.0,
      0.9096153846153847,
      0.9082828282828282,
      0.8118856837606838,
      0.8576608187134503,
      0.11016570407040704,
      0.11113302194006777
    ],
    [
      0.8525641025641025,
      0.8720695970695971,
      0.8525641025641025,
      0.8675641025641025,
      0.901923076923077,
      0.9032051282051281,
      0.909012016021362,
      0.9096153846153847,
      0.0,
      0.9113636363636364,
      0.803125,
      0.8526315789473685,
      0.11461014851485149,
      0.11162807144501827
    ],
    [
      0.8509090909090908,
      0.8727922077922077,
      0.8513636363636363,
      0.8668181818181818,
      0.9009090909090908,
      0.9009090909090908,
      0.9022727272727273,
      0.9082828282828282,
      0.9113636363636364,
      0.0,
      0.8072159090909091,
      0.8518181818181818,
      0.1590340909090909,
      0.11142555119299305
    ],
    [
      0.8066964285714284,
      0.8079637096774194,
      0.8056673728813559,
      0.8057565789473685,
      0.8045535714285714,
      0.8059821428571429,
      0.8040595794392523,
      0.8118856837606838,
      0.803125,
      0.8072159090909091,
      0.0,
      0.8666087092731829,
      0.125990099009901,
      0.11982644485378771
    ],
    [
      0.8536842105263158,
      0.8751127819548874,
      0.8515789473684212,
      0.8510526315789473,
      0.8521052631578947,
      0.8531578947368421,
      0.8523364485981307,
      0.8576608187134503,
      0.8526315789473685,
      0.8518181818181818,
      0.8666087092731829,
      0.0,
      0.10411509900990099,
      0.11813797243511726
    ],
    [
      0.1546101485148515,
      0.10847624941065534,
      0.11104579207920792,
      0.10411509900990099,
      0.10411509900990099,
      0.10362004950495049,
      0.105928738317757,
      0.11016570407040704,
      0.11461014851485149,
      0.1590340909090909,
      0.125990099009901,
      0.10411509900990099,
      0.0,
      0.2924140965331735
    ],
    [
      0.1269663552734011,
      0.10900902382597064,
      0.10563797243511726,
      0.10712312094996874,
      0.11162807144501827,
      0.11162807144501827,
      0.11289114167727514,
      0.11113302194006777,
      0.11162807144501827,
      0.11142555119299305,
      0.11982644485378771,
      0.11813797243511726,
      0.2924140965331735,
      0.0
    ]
  ],
  "text_matrix": [
    [
      0.0,
      0.9030952380952382,
      0.9021428571428572,
      0.9028571428571428,
      0.9228571428571428,
      0.8635714285714287,
      0.8528037383177569,
      0.8512820512820513,
      0.8525641025641025,
      0.8509090909090908,
      0.8066964285714284,
      0.8536842105263158,
      0.1546101485148515,
      0.1269663552734011
    ],
    [
      0.9030952380952382,
      0.0,
      0.9024193548387096,
      0.9071428571428571,
      0.9221428571428572,
      0.8721428571428571,
      0.8723631508678238,
      0.8746336996336996,
      0.8720695970695971,
      0.8727922077922077,
      0.8079637096774194,
      0.8751127819548874,
      0.10847624941065534,
      0.10900902382597064
    ],
    [
      0.9021428571428572,
      0.9024193548387096,
      0.0,
      0.909685230024213,
      0.9014285714285715,
      0.8528571428571429,
      0.8509345794392523,
      0.8512820512820513,
      0.8525641025641025,
      0.8513636363636363,
      0.8056673728813559,
      0.8515789473684212,
      0.11104579207920792,
      0.10563797243511726
    ],
    [
      0.9028571428571428,
      0.9071428571428571,
      0.909685230024213,
      0.0,
      0.917142857142857,
      0.8678571428571429,
      0.8668691588785048,
      0.865,
      0.8675641025641025,
      0.8668181818181818,
      0.8057565789473685,
      0.8510526315789473,
      0.10411509900990099,
      0.10712312094996874
    ],
    [
      0.9228571428571428,
      0.9221428571428572,
      0.9014285714285715,
      0.917142857142857,
      0.0,
      0.9292857142857143,
      0.9037383177570094,
      0.901923076923077,
      0.901923076923077,
      0.9009090909090908,
      0.8045535714285714,
      0.8521052631578947,
      0.10411509900990099,
      0.11162807144501827
    ],
    [
      0.8635714285714287,
      0.8721428571428571,
      0.8528571428571429,
      0.8678571428571429,
      0.9292857142857143,
      0.0,
      0.9042056074766356,
      0.9025641025641026,
      0.9032051282051281,
      0.9009090909090908,
      0.8059821428571429,
      0.8531578947368421,
      0.10362004950495049,
      0.11162807144501827
    ],
    [
      0.8528037383177569,
      0.8723631508678238,
      0.8509345794392523,
      0.8668691588785048,
      0.9037383177570094,
      0.9042056074766356,
      0.0,
      0.9083592938733126,
      0.909012016021362,
      0.9022727272727273,
      0.8040595794392523,
      0.8523364485981307,
      0.105928738317757,
      0.11289114167727514
    ],
    [
      0.8512820512820513,
      0.8746336996336996,
      0.8512820512820513,
      0.865,
      0.901923076923077,
      0.9025641025641026,
      0.9083592938733126,
      0.0,
      0.9096153846153847,
      0.9082828282828282,
      0.8118856837606838,
      0.8576608187134503,
      0.11016570407040704,
      0.11113302194006777
    ],
    [
      0.8525641025641025,
      0.8720695970695971,
      0.8525641025641025,
      0.8675641025641025,
      0.901923076923077,
      0.9032051282051281,
      0.909012016021362,
      0.9096153846153847,
      0.0,
      0.9113636363636364,
      0.803125,
      0.8526315789473685,
      0.11461014851485149,
      0.11162807144501827
    ],
    [
      0.8509090909090908,
      0.8727922077922077,
      0.8513636363636363,
      0.8668181818181818,
      0.9009090909090908,
      0.9009090909090908,
      0.9022727272727273,
      0.9082828282828282,
      0.9113636363636364,
      0.0,
      0.8072159090909091,
      0.8518181818181818,
      0.1590340909090909,
      0.11142555119299305
    ],
    [
      0.8066964285714284,
      0.8079637096774194,
      0.8056673728813559,
      0.8057565789473685,
      0.8045535714285714,
      0.8059821428571429,
      0.8040595794392523,
      0.8118856837606838,
      0.803125,
      0.8072159090909091,
      0.0,
      0.8666087092731829,
      0.125990099009901,
      0.11982644485378771
    ],
    [
      0.8536842105263158,
      0.8751127819548874,
      0.8515789473684212,
      0.8510526315789473,
      0.8521052631578947,
      0.8531578947368421,
      0.8523364485981307,
      0.8576608187134503,
      0.8526315789473685,
      0.8518181818181818,
      0.8666087092731829,
      0.0,
      0.10411509900990099,
      0.11813797243511726
    ],
    [
      0.1546101485148515,
      0.10847624941065534,
      0.11104579207920792,
      0.10411509900990099,
      0.10411509900990099,
      0.10362004950495049,
      0.105928738317757,
      0.11016570407040704,
      0.11461014851485149,
      0.1590340909090909,
      0.125990099009901,
      0.10411509900990099,
      0.0,
      0.2924140965331735
    ],
    [
      0.1269663552734011,
      0.10900902382597064,
      0.10563797243511726,
      0.10712312094996874,
      0.11162807144501827,
      0.11162807144501827,
      0.11289114167727514,
      0.11113302194006777,
      0.11162807144501827,
      0.11142555119299305,
      0.11982644485378771,
      0.11813797243511726,
      0.2924140965331735,
      0.0
    ]
  ],
  "dendrogram": {
    "name": "",
    "leaf": false,
    "children": [
      {
        "name": "",
        "leaf": false,
        "children": [
          {
            "name": "",
            "leaf": false,
            "children": [
              {
                "name": "",
                "leaf": false,
                "children": [
                  {
                    "name": "surfex",
                    "leaf": true,
                    "spectral_index": 0,
                    "value": 0.0
                  },
                  {
                    "name": "",
                    "leaf": false,
                    "children": [
                      {
                        "name": "reprobus",
                        "leaf": true,
                        "spectral_index": 1,
                        "value": 0.0
                      },
                      {
                        "name": "",
                        "leaf": false,
                        "children": [
                          {
                            "name": "gelato",
                            "leaf": true,
                            "spectral_index": 2,
                            "value": 0.0
                          },
                          {
                            "name": "tactic",
                            "leaf": true,
                            "spectral_index": 3,
                            "value": 0.0
                          }
                        ],
                        "value": 0.09031476997578702
                      }
                    ],
                    "value": 0.09521889400921663
                  }
                ],
                "value": 0.09730158730158726
              },
              {
                "name": "",
                "leaf": false,
                "children": [
                  {
                    "name": "",
                    "leaf": false,
                    "children": [
                      {
                        "name": "arpege-climat",
                        "leaf": true,
                        "spectral_index": 4,
                        "value": 0.0
                      },
                      {
                        "name": "hadam",
                        "leaf": true,
                        "spectral_index": 5,
                        "value": 0.0
                      }
                    ],
                    "value": 0.07071428571428573
                  },
                  {
                    "name": "",
                    "leaf": false,
                    "children": [
                      {
                        "name": "NICAM",
                        "leaf": true,
                        "spectral_index": 6,
                        "value": 0.0
                      },
                      {
                        "name": "",
                        "leaf": false,
                        "children": [
                          {
                            "name": "GEOS",
                            "leaf": true,
                            "spectral_index": 7,
                            "value": 0.0
                          },
                          {
                            "name": "",
                            "leaf": false,
                            "children": [
                              {
                                "name": "IFS",
                                "leaf": true,
                                "spectral_index": 8,
                                "value": 0.0
                              },
                              {
                                "name": "CAM",
                                "leaf": true,
                                "spectral_index": 9,
                                "value": 0.0
                              }
                            ],
                            "value": 0.08863636363636362
                          }
                        ],
                        "value": 0.09105089355089352
                      }
                    ],
                    "value": 0.09345198761086604
                  }
                ],
                "value": 0.09757781354159858
              }
            ],
            "value": 0.1295077728605766
          },
          {
            "name": "",
            "leaf": false,
            "children": [
              {
                "name": "nemo",
                "leaf": true,
                "spectral_index": 10,
                "value": 0.0
              },
              {
                "name": "pisces",
                "leaf": true,
                "spectral_index": 11,
                "value": 0.0
              }
            ],
            "value": 0.1333912907268171
          }
        ],
        "value": 0.16929776329727142
      },
      {
        "name": "",
        "leaf": false,
        "children": [
          {
            "name": "CLM",
            "leaf": true,
            "spectral_index": 12,
            "value": 0.0
          },
          {
            "name": "BISICLES",
            "leaf": true,
            "spectral_index": 13,
            "value": 0.0
          }
        ],
        "value": 0.7075859034668265
      }
    ],
    "value": 0.884880785988328
  },
  "schema": {
    "name": "record",
    "children": [
      {
        "name": "collaborative_institutions",
        "type": "scalar"
      },
      {
        "name": "common_scientific_basis",
        "type": "scalar"
      },
      {
        "name": "computational_requirements",
        "type": "scalar"
      },
      {
        "name": "description",
        "type": "scalar"
      },
      {
        "name": "documentation",
        "type": "scalar"
      },
      {
        "name": "established",
        "type": "scalar"
      },
      {
        "name": "evolution",
        "type": "scalar"
      },
      {
        "name": "family_type",
        "type": "scalar"
      },
      {
        "name": "license",
        "type": "scalar"
      },
      {
        "name": "primary_institution",
        "type": "scalar"
      },
      {
        "name": "programming_languages",
        "type": "scalar"
      },
      {
        "name": "references",
        "type": "scalar"
      },
      {
        "name": "representative_member",
        "type": "scalar"
      },
      {
        "name": "scientific_domains",
        "type": "scalar"
      },
      {
        "name": "shared_code_base",
        "type": "scalar"
      },
      {
        "name": "software_dependencies",
        "type": "scalar"
      },
      {
        "name": "source_code_repository",
        "type": "scalar"
      },
      {
        "name": "ui_label",
        "type": "scalar"
      },
      {
        "name": "validation_key",
        "type": "scalar"
      },
      {
        "name": "variation_dimensions",
        "type": "scalar"
      },
      {
        "name": "website",
        "type": "scalar"
      }
    ]
  }
}