# Component Families

**Optional.** Component families capture scientific lineage by grouping versions of a single-domain code base (e.g. NEMO, ARPEGE-Climat, SURFEX). A family ID can be referenced by model components at Stage 3.

---

<link href="https://fonts.googleapis.com/css2?family=Source+Code+Pro:wght@400;600;700&display=swap" rel="stylesheet">

<style>
.emd-viz { font-family: 'Source Code Pro', monospace; width: 100%; }
.emd-section { margin-bottom: 2.5rem; }
.emd-section-label {
  font-size: 11px; font-weight: 700; color: #0d1035;
  text-transform: uppercase; letter-spacing: 0.09em;
  margin-bottom: 12px; display: block;
}
.emd-selector-row { display: flex; gap: 10px; align-items: center; flex-wrap: wrap; }
#emd-entry-select {
  flex: 1; min-width: 240px; padding: 8px 12px;
  border: 1.5px solid #ccc; border-radius: 6px;
  font-family: 'Source Code Pro', monospace; font-size: 12px;
  color: #0d1035; background: #fff; cursor: pointer;
}
#emd-entry-select:focus { outline: none; border-color: #0d1035; }
#emd-go-btn {
  padding: 8px 18px; border: 1.5px solid #0d1035; border-radius: 6px;
  background: #0d1035; color: #fff;
  font-family: 'Source Code Pro', monospace; font-size: 12px;
  font-weight: 600; cursor: pointer; transition: background .15s;
}
#emd-go-btn:hover { background: #1a2080; }
.emd-stats {
  margin-top: 10px; font-size: 11px; color: #888;
  display: flex; gap: 20px; flex-wrap: wrap;
}
.emd-stats b { color: #0d1035; }
.emd-filter-bar { display: flex; flex-wrap: wrap; gap: 6px; margin-bottom: 10px; }
.emd-fbtn {
  padding: 4px 11px; border-radius: 20px; border: 1.5px solid #ccc;
  background: #fff; cursor: pointer; font-family: 'Source Code Pro', monospace;
  font-size: 11px; color: #555; transition: all .15s;
}
.emd-fbtn:hover  { border-color: #0d1035; color: #0d1035; }
.emd-fbtn.active { background: #0d1035; border-color: #0d1035; color: #fff; font-weight: 600; }
.emd-tip {
  position: fixed; background: #0d1035; color: #fff;
  padding: 10px 14px; border-radius: 8px; font-size: 12px;
  font-family: 'Source Code Pro', monospace; pointer-events: none;
  opacity: 0; transition: opacity .12s; line-height: 1.9;
  box-shadow: 0 6px 24px rgba(0,0,0,.25); max-width: 280px; z-index: 999;
}
.emd-tip-link { color: #e8607e; font-weight: 600; }
.emd-tip-text { color: #f5c842; font-weight: 600; }
.emd-tip-head { font-weight: 700; font-size: 13px;
  border-bottom: 1px solid rgba(255,255,255,.2); padding-bottom: 5px; margin-bottom: 5px; }
/* ── accessible font toggle ── */
.emd-font-btn {
  padding: 5px 12px; border-radius: 20px; border: 1.5px solid #ccc;
  background: #fff; font-size: 11px; cursor: pointer;
  font-family: 'Source Code Pro', monospace; color: #888;
  transition: all .2s; white-space: nowrap;
}
.emd-font-btn:hover { border-color: #2065a0; color: #1a4a80; }
.emd-font-btn.active { background: #e8f0ff; border-color: #2065a0;
  color: #1a4a80; font-family: inherit; font-weight: 600; }
/* Accessible mode: also switch the UI controls (the SVGs are already on the
   accessible/sans-serif font by default via the JS `FONT` constant). */
.emd-viz.accessible { font-family: inherit; }
.emd-viz.accessible #emd-entry-select,
.emd-viz.accessible .emd-stats,
.emd-viz.accessible .emd-stats-grid,
.emd-viz.accessible .emd-stat-label,
.emd-viz.accessible .emd-stat-value,
.emd-viz.accessible .emd-section-label,
.emd-viz.accessible .emd-fbtn,
.emd-viz.accessible #emd-go-btn { font-family: inherit !important; }
/* ── stats grid ── */
.emd-stats-grid {
  display: grid;
  grid-template-columns: repeat(auto-fit, minmax(150px, 1fr));
  gap: 12px;
  margin: 10px 0 18px;
  padding: 14px 16px;
  background: #f7f8fa;
  border-left: 3px solid #0d1035;
  border-radius: 4px;
}
.emd-stat-item { display: flex; flex-direction: column; gap: 3px; }
.emd-stat-label {
  font-family: 'Source Code Pro', monospace;
  color: #888; font-size: 10px;
  text-transform: uppercase; letter-spacing: 0.06em;
}
.emd-stat-value {
  font-family: 'Source Code Pro', monospace;
  color: #0d1035; font-weight: 600; font-size: 13px;
}
</style>

<div class="emd-viz">

<!-- Status / stats box pinned to the top of the page -->
<div class="emd-stats-grid">
  <div class="emd-stat-item">
    <span class="emd-stat-label">Total Records</span>
    <span class="emd-stat-value">32</span>
  </div>
  <div class="emd-stat-item">
    <span class="emd-stat-label">Endpoint</span>
    <span class="emd-stat-value">model_family</span>
  </div>
  <div class="emd-stat-item">
    <span class="emd-stat-label">Raw Data</span>
    <span class="emd-stat-value">43.1 KB</span>
  </div>
  <div class="emd-stat-item">
    <span class="emd-stat-label">Processed Data</span>
    <span class="emd-stat-value">60.5 KB</span>
  </div>
  <div class="emd-stat-item">
    <span class="emd-stat-label">Last Updated</span>
    <span class="emd-stat-value">2026-06-11 08:40 UTC</span>
  </div>
</div>

<div class="emd-section">
<span class="emd-section-label">View a specific Component Family</span>
<div class="emd-selector-row">
  <select id="emd-entry-select">
    <option value="">Select an entry…</option>
    <option value="../view_component_families/?id=gelato">gelato</option>
    <option value="../view_component_families/?id=surfex">surfex</option>
    <option value="../view_component_families/?id=tactic">tactic</option>
    <option value="../view_component_families/?id=reprobus">reprobus</option>
    <option value="../view_component_families/?id=arpege-climat">arpege-climat</option>
    <option value="../view_component_families/?id=pisces">pisces</option>
    <option value="../view_component_families/?id=nemo">nemo</option>
    <option value="../view_component_families/?id=hadam">hadam</option>
    <option value="../view_component_families/?id=CAM">CAM</option>
    <option value="../view_component_families/?id=NICAM">NICAM</option>
    <option value="../view_component_families/?id=GEOS">GEOS</option>
    <option value="../view_component_families/?id=CLASSIC">CLASSIC</option>
    <option value="../view_component_families/?id=CLASSIC">CLASSIC</option>
    <option value="../view_component_families/?id=class-ctem">class-ctem</option>
    <option value="../view_component_families/?id=cmoc">cmoc</option>
    <option value="../view_component_families/?id=canam">canam</option>
    <option value="../view_component_families/?id=cannemo">cannemo</option>
    <option value="../view_component_families/?id=fesom">fesom</option>
    <option value="../view_component_families/?id=fesim">fesim</option>
    <option value="../view_component_families/?id=lim">lim</option>
    <option value="../view_component_families/?id=SI3">SI3</option>
    <option value="../view_component_families/?id=glomap-mode">glomap-mode</option>
    <option value="../view_component_families/?id=metum">metum</option>
    <option value="../view_component_families/?id=jules">jules</option>
    <option value="../view_component_families/?id=CLM">CLM</option>
    <option value="../view_component_families/?id=IAP-AGCM">IAP-AGCM</option>
    <option value="../view_component_families/?id=ifs">ifs</option>
    <option value="../view_component_families/?id=wombat">wombat</option>
    <option value="../view_component_families/?id=lpj-guess">lpj-guess</option>
    <option value="../view_component_families/?id=cable">cable</option>
    <option value="../view_component_families/?id=BISICLES">BISICLES</option>
    <option value="../view_component_families/?id=CoLM">CoLM</option>
  </select>
  <button id="emd-go-btn" onclick="emdGotoEntry()">Open →</button>
  <button class="emd-font-btn" id="emd-font-toggle" onclick="emdToggleFont()" title="Switch to the page's default font for improved readability">Accessible font</button>
</div>
</div>

<div class="emd-section">
<span class="emd-section-label">Similarity &amp; Hierarchical Clustering</span>
<div class="emd-filter-bar" id="emd-filter-bar"></div>
<div id="emd-combined-chart" style="overflow-x:auto; display:flex; justify-content:center;"></div>
<div class="emd-tip" id="emd-tip"></div>
</div>

<div class="emd-section">
<span class="emd-section-label">Record Key Schema</span>
<div id="emd-key-graph"></div>
</div>

</div>

<script src="https://d3js.org/d3.v7.min.js"></script>
<script>
(function () {
'use strict';

/* ── injected data ─────────────────────────────────────────────────────── */
var EMD_DATA    = {"ids":["gelato","surfex","tactic","reprobus","arpege-climat","pisces","nemo","hadam","CAM","NICAM","GEOS","CLASSIC","CLASSIC","class-ctem","cmoc","canam","cannemo","fesom","fesim","lim","SI3","glomap-mode","metum","jules","CLM","IAP-AGCM","ifs","wombat","lpj-guess","cable","BISICLES","CoLM"],"link":[[0.0,0.8848739495798319,0.8937473294402506,0.8851992409867173,0.8840336134453781,0.8253869969040248,0.7806026365348399,0.826890756302521,0.8251336898395722,0.8246289169873556,0.8250377073906485,0.07142857142857142,0.07142857142857142,0.07082644628099173,0.0703875968992248,0.0727241379310345,0.07114285714285715,0.05,0.09296398046398047,0.09322077922077923,0.09313492063492064,0.05901600753295668,0.05352363960749331,0.05263157894736842,0.06096925482021886,0.0635501002004008,0.05006553079947575,0.06024721878862793,0.05,0.06010266940451745,0.05480688827756705,0.05627387774594078],[0.8848739495798319,0.0,0.8857142857142857,0.8859943977591036,0.9092436974789916,0.8278637770897833,0.7817460317460317,0.8394957983193277,0.8245989304812834,0.8268279274326553,0.8250377073906485,0.11726190476190475,0.11726190476190475,0.1162465564738292,0.0703875968992248,0.07237931034482759,0.07085714285714287,0.05002845759817871,0.05016025641025641,0.05063636363636363,0.050555555555555555,0.05071428571428571,0.054135338345864654,0.10087719298245613,0.1068264721208963,0.0636503006012024,0.05004914809960681,0.06018541409147095,0.09583333333333333,0.10624401095140315,0.07725781758102372,0.10217884431709648],[0.8937473294402506,0.8857142857142857,0.0,0.8907563025210083,0.9025210084033614,0.8247678018575851,0.7807017543859649,0.8445378151260504,0.8433155080213903,0.843375481033535,0.8411764705882353,0.0707142857142857,0.0707142857142857,0.07041322314049588,0.06999999999999999,0.07341379310344828,0.06999999999999999,0.05004268639726807,0.057222985347985346,0.05777922077922078,0.057420634920634914,0.05610587002096436,0.06842105263157895,0.05561072492552135,0.053673788431474724,0.06420140280561122,0.06506553079947576,0.06024721878862793,0.05003249566724437,0.06082135523613963,0.056370202503726506,0.05629775549188156],[0.8851992409867173,0.8859943977591036,0.8907563025210083,0.0,0.9084033613445378,0.8530738611233968,0.7831541218637993,0.8495798319327731,0.8503437738731856,0.8498390010209691,0.852510234863176,0.07666666666666667,0.07666666666666667,0.07300078709169619,0.09414174972314507,0.0706896551724138,0.07085714285714287,0.05,0.05008012820512821,0.05036363636363637,0.05138888888888889,0.054390681003584226,0.08282803783652681,0.057684533915433746,0.058264473063847744,0.0626002004008016,0.07144495412844036,0.08142857142857143,0.05239178427003384,0.06268896059450474,0.05835536342583376,0.05865483012689317],[0.8840336134453781,0.9092436974789916,0.9025210084033614,0.9084033613445378,0.0,0.8260061919504644,0.7793650793650794,0.9168067226890756,0.8834224598930481,0.8867509620670698,0.8846153846153846,0.07357142857142858,0.07357142857142858,0.07041322314049588,0.0703875968992248,0.07306896551724137,0.07085714285714287,0.05004268639726807,0.050186965811965814,0.050545454545454546,0.050277777777777775,0.052142857142857144,0.10526315789473684,0.05338345864661654,0.053673788431474724,0.0636002004008016,0.10003276539973789,0.060309023485784916,0.05001083188908145,0.061129363449691984,0.0611122556564102,0.056321633237822355],[0.8253869969040248,0.8278637770897833,0.8247678018575851,0.8530738611233968,0.8260061919504644,0.0,0.8483152325257588,0.8272445820433437,0.8256684491978609,0.8262781748213304,0.8325421396628827,0.05263157894736842,0.05263157894736842,0.051239669421487596,0.10271317829457365,0.05068965517241379,0.06276190476190477,0.06193321950294062,0.05024038461538462,0.05027272727272727,0.05083333333333333,0.05435672514619884,0.053739612188365656,0.05318559556786704,0.053673788431474724,0.0626503006012024,0.05006553079947575,0.10012360939431397,0.05001083188908145,0.05051334702258727,0.06796478301440916,0.06894102196752626],[0.7806026365348399,0.7817460317460317,0.7807017543859649,0.7831541218637993,0.7793650793650794,0.8483152325257588,0.0,0.780952380952381,0.7823232323232323,0.778816199376947,0.7875118708452041,0.05285714285714286,0.05285714285714286,0.050413223140495865,0.06345514950166113,0.05137931034482759,0.10142857142857142,0.10001422879908936,0.050026709401709404,0.05009090909090909,0.050277777777777775,0.050877192982456146,0.05263157894736842,0.054478301015697145,0.07998957790515894,0.0626002004008016,0.05001638269986893,0.06515337129907588,0.05002166377816292,0.06601176031360836,0.0735015208987239,0.06882163323782235],[0.826890756302521,0.8394957983193277,0.8445378151260504,0.8495798319327731,0.9168067226890756,0.8272445820433437,0.780952380952381,0.0,0.8834224598930481,0.8873007146783948,0.8853695324283559,0.05357142857142857,0.05357142857142857,0.050619834710743807,0.05155038759689923,0.052034482758620694,0.05171428571428571,0.05004268639726807,0.05016025641025641,0.05063636363636363,0.050555555555555555,0.10357142857142856,0.15864661654135337,0.10601503759398496,0.053152683689421575,0.05105010020040081,0.1001310615989515,0.050370828182941904,0.05003249566724437,0.05154004106776181,0.0611122556564102,0.0563932664756447],[0.8251336898395722,0.8245989304812834,0.8433155080213903,0.8503437738731856,0.8834224598930481,0.8256684491978609,0.7823232323232323,0.8834224598930481,0.0,0.8850267379679144,0.8920974450386215,0.06136363636363636,0.06136363636363636,0.06165289256198346,0.06310077519379845,0.06272413793103448,0.061142857142857145,0.05005691519635743,0.05016025641025641,0.05655555555555556,0.05583333333333333,0.05,0.10526315789473684,0.05311004784688995,0.11148325358851674,0.05125050100200401,0.11006553079947574,0.06055624227441285,0.050043327556325824,0.06061601642710472,0.06089907644375209,0.056464899713467055],[0.8246289169873556,0.8268279274326553,0.843375481033535,0.8498390010209691,0.8867509620670698,0.8262781748213304,0.778816199376947,0.8873007146783948,0.8850267379679144,0.0,0.8921874045568383,0.051401869158878497,0.051401869158878497,0.050619834710743807,0.05155038759689923,0.0513448275862069,0.05171428571428571,0.0500996015936255,0.05026709401709402,0.050545454545454546,0.054722222222222214,0.05046728971962616,0.10526315789473684,0.05361534677816036,0.05558288243974422,0.058343257944460346,0.10724115334207078,0.050370828182941904,0.05002166377816292,0.05071868583162218,0.06244180326931217,0.056321633237822355],[0.8250377073906485,0.8250377073906485,0.8411764705882353,0.852510234863176,0.8846153846153846,0.8325421396628827,0.7875118708452041,0.8853695324283559,0.8920974450386215,0.8921874045568383,0.0,0.0532051282051282,0.0532051282051282,0.050619834710743807,0.050775193798449615,0.05272413793103449,0.05114285714285714,0.05002845759817871,0.050213675213675216,0.05036363636363637,0.05333333333333333,0.051923076923076926,0.10526315789473684,0.053981106612685556,0.06004284638990215,0.062211311511912705,0.10001638269986893,0.05,0.05001083188908145,0.050616016427104726,0.06059115091435705,0.06185331104743712],[0.07142857142857142,0.11726190476190475,0.0707142857142857,0.07666666666666667,0.07357142857142858,0.05263157894736842,0.05285714285714286,0.05357142857142857,0.06136363636363636,0.051401869158878497,0.0532051282051282,0.0,1.0,0.5355165289256199,0.32814594626100135,0.3213431855500821,0.31829228243021346,0.2890830115830116,0.27422819039198354,0.23084180147338046,0.20396551724137932,0.11166890580683683,0.10285714285714284,0.2357142857142857,0.12637945771321318,0.2457674330648036,0.15624831528086844,0.2300182471010654,0.2795829471733086,0.31133016890500037,0.10646737750698146,0.2765540238598534],[0.07142857142857142,0.11726190476190475,0.0707142857142857,0.07666666666666667,0.07357142857142858,0.05263157894736842,0.05285714285714286,0.05357142857142857,0.06136363636363636,0.051401869158878497,0.0532051282051282,1.0,0.0,0.5355165289256199,0.32814594626100135,0.3213431855500821,0.31829228243021346,0.2890830115830116,0.27422819039198354,0.23084180147338046,0.20396551724137932,0.11166890580683683,0.10285714285714284,0.2357142857142857,0.12637945771321318,0.2457674330648036,0.15624831528086844,0.2300182471010654,0.2795829471733086,0.31133016890500037,0.10646737750698146,0.2765540238598534],[0.07082644628099173,0.1162465564738292,0.07041322314049588,0.07300078709169619,0.07041322314049588,0.051239669421487596,0.050413223140495865,0.050619834710743807,0.06165289256198346,0.050619834710743807,0.050619834710743807,0.5355165289256199,0.5355165289256199,0.0,0.4557953324870618,0.45028925619834714,0.44876033057851245,0.21302588872309988,0.20431721056721058,0.3336349531838253,0.29604486422668247,0.13881714876033058,0.12551652892561985,0.26301652892561983,0.10769283746556473,0.2678458514948887,0.12961504795340453,0.15431424879199912,0.20643837046626717,0.23298441291767782,0.06769972451790633,0.2373569632793205],[0.0703875968992248,0.0703875968992248,0.06999999999999999,0.09414174972314507,0.0703875968992248,0.10271317829457365,0.06345514950166113,0.05155038759689923,0.06310077519379845,0.05155038759689923,0.050775193798449615,0.32814594626100135,0.32814594626100135,0.4557953324870618,0.0,0.46206896551724136,0.491156462585034,0.22623995651884096,0.20048076923076924,0.31307250811010207,0.29047619047619044,0.14621505755226685,0.12693798449612403,0.12790697674418605,0.06155038759689922,0.24685915867409294,0.12203441194978967,0.22337834697993436,0.1007878829007538,0.14116255731731792,0.05193798449612404,0.14039970387435965],[0.0727241379310345,0.07237931034482759,0.07341379310344828,0.0706896551724138,0.07306896551724137,0.05068965517241379,0.05137931034482759,0.052034482758620694,0.06272413793103448,0.0513448275862069,0.05272413793103449,0.3213431855500821,0.3213431855500821,0.45028925619834714,0.46206896551724136,0.0,0.616938775510204,0.22130058914919476,0.2948739316239316,0.3065575193394742,0.36992063492063487,0.23838362068965518,0.1525,0.12836206896551725,0.06237931034482759,0.2944466711200178,0.12219659239842726,0.1203708281829419,0.10254691904533211,0.19864271047227927,0.05103448275862069,0.13652320967887566],[0.07114285714285715,0.07085714285714287,0.06999999999999999,0.07085714285714287,0.07085714285714287,0.06276190476190477,0.10142857142857142,0.05171428571428571,0.061142857142857145,0.05171428571428571,0.05114285714285714,0.31829228243021346,0.31829228243021346,0.44876033057851245,0.491156462585034,0.616938775510204,0.0,0.30210124751957423,0.27026709401709403,0.3031457431457431,0.36547619047619045,0.21633928571428573,0.125,0.12642857142857142,0.06142857142857142,0.2450387210690426,0.12045871559633028,0.14609847894658481,0.10045760163705082,0.20312481666177762,0.05142857142857142,0.12791743525572163],[0.05,0.05002845759817871,0.05004268639726807,0.05,0.05004268639726807,0.06193321950294062,0.10001422879908936,0.05004268639726807,0.05005691519635743,0.0500996015936255,0.05002845759817871,0.2890830115830116,0.2890830115830116,0.21302588872309988,0.22623995651884096,0.22130058914919476,0.30210124751957423,0.0,0.5684527227853922,0.22013028965220202,0.20108523435216666,0.1008575735667369,0.1200284575981787,0.1,0.06053626027451655,0.21354838648273605,0.16151134176986565,0.2327831018269265,0.20837944498966401,0.2144025972191997,0.10079268639726809,0.2013117497701286],[0.09296398046398047,0.05016025641025641,0.057222985347985346,0.05008012820512821,0.050186965811965814,0.05024038461538462,0.050026709401709404,0.05016025641025641,0.05016025641025641,0.05026709401709402,0.050213675213675216,0.27422819039198354,0.27422819039198354,0.20431721056721058,0.20048076923076924,0.2948739316239316,0.27026709401709403,0.5684527227853922,0.0,0.3021941873915558,0.356784188034188,0.17719017094017092,0.12,0.10005341880341881,0.05932903498310475,0.23015170940170943,0.16841186912396683,0.2161309523809524,0.20623873558109634,0.28998441221801874,0.1095534188034188,0.19096532705770225],[0.09322077922077923,0.05063636363636363,0.05777922077922078,0.05036363636363637,0.050545454545454546,0.05027272727272727,0.05009090909090909,0.05063636363636363,0.05655555555555556,0.050545454545454546,0.05036363636363637,0.23084180147338046,0.23084180147338046,0.3336349531838253,0.31307250811010207,0.3065575193394742,0.3031457431457431,0.22013028965220202,0.3021941873915558,0.0,0.4880519480519481,0.12960858585858584,0.12568181818181817,0.12522727272727271,0.05601010101010101,0.23844978697640545,0.12194025315444187,0.1387908894609825,0.1188382936715087,0.10454545454545454,0.05118181818181818,0.11691703585103183],[0.09313492063492064,0.050555555555555555,0.057420634920634914,0.05138888888888889,0.050277777777777775,0.05083333333333333,0.050277777777777775,0.050555555555555555,0.05583333333333333,0.054722222222222214,0.05333333333333333,0.20396551724137932,0.20396551724137932,0.29604486422668247,0.29047619047619044,0.36992063492063487,0.36547619047619045,0.20108523435216666,0.356784188034188,0.4880519480519481,0.0,0.19824561403508772,0.12638888888888888,0.12569444444444444,0.05638888888888889,0.22633711868180806,0.10787957789017637,0.10594197629608086,0.10032495667244368,0.1549640657084189,0.05472222222222223,0.11210056680046791],[0.05901600753295668,0.05071428571428571,0.05610587002096436,0.054390681003584226,0.052142857142857144,0.05435672514619884,0.050877192982456146,0.10357142857142856,0.05,0.05046728971962616,0.051923076923076926,0.11166890580683683,0.11166890580683683,0.13881714876033058,0.14621505755226685,0.23838362068965518,0.21633928571428573,0.1008575735667369,0.17719017094017092,0.12960858585858584,0.19824561403508772,0.0,0.5027173913043479,0.5027173913043479,0.05148514851485149,0.13528867267997702,0.10045930702953854,0.11464646464646464,0.10030595518991044,0.15020533880903492,0.050990099009900994,0.1439618742506893],[0.05352363960749331,0.054135338345864654,0.06842105263157895,0.08282803783652681,0.10526315789473684,0.053739612188365656,0.05263157894736842,0.15864661654135337,0.10526315789473684,0.10526315789473684,0.10526315789473684,0.10285714285714284,0.10285714285714284,0.12551652892561985,0.12693798449612403,0.1525,0.125,0.1200284575981787,0.12,0.12568181818181817,0.12638888888888888,0.5027173913043479,0.0,0.5767195767195767,0.0504950495049505,0.1134446671120018,0.2,0.10024721878862794,0.1000216637781629,0.1002053388090349,0.0554950495049505,0.1333863949909795],[0.05263157894736842,0.10087719298245613,0.05561072492552135,0.057684533915433746,0.05338345864661654,0.05318559556786704,0.054478301015697145,0.10601503759398496,0.05311004784688995,0.05361534677816036,0.053981106612685556,0.2357142857142857,0.2357142857142857,0.26301652892561983,0.12790697674418605,0.12836206896551725,0.12642857142857142,0.1,0.10005341880341881,0.12522727272727271,0.12569444444444444,0.5027173913043479,0.5767195767195767,0.0,0.09632838283828382,0.11355600089067022,0.1,0.10012360939431397,0.2,0.20020533880903493,0.06765676567656766,0.26671972832431284],[0.06096925482021886,0.1068264721208963,0.053673788431474724,0.058264473063847744,0.053673788431474724,0.053673788431474724,0.07998957790515894,0.053152683689421575,0.11148325358851674,0.05558288243974422,0.06004284638990215,0.12637945771321318,0.12637945771321318,0.10769283746556473,0.06155038759689922,0.06237931034482759,0.06142857142857142,0.06053626027451655,0.05932903498310475,0.05601010101010101,0.05638888888888889,0.05148514851485149,0.0504950495049505,0.09632838283828382,0.0,0.07635070140280562,0.09559617787802127,0.08048710725270936,0.10864569478591486,0.1331994155545423,0.2551727331928142,0.10208333333333333],[0.0635501002004008,0.0636503006012024,0.06420140280561122,0.0626002004008016,0.0636002004008016,0.0626503006012024,0.0626002004008016,0.05105010020040081,0.05125050100200401,0.058343257944460346,0.062211311511912705,0.2457674330648036,0.2457674330648036,0.2678458514948887,0.24685915867409294,0.2944466711200178,0.2450387210690426,0.21354838648273605,0.23015170940170943,0.23844978697640545,0.22633711868180806,0.13528867267997702,0.1134446671120018,0.11355600089067022,0.07635070140280562,0.0,0.22686658236059914,0.1714895586514224,0.12258469274953199,0.1647952469510987,0.05122789438526175,0.1497387622318525],[0.05006553079947575,0.05004914809960681,0.06506553079947576,0.07144495412844036,0.10003276539973789,0.05006553079947575,0.05001638269986893,0.1001310615989515,0.11006553079947574,0.10724115334207078,0.10001638269986893,0.15624831528086844,0.15624831528086844,0.12961504795340453,0.12203441194978967,0.12219659239842726,0.12045871559633028,0.16151134176986565,0.16841186912396683,0.12194025315444187,0.10787957789017637,0.10045930702953854,0.2,0.1,0.09559617787802127,0.22686658236059914,0.0,0.157092112173588,0.13316627035682146,0.14296736467678545,0.0660739059553112,0.10720026908222084],[0.06024721878862793,0.06018541409147095,0.06024721878862793,0.08142857142857143,0.060309023485784916,0.10012360939431397,0.06515337129907588,0.050370828182941904,0.06055624227441285,0.050370828182941904,0.05,0.2300182471010654,0.2300182471010654,0.15431424879199912,0.22337834697993436,0.1203708281829419,0.14609847894658481,0.2327831018269265,0.2161309523809524,0.1387908894609825,0.10594197629608086,0.11464646464646464,0.10024721878862794,0.10012360939431397,0.08048710725270936,0.1714895586514224,0.157092112173588,0.0,0.1803265625015536,0.3029574314256106,0.08489463770675142,0.1563742412551906],[0.05,0.09583333333333333,0.05003249566724437,0.05239178427003384,0.05001083188908145,0.05001083188908145,0.05002166377816292,0.05003249566724437,0.050043327556325824,0.05002166377816292,0.05001083188908145,0.2795829471733086,0.2795829471733086,0.20643837046626717,0.1007878829007538,0.10254691904533211,0.10045760163705082,0.20837944498966401,0.20623873558109634,0.1188382936715087,0.10032495667244368,0.10030595518991044,0.1000216637781629,0.2,0.10864569478591486,0.12258469274953199,0.13316627035682146,0.1803265625015536,0.0,0.29363937267380746,0.12250654039778823,0.2819015703089567],[0.06010266940451745,0.10624401095140315,0.06082135523613963,0.06268896059450474,0.061129363449691984,0.05051334702258727,0.06601176031360836,0.05154004106776181,0.06061601642710472,0.05071868583162218,0.050616016427104726,0.31133016890500037,0.31133016890500037,0.23298441291767782,0.14116255731731792,0.19864271047227927,0.20312481666177762,0.2144025972191997,0.28998441221801874,0.10454545454545454,0.1549640657084189,0.15020533880903492,0.1002053388090349,0.20020533880903493,0.1331994155545423,0.1647952469510987,0.14296736467678545,0.3029574314256106,0.29363937267380746,0.0,0.12073897744741317,0.3262478080278623],[0.05480688827756705,0.07725781758102372,0.056370202503726506,0.05835536342583376,0.0611122556564102,0.06796478301440916,0.0735015208987239,0.0611122556564102,0.06089907644375209,0.06244180326931217,0.06059115091435705,0.10646737750698146,0.10646737750698146,0.06769972451790633,0.05193798449612404,0.05103448275862069,0.05142857142857142,0.10079268639726809,0.1095534188034188,0.05118181818181818,0.05472222222222223,0.050990099009900994,0.0554950495049505,0.06765676567656766,0.2551727331928142,0.05122789438526175,0.0660739059553112,0.08489463770675142,0.12250654039778823,0.12073897744741317,0.0,0.10788136171373994],[0.05627387774594078,0.10217884431709648,0.05629775549188156,0.05865483012689317,0.056321633237822355,0.06894102196752626,0.06882163323782235,0.0563932664756447,0.056464899713467055,0.056321633237822355,0.06185331104743712,0.2765540238598534,0.2765540238598534,0.2373569632793205,0.14039970387435965,0.13652320967887566,0.12791743525572163,0.2013117497701286,0.19096532705770225,0.11691703585103183,0.11210056680046791,0.1439618742506893,0.1333863949909795,0.26671972832431284,0.10208333333333333,0.1497387622318525,0.10720026908222084,0.1563742412551906,0.2819015703089567,0.3262478080278623,0.10788136171373994,0.0]],"text":[[0.0,0.8848739495798319,0.8937473294402506,0.8851992409867173,0.8840336134453781,0.8253869969040248,0.7806026365348399,0.826890756302521,0.8251336898395722,0.8246289169873556,0.8250377073906485,0.07142857142857142,0.07142857142857142,0.07082644628099173,0.0703875968992248,0.0727241379310345,0.07114285714285715,0.05,0.09296398046398047,0.09322077922077923,0.09313492063492064,0.05901600753295668,0.05352363960749331,0.05263157894736842,0.06096925482021886,0.0635501002004008,0.05006553079947575,0.06024721878862793,0.05,0.06010266940451745,0.05480688827756705,0.05627387774594078],[0.8848739495798319,0.0,0.8857142857142857,0.8859943977591036,0.9092436974789916,0.8278637770897833,0.7817460317460317,0.8394957983193277,0.8245989304812834,0.8268279274326553,0.8250377073906485,0.11726190476190475,0.11726190476190475,0.1162465564738292,0.0703875968992248,0.07237931034482759,0.07085714285714287,0.05002845759817871,0.05016025641025641,0.05063636363636363,0.050555555555555555,0.05071428571428571,0.054135338345864654,0.10087719298245613,0.1068264721208963,0.0636503006012024,0.05004914809960681,0.06018541409147095,0.09583333333333333,0.10624401095140315,0.07725781758102372,0.10217884431709648],[0.8937473294402506,0.8857142857142857,0.0,0.8907563025210083,0.9025210084033614,0.8247678018575851,0.7807017543859649,0.8445378151260504,0.8433155080213903,0.843375481033535,0.8411764705882353,0.0707142857142857,0.0707142857142857,0.07041322314049588,0.06999999999999999,0.07341379310344828,0.06999999999999999,0.05004268639726807,0.057222985347985346,0.05777922077922078,0.057420634920634914,0.05610587002096436,0.06842105263157895,0.05561072492552135,0.053673788431474724,0.06420140280561122,0.06506553079947576,0.06024721878862793,0.05003249566724437,0.06082135523613963,0.056370202503726506,0.05629775549188156],[0.8851992409867173,0.8859943977591036,0.8907563025210083,0.0,0.9084033613445378,0.8530738611233968,0.7831541218637993,0.8495798319327731,0.8503437738731856,0.8498390010209691,0.852510234863176,0.07666666666666667,0.07666666666666667,0.07300078709169619,0.09414174972314507,0.0706896551724138,0.07085714285714287,0.05,0.05008012820512821,0.05036363636363637,0.05138888888888889,0.054390681003584226,0.08282803783652681,0.057684533915433746,0.058264473063847744,0.0626002004008016,0.07144495412844036,0.08142857142857143,0.05239178427003384,0.06268896059450474,0.05835536342583376,0.05865483012689317],[0.8840336134453781,0.9092436974789916,0.9025210084033614,0.9084033613445378,0.0,0.8260061919504644,0.7793650793650794,0.9168067226890756,0.8834224598930481,0.8867509620670698,0.8846153846153846,0.07357142857142858,0.07357142857142858,0.07041322314049588,0.0703875968992248,0.07306896551724137,0.07085714285714287,0.05004268639726807,0.050186965811965814,0.050545454545454546,0.050277777777777775,0.052142857142857144,0.10526315789473684,0.05338345864661654,0.053673788431474724,0.0636002004008016,0.10003276539973789,0.060309023485784916,0.05001083188908145,0.061129363449691984,0.0611122556564102,0.056321633237822355],[0.8253869969040248,0.8278637770897833,0.8247678018575851,0.8530738611233968,0.8260061919504644,0.0,0.8483152325257588,0.8272445820433437,0.8256684491978609,0.8262781748213304,0.8325421396628827,0.05263157894736842,0.05263157894736842,0.051239669421487596,0.10271317829457365,0.05068965517241379,0.06276190476190477,0.06193321950294062,0.05024038461538462,0.05027272727272727,0.05083333333333333,0.05435672514619884,0.053739612188365656,0.05318559556786704,0.053673788431474724,0.0626503006012024,0.05006553079947575,0.10012360939431397,0.05001083188908145,0.05051334702258727,0.06796478301440916,0.06894102196752626],[0.7806026365348399,0.7817460317460317,0.7807017543859649,0.7831541218637993,0.7793650793650794,0.8483152325257588,0.0,0.780952380952381,0.7823232323232323,0.778816199376947,0.7875118708452041,0.05285714285714286,0.05285714285714286,0.050413223140495865,0.06345514950166113,0.05137931034482759,0.10142857142857142,0.10001422879908936,0.050026709401709404,0.05009090909090909,0.050277777777777775,0.050877192982456146,0.05263157894736842,0.054478301015697145,0.07998957790515894,0.0626002004008016,0.05001638269986893,0.06515337129907588,0.05002166377816292,0.06601176031360836,0.0735015208987239,0.06882163323782235],[0.826890756302521,0.8394957983193277,0.8445378151260504,0.8495798319327731,0.9168067226890756,0.8272445820433437,0.780952380952381,0.0,0.8834224598930481,0.8873007146783948,0.8853695324283559,0.05357142857142857,0.05357142857142857,0.050619834710743807,0.05155038759689923,0.052034482758620694,0.05171428571428571,0.05004268639726807,0.05016025641025641,0.05063636363636363,0.050555555555555555,0.10357142857142856,0.15864661654135337,0.10601503759398496,0.053152683689421575,0.05105010020040081,0.1001310615989515,0.050370828182941904,0.05003249566724437,0.05154004106776181,0.0611122556564102,0.0563932664756447],[0.8251336898395722,0.8245989304812834,0.8433155080213903,0.8503437738731856,0.8834224598930481,0.8256684491978609,0.7823232323232323,0.8834224598930481,0.0,0.8850267379679144,0.8920974450386215,0.06136363636363636,0.06136363636363636,0.06165289256198346,0.06310077519379845,0.06272413793103448,0.061142857142857145,0.05005691519635743,0.05016025641025641,0.05655555555555556,0.05583333333333333,0.05,0.10526315789473684,0.05311004784688995,0.11148325358851674,0.05125050100200401,0.11006553079947574,0.06055624227441285,0.050043327556325824,0.06061601642710472,0.06089907644375209,0.056464899713467055],[0.8246289169873556,0.8268279274326553,0.843375481033535,0.8498390010209691,0.8867509620670698,0.8262781748213304,0.778816199376947,0.8873007146783948,0.8850267379679144,0.0,0.8921874045568383,0.051401869158878497,0.051401869158878497,0.050619834710743807,0.05155038759689923,0.0513448275862069,0.05171428571428571,0.0500996015936255,0.05026709401709402,0.050545454545454546,0.054722222222222214,0.05046728971962616,0.10526315789473684,0.05361534677816036,0.05558288243974422,0.058343257944460346,0.10724115334207078,0.050370828182941904,0.05002166377816292,0.05071868583162218,0.06244180326931217,0.056321633237822355],[0.8250377073906485,0.8250377073906485,0.8411764705882353,0.852510234863176,0.8846153846153846,0.8325421396628827,0.7875118708452041,0.8853695324283559,0.8920974450386215,0.8921874045568383,0.0,0.0532051282051282,0.0532051282051282,0.050619834710743807,0.050775193798449615,0.05272413793103449,0.05114285714285714,0.05002845759817871,0.050213675213675216,0.05036363636363637,0.05333333333333333,0.051923076923076926,0.10526315789473684,0.053981106612685556,0.06004284638990215,0.062211311511912705,0.10001638269986893,0.05,0.05001083188908145,0.050616016427104726,0.06059115091435705,0.06185331104743712],[0.07142857142857142,0.11726190476190475,0.0707142857142857,0.07666666666666667,0.07357142857142858,0.05263157894736842,0.05285714285714286,0.05357142857142857,0.06136363636363636,0.051401869158878497,0.0532051282051282,0.0,1.0,0.5355165289256199,0.32814594626100135,0.3213431855500821,0.31829228243021346,0.2890830115830116,0.27422819039198354,0.23084180147338046,0.20396551724137932,0.11166890580683683,0.10285714285714284,0.2357142857142857,0.12637945771321318,0.2457674330648036,0.15624831528086844,0.2300182471010654,0.2795829471733086,0.31133016890500037,0.10646737750698146,0.2765540238598534],[0.07142857142857142,0.11726190476190475,0.0707142857142857,0.07666666666666667,0.07357142857142858,0.05263157894736842,0.05285714285714286,0.05357142857142857,0.06136363636363636,0.051401869158878497,0.0532051282051282,1.0,0.0,0.5355165289256199,0.32814594626100135,0.3213431855500821,0.31829228243021346,0.2890830115830116,0.27422819039198354,0.23084180147338046,0.20396551724137932,0.11166890580683683,0.10285714285714284,0.2357142857142857,0.12637945771321318,0.2457674330648036,0.15624831528086844,0.2300182471010654,0.2795829471733086,0.31133016890500037,0.10646737750698146,0.2765540238598534],[0.07082644628099173,0.1162465564738292,0.07041322314049588,0.07300078709169619,0.07041322314049588,0.051239669421487596,0.050413223140495865,0.050619834710743807,0.06165289256198346,0.050619834710743807,0.050619834710743807,0.5355165289256199,0.5355165289256199,0.0,0.4557953324870618,0.45028925619834714,0.44876033057851245,0.21302588872309988,0.20431721056721058,0.3336349531838253,0.29604486422668247,0.13881714876033058,0.12551652892561985,0.26301652892561983,0.10769283746556473,0.2678458514948887,0.12961504795340453,0.15431424879199912,0.20643837046626717,0.23298441291767782,0.06769972451790633,0.2373569632793205],[0.0703875968992248,0.0703875968992248,0.06999999999999999,0.09414174972314507,0.0703875968992248,0.10271317829457365,0.06345514950166113,0.05155038759689923,0.06310077519379845,0.05155038759689923,0.050775193798449615,0.32814594626100135,0.32814594626100135,0.4557953324870618,0.0,0.46206896551724136,0.491156462585034,0.22623995651884096,0.20048076923076924,0.31307250811010207,0.29047619047619044,0.14621505755226685,0.12693798449612403,0.12790697674418605,0.06155038759689922,0.24685915867409294,0.12203441194978967,0.22337834697993436,0.1007878829007538,0.14116255731731792,0.05193798449612404,0.14039970387435965],[0.0727241379310345,0.07237931034482759,0.07341379310344828,0.0706896551724138,0.07306896551724137,0.05068965517241379,0.05137931034482759,0.052034482758620694,0.06272413793103448,0.0513448275862069,0.05272413793103449,0.3213431855500821,0.3213431855500821,0.45028925619834714,0.46206896551724136,0.0,0.616938775510204,0.22130058914919476,0.2948739316239316,0.3065575193394742,0.36992063492063487,0.23838362068965518,0.1525,0.12836206896551725,0.06237931034482759,0.2944466711200178,0.12219659239842726,0.1203708281829419,0.10254691904533211,0.19864271047227927,0.05103448275862069,0.13652320967887566],[0.07114285714285715,0.07085714285714287,0.06999999999999999,0.07085714285714287,0.07085714285714287,0.06276190476190477,0.10142857142857142,0.05171428571428571,0.061142857142857145,0.05171428571428571,0.05114285714285714,0.31829228243021346,0.31829228243021346,0.44876033057851245,0.491156462585034,0.616938775510204,0.0,0.30210124751957423,0.27026709401709403,0.3031457431457431,0.36547619047619045,0.21633928571428573,0.125,0.12642857142857142,0.06142857142857142,0.2450387210690426,0.12045871559633028,0.14609847894658481,0.10045760163705082,0.20312481666177762,0.05142857142857142,0.12791743525572163],[0.05,0.05002845759817871,0.05004268639726807,0.05,0.05004268639726807,0.06193321950294062,0.10001422879908936,0.05004268639726807,0.05005691519635743,0.0500996015936255,0.05002845759817871,0.2890830115830116,0.2890830115830116,0.21302588872309988,0.22623995651884096,0.22130058914919476,0.30210124751957423,0.0,0.5684527227853922,0.22013028965220202,0.20108523435216666,0.1008575735667369,0.1200284575981787,0.1,0.06053626027451655,0.21354838648273605,0.16151134176986565,0.2327831018269265,0.20837944498966401,0.2144025972191997,0.10079268639726809,0.2013117497701286],[0.09296398046398047,0.05016025641025641,0.057222985347985346,0.05008012820512821,0.050186965811965814,0.05024038461538462,0.050026709401709404,0.05016025641025641,0.05016025641025641,0.05026709401709402,0.050213675213675216,0.27422819039198354,0.27422819039198354,0.20431721056721058,0.20048076923076924,0.2948739316239316,0.27026709401709403,0.5684527227853922,0.0,0.3021941873915558,0.356784188034188,0.17719017094017092,0.12,0.10005341880341881,0.05932903498310475,0.23015170940170943,0.16841186912396683,0.2161309523809524,0.20623873558109634,0.28998441221801874,0.1095534188034188,0.19096532705770225],[0.09322077922077923,0.05063636363636363,0.05777922077922078,0.05036363636363637,0.050545454545454546,0.05027272727272727,0.05009090909090909,0.05063636363636363,0.05655555555555556,0.050545454545454546,0.05036363636363637,0.23084180147338046,0.23084180147338046,0.3336349531838253,0.31307250811010207,0.3065575193394742,0.3031457431457431,0