{
  "stem": "Component_Families",
  "singular": "Component Family",
  "endpoint": "model_family",
  "count": 14,
  "method": "embedding (all-MiniLM-L6-v2) | link: text (links uninformative) | order: UPGMA leaf traversal",
  "entries": [
    {
      "id": "nemo",
      "label": "nemo",
      "spectral_rank": 0
    },
    {
      "id": "pisces",
      "label": "pisces",
      "spectral_rank": 1
    },
    {
      "id": "IFS",
      "label": "IFS",
      "spectral_rank": 2
    },
    {
      "id": "GEOS",
      "label": "GEOS",
      "spectral_rank": 3
    },
    {
      "id": "CAM",
      "label": "CAM",
      "spectral_rank": 4
    },
    {
      "id": "NICAM",
      "label": "NICAM",
      "spectral_rank": 5
    },
    {
      "id": "tactic",
      "label": "tactic",
      "spectral_rank": 6
    },
    {
      "id": "hadam",
      "label": "hadam",
      "spectral_rank": 7
    },
    {
      "id": "surfex",
      "label": "surfex",
      "spectral_rank": 8
    },
    {
      "id": "reprobus",
      "label": "reprobus",
      "spectral_rank": 9
    },
    {
      "id": "arpege-climat",
      "label": "arpege-climat",
      "spectral_rank": 10
    },
    {
      "id": "gelato",
      "label": "gelato",
      "spectral_rank": 11
    },
    {
      "id": "CLM",
      "label": "CLM",
      "spectral_rank": 12
    },
    {
      "id": "BISICLES",
      "label": "BISICLES",
      "spectral_rank": 13
    }
  ],
  "link_matrix": [
    [
      0.0,
      0.7967787408236354,
      0.7093745223068926,
      0.7136235471678958,
      0.7432804319703468,
      0.7113307908143771,
      0.7354895626438687,
      0.773966176323649,
      0.7807930626756651,
      0.7755912658463101,
      0.8001305734236492,
      0.7723659016295318,
      0.026279873536632137,
      0.007277255528198298
    ],
    [
      0.7967787408236354,
      0.0,
      0.7184990869896243,
      0.7012766660332298,
      0.6974290175326378,
      0.6990235795662276,
      0.7346662570383116,
      0.7212589566331432,
      0.7344585269368029,
      0.751742304099584,
      0.7755270422741524,
      0.7486161178792743,
      0.01547204874570669,
      0.0071513474582293075
    ],
    [
      0.7093745223068926,
      0.7184990869896243,
      0.0,
      0.7788605170898559,
      0.7286557861983356,
      0.7206408824187462,
      0.7270474473717142,
      0.7394029552808644,
      0.7491527110659723,
      0.7600145357488187,
      0.7950362097541256,
      0.7568539487285911,
      0.012519309018235156,
      0.0017769009828172107
    ],
    [
      0.7136235471678958,
      0.7012766660332298,
      0.7788605170898559,
      0.0,
      0.7525207895730002,
      0.7347729954744475,
      0.731402329851797,
      0.7541001924468331,
      0.753640000070454,
      0.7752692149128211,
      0.8108392791638794,
      0.7613873667513278,
      0.012594297410950575,
      0.0017875442977575023
    ],
    [
      0.7432804319703468,
      0.6974290175326378,
      0.7286557861983356,
      0.7525207895730002,
      0.0,
      0.7488539239099357,
      0.7111746974434301,
      0.7766125519509621,
      0.7327973634060415,
      0.7707316298883345,
      0.81649202087583,
      0.746893347580931,
      0.053538032851235345,
      0.008833459290074503
    ],
    [
      0.7113307908143771,
      0.6990235795662276,
      0.7206408824187462,
      0.7347729954744475,
      0.7488539239099357,
      0.0,
      0.7297730028924112,
      0.7583071666524637,
      0.751961133873888,
      0.7799272316073343,
      0.8153627908953794,
      0.7662981147727678,
      0.015470794519035137,
      0.0071507677411622875
    ],
    [
      0.7354895626438687,
      0.7346662570383116,
      0.7270474473717142,
      0.731402329851797,
      0.7111746974434301,
      0.7297730028924112,
      0.0,
      0.763433693436621,
      0.7950502225664272,
      0.8304315339531632,
      0.832097203536091,
      0.8032232834487539,
      0.002003115476529123,
      0.0018168835966710349
    ],
    [
      0.773966176323649,
      0.7212589566331432,
      0.7394029552808644,
      0.7541001924468331,
      0.7766125519509621,
      0.7583071666524637,
      0.763433693436621,
      0.0,
      0.7866452492471361,
      0.8288037204514818,
      0.8662819668730102,
      0.8144923072657761,
      0.01732356955116481,
      0.0018222520625550758
    ],
    [
      0.7807930626756651,
      0.7344585269368029,
      0.7491527110659723,
      0.753640000070454,
      0.7327973634060415,
      0.751961133873888,
      0.7950502225664272,
      0.7866452492471361,
      0.0,
      0.8311008130492479,
      0.8774705305364356,
      0.8470221469943544,
      0.08638948366903404,
      0.0018721243093898802
    ],
    [
      0.7755912658463101,
      0.751742304099584,
      0.7600145357488187,
      0.7752692149128211,
      0.7707316298883345,
      0.7799272316073343,
      0.8304315339531632,
      0.8288037204514818,
      0.8311008130492479,
      0.0,
      0.9028945791785888,
      0.8602400264866924,
      0.01805573446308378,
      0.0018992678887065106
    ],
    [
      0.8001305734236492,
      0.7755270422741524,
      0.7950362097541256,
      0.8108392791638794,
      0.81649202087583,
      0.8153627908953794,
      0.832097203536091,
      0.8662819668730102,
      0.8774705305364356,
      0.9028945791785888,
      0.0,
      0.9077380552707203,
      0.01862700954881364,
      0.0019593598460934092
    ],
    [
      0.7723659016295318,
      0.7486161178792743,
      0.7568539487285911,
      0.7613873667513278,
      0.746893347580931,
      0.7662981147727678,
      0.8032232834487539,
      0.8144923072657761,
      0.8470221469943544,
      0.8602400264866924,
      0.9077380552707203,
      0.0,
      0.01798064810973072,
      0.01477001971906881
    ],
    [
      0.026279873536632137,
      0.01547204874570669,
      0.012519309018235156,
      0.012594297410950575,
      0.053538032851235345,
      0.015470794519035137,
      0.002003115476529123,
      0.01732356955116481,
      0.08638948366903404,
      0.01805573446308378,
      0.01862700954881364,
      0.01798064810973072,
      0.0,
      0.0784047505730247
    ],
    [
      0.007277255528198298,
      0.0071513474582293075,
      0.0017769009828172107,
      0.0017875442977575023,
      0.008833459290074503,
      0.0071507677411622875,
      0.0018168835966710349,
      0.0018222520625550758,
      0.0018721243093898802,
      0.0018992678887065106,
      0.0019593598460934092,
      0.01477001971906881,
      0.0784047505730247,
      0.0
    ]
  ],
  "text_matrix": [
    [
      0.0,
      0.7967787408236354,
      0.7093745223068926,
      0.7136235471678958,
      0.7432804319703468,
      0.7113307908143771,
      0.7354895626438687,
      0.773966176323649,
      0.7807930626756651,
      0.7755912658463101,
      0.8001305734236492,
      0.7723659016295318,
      0.026279873536632137,
      0.007277255528198298
    ],
    [
      0.7967787408236354,
      0.0,
      0.7184990869896243,
      0.7012766660332298,
      0.6974290175326378,
      0.6990235795662276,
      0.7346662570383116,
      0.7212589566331432,
      0.7344585269368029,
      0.751742304099584,
      0.7755270422741524,
      0.7486161178792743,
      0.01547204874570669,
      0.0071513474582293075
    ],
    [
      0.7093745223068926,
      0.7184990869896243,
      0.0,
      0.7788605170898559,
      0.7286557861983356,
      0.7206408824187462,
      0.7270474473717142,
      0.7394029552808644,
      0.7491527110659723,
      0.7600145357488187,
      0.7950362097541256,
      0.7568539487285911,
      0.012519309018235156,
      0.0017769009828172107
    ],
    [
      0.7136235471678958,
      0.7012766660332298,
      0.7788605170898559,
      0.0,
      0.7525207895730002,
      0.7347729954744475,
      0.731402329851797,
      0.7541001924468331,
      0.753640000070454,
      0.7752692149128211,
      0.8108392791638794,
      0.7613873667513278,
      0.012594297410950575,
      0.0017875442977575023
    ],
    [
      0.7432804319703468,
      0.6974290175326378,
      0.7286557861983356,
      0.7525207895730002,
      0.0,
      0.7488539239099357,
      0.7111746974434301,
      0.7766125519509621,
      0.7327973634060415,
      0.7707316298883345,
      0.81649202087583,
      0.746893347580931,
      0.053538032851235345,
      0.008833459290074503
    ],
    [
      0.7113307908143771,
      0.6990235795662276,
      0.7206408824187462,
      0.7347729954744475,
      0.7488539239099357,
      0.0,
      0.7297730028924112,
      0.7583071666524637,
      0.751961133873888,
      0.7799272316073343,
      0.8153627908953794,
      0.7662981147727678,
      0.015470794519035137,
      0.0071507677411622875
    ],
    [
      0.7354895626438687,
      0.7346662570383116,
      0.7270474473717142,
      0.731402329851797,
      0.7111746974434301,
      0.7297730028924112,
      0.0,
      0.763433693436621,
      0.7950502225664272,
      0.8304315339531632,
      0.832097203536091,
      0.8032232834487539,
      0.002003115476529123,
      0.0018168835966710349
    ],
    [
      0.773966176323649,
      0.7212589566331432,
      0.7394029552808644,
      0.7541001924468331,
      0.7766125519509621,
      0.7583071666524637,
      0.763433693436621,
      0.0,
      0.7866452492471361,
      0.8288037204514818,
      0.8662819668730102,
      0.8144923072657761,
      0.01732356955116481,
      0.0018222520625550758
    ],
    [
      0.7807930626756651,
      0.7344585269368029,
      0.7491527110659723,
      0.753640000070454,
      0.7327973634060415,
      0.751961133873888,
      0.7950502225664272,
      0.7866452492471361,
      0.0,
      0.8311008130492479,
      0.8774705305364356,
      0.8470221469943544,
      0.08638948366903404,
      0.0018721243093898802
    ],
    [
      0.7755912658463101,
      0.751742304099584,
      0.7600145357488187,
      0.7752692149128211,
      0.7707316298883345,
      0.7799272316073343,
      0.8304315339531632,
      0.8288037204514818,
      0.8311008130492479,
      0.0,
      0.9028945791785888,
      0.8602400264866924,
      0.01805573446308378,
      0.0018992678887065106
    ],
    [
      0.8001305734236492,
      0.7755270422741524,
      0.7950362097541256,
      0.8108392791638794,
      0.81649202087583,
      0.8153627908953794,
      0.832097203536091,
      0.8662819668730102,
      0.8774705305364356,
      0.9028945791785888,
      0.0,
      0.9077380552707203,
      0.01862700954881364,
      0.0019593598460934092
    ],
    [
      0.7723659016295318,
      0.7486161178792743,
      0.7568539487285911,
      0.7613873667513278,
      0.746893347580931,
      0.7662981147727678,
      0.8032232834487539,
      0.8144923072657761,
      0.8470221469943544,
      0.8602400264866924,
      0.9077380552707203,
      0.0,
      0.01798064810973072,
      0.01477001971906881
    ],
    [
      0.026279873536632137,
      0.01547204874570669,
      0.012519309018235156,
      0.012594297410950575,
      0.053538032851235345,
      0.015470794519035137,
      0.002003115476529123,
      0.01732356955116481,
      0.08638948366903404,
      0.01805573446308378,
      0.01862700954881364,
      0.01798064810973072,
      0.0,
      0.0784047505730247
    ],
    [
      0.007277255528198298,
      0.0071513474582293075,
      0.0017769009828172107,
      0.0017875442977575023,
      0.008833459290074503,
      0.0071507677411622875,
      0.0018168835966710349,
      0.0018222520625550758,
      0.0018721243093898802,
      0.0018992678887065106,
      0.0019593598460934092,
      0.01477001971906881,
      0.0784047505730247,
      0.0
    ]
  ],
  "dendrogram": {
    "name": "",
    "leaf": false,
    "children": [
      {
        "name": "",
        "leaf": false,
        "children": [
          {
            "name": "",
            "leaf": false,
            "children": [
              {
                "name": "nemo",
                "leaf": true,
                "spectral_index": 0,
                "value": 0.0
              },
              {
                "name": "pisces",
                "leaf": true,
                "spectral_index": 1,
                "value": 0.0
              }
            ],
            "value": 0.20322125917636458
          },
          {
            "name": "",
            "leaf": false,
            "children": [
              {
                "name": "",
                "leaf": false,
                "children": [
                  {
                    "name": "IFS",
                    "leaf": true,
                    "spectral_index": 2,
                    "value": 0.0
                  },
                  {
                    "name": "GEOS",
                    "leaf": true,
                    "spectral_index": 3,
                    "value": 0.0
                  }
                ],
                "value": 0.22113948291014407
              },
              {
                "name": "",
                "leaf": false,
                "children": [
                  {
                    "name": "CAM",
                    "leaf": true,
                    "spectral_index": 4,
                    "value": 0.0
                  },
                  {
                    "name": "",
                    "leaf": false,
                    "children": [
                      {
                        "name": "NICAM",
                        "leaf": true,
                        "spectral_index": 5,
                        "value": 0.0
                      },
                      {
                        "name": "",
                        "leaf": false,
                        "children": [
                          {
                            "name": "tactic",
                            "leaf": true,
                            "spectral_index": 6,
                            "value": 0.0
                          },
                          {
                            "name": "",
                            "leaf": false,
                            "children": [
                              {
                                "name": "hadam",
                                "leaf": true,
                                "spectral_index": 7,
                                "value": 0.0
                              },
                              {
                                "name": "",
                                "leaf": false,
                                "children": [
                                  {
                                    "name": "surfex",
                                    "leaf": true,
                                    "spectral_index": 8,
                                    "value": 0.0
                                  },
                                  {
                                    "name": "",
                                    "leaf": false,
                                    "children": [
                                      {
                                        "name": "reprobus",
                                        "leaf": true,
                                        "spectral_index": 9,
                                        "value": 0.0
                                      },
                                      {
                                        "name": "",
                                        "leaf": false,
                                        "children": [
                                          {
                                            "name": "arpege-climat",
                                            "leaf": true,
                                            "spectral_index": 10,
                                            "value": 0.0
                                          },
                                          {
                                            "name": "gelato",
                                            "leaf": true,
                                            "spectral_index": 11,
                                            "value": 0.0
                                          }
                                        ],
                                        "value": 0.09226194472927973
                                      }
                                    ],
                                    "value": 0.11843269716735938
                                  }
                                ],
                                "value": 0.14813550313998736
                              }
                            ],
                            "value": 0.17594418904064896
                          }
                        ],
                        "value": 0.19515281261178874
                      }
                    ],
                    "value": 0.2330617598842926
                  }
                ],
                "value": 0.24234920927779074
              }
            ],
            "value": 0.246828959699267
          }
        ],
        "value": 0.2600778305107413
      },
      {
        "name": "",
        "leaf": false,
        "children": [
          {
            "name": "CLM",
            "leaf": true,
            "spectral_index": 12,
            "value": 0.0
          },
          {
            "name": "BISICLES",
            "leaf": true,
            "spectral_index": 13,
            "value": 0.0
          }
        ],
        "value": 0.9215952494269752
      }
    ],
    "value": 0.9852345375157969
  },
  "schema": {
    "name": "record",
    "children": [
      {
        "name": "collaborative_institutions",
        "type": "scalar"
      },
      {
        "name": "common_scientific_basis",
        "type": "scalar"
      },
      {
        "name": "computational_requirements",
        "type": "scalar"
      },
      {
        "name": "description",
        "type": "scalar"
      },
      {
        "name": "documentation",
        "type": "scalar"
      },
      {
        "name": "established",
        "type": "scalar"
      },
      {
        "name": "evolution",
        "type": "scalar"
      },
      {
        "name": "family_type",
        "type": "scalar"
      },
      {
        "name": "license",
        "type": "scalar"
      },
      {
        "name": "primary_institution",
        "type": "scalar"
      },
      {
        "name": "programming_languages",
        "type": "scalar"
      },
      {
        "name": "references",
        "type": "scalar"
      },
      {
        "name": "representative_member",
        "type": "scalar"
      },
      {
        "name": "scientific_domains",
        "type": "scalar"
      },
      {
        "name": "shared_code_base",
        "type": "scalar"
      },
      {
        "name": "software_dependencies",
        "type": "scalar"
      },
      {
        "name": "source_code_repository",
        "type": "scalar"
      },
      {
        "name": "ui_label",
        "type": "scalar"
      },
      {
        "name": "validation_key",
        "type": "scalar"
      },
      {
        "name": "variation_dimensions",
        "type": "scalar"
      },
      {
        "name": "website",
        "type": "scalar"
      }
    ]
  }
}