{
  "stem": "Component_Families",
  "singular": "Component Family",
  "endpoint": "model_family",
  "count": 28,
  "method": "field-level | link: field-level (links uninformative) | order: spectral graph components",
  "entries": [
    {
      "id": "gelato",
      "label": "gelato",
      "spectral_rank": 0
    },
    {
      "id": "surfex",
      "label": "surfex",
      "spectral_rank": 1
    },
    {
      "id": "tactic",
      "label": "tactic",
      "spectral_rank": 2
    },
    {
      "id": "reprobus",
      "label": "reprobus",
      "spectral_rank": 3
    },
    {
      "id": "arpege-climat",
      "label": "arpege-climat",
      "spectral_rank": 4
    },
    {
      "id": "pisces",
      "label": "pisces",
      "spectral_rank": 5
    },
    {
      "id": "nemo",
      "label": "nemo",
      "spectral_rank": 6
    },
    {
      "id": "hadam",
      "label": "hadam",
      "spectral_rank": 7
    },
    {
      "id": "CAM",
      "label": "CAM",
      "spectral_rank": 8
    },
    {
      "id": "NICAM",
      "label": "NICAM",
      "spectral_rank": 9
    },
    {
      "id": "GEOS",
      "label": "GEOS",
      "spectral_rank": 10
    },
    {
      "id": "cannemo",
      "label": "cannemo",
      "spectral_rank": 11
    },
    {
      "id": "canam",
      "label": "canam",
      "spectral_rank": 12
    },
    {
      "id": "jules",
      "label": "jules",
      "spectral_rank": 13
    },
    {
      "id": "metum",
      "label": "metum",
      "spectral_rank": 14
    },
    {
      "id": "fesim",
      "label": "fesim",
      "spectral_rank": 15
    },
    {
      "id": "cable",
      "label": "cable",
      "spectral_rank": 16
    },
    {
      "id": "glomap-mode",
      "label": "glomap-mode",
      "spectral_rank": 17
    },
    {
      "id": "SI3",
      "label": "SI3",
      "spectral_rank": 18
    },
    {
      "id": "lpj-guess",
      "label": "lpj-guess",
      "spectral_rank": 19
    },
    {
      "id": "cmoc",
      "label": "cmoc",
      "spectral_rank": 20
    },
    {
      "id": "ifs",
      "label": "ifs",
      "spectral_rank": 21
    },
    {
      "id": "CLM",
      "label": "CLM",
      "spectral_rank": 22
    },
    {
      "id": "fesom",
      "label": "fesom",
      "spectral_rank": 23
    },
    {
      "id": "lim",
      "label": "lim",
      "spectral_rank": 24
    },
    {
      "id": "class-ctem",
      "label": "class-ctem",
      "spectral_rank": 25
    },
    {
      "id": "BISICLES",
      "label": "BISICLES",
      "spectral_rank": 26
    },
    {
      "id": "wombat",
      "label": "wombat",
      "spectral_rank": 27
    }
  ],
  "link_matrix": [
    [
      0.0,
      0.8848739495798319,
      0.8937473294402506,
      0.8851992409867173,
      0.8840336134453781,
      0.8253869969040248,
      0.7806026365348399,
      0.826890756302521,
      0.8251336898395722,
      0.8246289169873556,
      0.8250377073906485,
      0.07114285714285715,
      0.0727241379310345,
      0.05263157894736842,
      0.05352363960749331,
      0.09296398046398047,
      0.06010266940451745,
      0.05901600753295668,
      0.09313492063492064,
      0.05,
      0.0703875968992248,
      0.05006553079947575,
      0.06096925482021886,
      0.05,
      0.09322077922077923,
      0.07082644628099173,
      0.05480688827756705,
      0.06024721878862793
    ],
    [
      0.8848739495798319,
      0.0,
      0.8857142857142857,
      0.8859943977591036,
      0.9092436974789916,
      0.8278637770897833,
      0.7817460317460317,
      0.8394957983193277,
      0.8245989304812834,
      0.8268279274326553,
      0.8250377073906485,
      0.07085714285714287,
      0.07237931034482759,
      0.10087719298245613,
      0.054135338345864654,
      0.05016025641025641,
      0.10624401095140315,
      0.05071428571428571,
      0.050555555555555555,
      0.09583333333333333,
      0.0703875968992248,
      0.05004914809960681,
      0.1068264721208963,
      0.05002845759817871,
      0.05063636363636363,
      0.1162465564738292,
      0.07725781758102372,
      0.06018541409147095
    ],
    [
      0.8937473294402506,
      0.8857142857142857,
      0.0,
      0.8907563025210083,
      0.9025210084033614,
      0.8247678018575851,
      0.7807017543859649,
      0.8445378151260504,
      0.8433155080213903,
      0.843375481033535,
      0.8411764705882353,
      0.06999999999999999,
      0.07341379310344828,
      0.05561072492552135,
      0.06842105263157895,
      0.057222985347985346,
      0.06082135523613963,
      0.05610587002096436,
      0.057420634920634914,
      0.05003249566724437,
      0.06999999999999999,
      0.06506553079947576,
      0.053673788431474724,
      0.05004268639726807,
      0.05777922077922078,
      0.07041322314049588,
      0.056370202503726506,
      0.06024721878862793
    ],
    [
      0.8851992409867173,
      0.8859943977591036,
      0.8907563025210083,
      0.0,
      0.9084033613445378,
      0.8530738611233968,
      0.7831541218637993,
      0.8495798319327731,
      0.8503437738731856,
      0.8498390010209691,
      0.852510234863176,
      0.07085714285714287,
      0.0706896551724138,
      0.057684533915433746,
      0.08282803783652681,
      0.05008012820512821,
      0.06268896059450474,
      0.054390681003584226,
      0.05138888888888889,
      0.05239178427003384,
      0.09414174972314507,
      0.07144495412844036,
      0.058264473063847744,
      0.05,
      0.05036363636363637,
      0.07300078709169619,
      0.05835536342583376,
      0.08142857142857143
    ],
    [
      0.8840336134453781,
      0.9092436974789916,
      0.9025210084033614,
      0.9084033613445378,
      0.0,
      0.8260061919504644,
      0.7793650793650794,
      0.9168067226890756,
      0.8834224598930481,
      0.8867509620670698,
      0.8846153846153846,
      0.07085714285714287,
      0.07306896551724137,
      0.05338345864661654,
      0.10526315789473684,
      0.050186965811965814,
      0.061129363449691984,
      0.052142857142857144,
      0.050277777777777775,
      0.05001083188908145,
      0.0703875968992248,
      0.10003276539973789,
      0.053673788431474724,
      0.05004268639726807,
      0.050545454545454546,
      0.07041322314049588,
      0.0611122556564102,
      0.060309023485784916
    ],
    [
      0.8253869969040248,
      0.8278637770897833,
      0.8247678018575851,
      0.8530738611233968,
      0.8260061919504644,
      0.0,
      0.8483152325257588,
      0.8272445820433437,
      0.8256684491978609,
      0.8262781748213304,
      0.8325421396628827,
      0.06276190476190477,
      0.05068965517241379,
      0.05318559556786704,
      0.053739612188365656,
      0.05024038461538462,
      0.05051334702258727,
      0.05435672514619884,
      0.05083333333333333,
      0.05001083188908145,
      0.10271317829457365,
      0.05006553079947575,
      0.053673788431474724,
      0.06193321950294062,
      0.05027272727272727,
      0.051239669421487596,
      0.06796478301440916,
      0.10012360939431397
    ],
    [
      0.7806026365348399,
      0.7817460317460317,
      0.7807017543859649,
      0.7831541218637993,
      0.7793650793650794,
      0.8483152325257588,
      0.0,
      0.780952380952381,
      0.7823232323232323,
      0.778816199376947,
      0.7875118708452041,
      0.10142857142857142,
      0.05137931034482759,
      0.054478301015697145,
      0.05263157894736842,
      0.050026709401709404,
      0.06601176031360836,
      0.050877192982456146,
      0.050277777777777775,
      0.05002166377816292,
      0.06345514950166113,
      0.05001638269986893,
      0.07998957790515894,
      0.10001422879908936,
      0.05009090909090909,
      0.050413223140495865,
      0.0735015208987239,
      0.06515337129907588
    ],
    [
      0.826890756302521,
      0.8394957983193277,
      0.8445378151260504,
      0.8495798319327731,
      0.9168067226890756,
      0.8272445820433437,
      0.780952380952381,
      0.0,
      0.8834224598930481,
      0.8873007146783948,
      0.8853695324283559,
      0.05171428571428571,
      0.052034482758620694,
      0.10601503759398496,
      0.15864661654135337,
      0.05016025641025641,
      0.05154004106776181,
      0.10357142857142856,
      0.050555555555555555,
      0.05003249566724437,
      0.05155038759689923,
      0.1001310615989515,
      0.053152683689421575,
      0.05004268639726807,
      0.05063636363636363,
      0.050619834710743807,
      0.0611122556564102,
      0.050370828182941904
    ],
    [
      0.8251336898395722,
      0.8245989304812834,
      0.8433155080213903,
      0.8503437738731856,
      0.8834224598930481,
      0.8256684491978609,
      0.7823232323232323,
      0.8834224598930481,
      0.0,
      0.8850267379679144,
      0.8920974450386215,
      0.061142857142857145,
      0.06272413793103448,
      0.05311004784688995,
      0.10526315789473684,
      0.05016025641025641,
      0.06061601642710472,
      0.05,
      0.05583333333333333,
      0.050043327556325824,
      0.06310077519379845,
      0.11006553079947574,
      0.11148325358851674,
      0.05005691519635743,
      0.05655555555555556,
      0.06165289256198346,
      0.06089907644375209,
      0.06055624227441285
    ],
    [
      0.8246289169873556,
      0.8268279274326553,
      0.843375481033535,
      0.8498390010209691,
      0.8867509620670698,
      0.8262781748213304,
      0.778816199376947,
      0.8873007146783948,
      0.8850267379679144,
      0.0,
      0.8921874045568383,
      0.05171428571428571,
      0.0513448275862069,
      0.05361534677816036,
      0.10526315789473684,
      0.05026709401709402,
      0.05071868583162218,
      0.05046728971962616,
      0.054722222222222214,
      0.05002166377816292,
      0.05155038759689923,
      0.10724115334207078,
      0.05558288243974422,
      0.0500996015936255,
      0.050545454545454546,
      0.050619834710743807,
      0.06244180326931217,
      0.050370828182941904
    ],
    [
      0.8250377073906485,
      0.8250377073906485,
      0.8411764705882353,
      0.852510234863176,
      0.8846153846153846,
      0.8325421396628827,
      0.7875118708452041,
      0.8853695324283559,
      0.8920974450386215,
      0.8921874045568383,
      0.0,
      0.05114285714285714,
      0.05272413793103449,
      0.053981106612685556,
      0.10526315789473684,
      0.050213675213675216,
      0.050616016427104726,
      0.051923076923076926,
      0.05333333333333333,
      0.05001083188908145,
      0.050775193798449615,
      0.10001638269986893,
      0.06004284638990215,
      0.05002845759817871,
      0.05036363636363637,
      0.050619834710743807,
      0.06059115091435705,
      0.05
    ],
    [
      0.07114285714285715,
      0.07085714285714287,
      0.06999999999999999,
      0.07085714285714287,
      0.07085714285714287,
      0.06276190476190477,
      0.10142857142857142,
      0.05171428571428571,
      0.061142857142857145,
      0.05171428571428571,
      0.05114285714285714,
      0.0,
      0.616938775510204,
      0.12642857142857142,
      0.125,
      0.27026709401709403,
      0.20312481666177762,
      0.21633928571428573,
      0.36547619047619045,
      0.10045760163705082,
      0.491156462585034,
      0.12045871559633028,
      0.06142857142857142,
      0.30210124751957423,
      0.3031457431457431,
      0.44876033057851245,
      0.05142857142857142,
      0.14609847894658481
    ],
    [
      0.0727241379310345,
      0.07237931034482759,
      0.07341379310344828,
      0.0706896551724138,
      0.07306896551724137,
      0.05068965517241379,
      0.05137931034482759,
      0.052034482758620694,
      0.06272413793103448,
      0.0513448275862069,
      0.05272413793103449,
      0.616938775510204,
      0.0,
      0.12836206896551725,
      0.1525,
      0.2948739316239316,
      0.19864271047227927,
      0.23838362068965518,
      0.36992063492063487,
      0.10254691904533211,
      0.46206896551724136,
      0.12219659239842726,
      0.06237931034482759,
      0.22130058914919476,
      0.3065575193394742,
      0.45028925619834714,
      0.05103448275862069,
      0.1203708281829419
    ],
    [
      0.05263157894736842,
      0.10087719298245613,
      0.05561072492552135,
      0.057684533915433746,
      0.05338345864661654,
      0.05318559556786704,
      0.054478301015697145,
      0.10601503759398496,
      0.05311004784688995,
      0.05361534677816036,
      0.053981106612685556,
      0.12642857142857142,
      0.12836206896551725,
      0.0,
      0.5767195767195767,
      0.10005341880341881,
      0.20020533880903493,
      0.5027173913043479,
      0.12569444444444444,
      0.2,
      0.12790697674418605,
      0.1,
      0.09632838283828382,
      0.1,
      0.12522727272727271,
      0.26301652892561983,
      0.06765676567656766,
      0.10012360939431397
    ],
    [
      0.05352363960749331,
      0.054135338345864654,
      0.06842105263157895,
      0.08282803783652681,
      0.10526315789473684,
      0.053739612188365656,
      0.05263157894736842,
      0.15864661654135337,
      0.10526315789473684,
      0.10526315789473684,
      0.10526315789473684,
      0.125,
      0.1525,
      0.5767195767195767,
      0.0,
      0.12,
      0.1002053388090349,
      0.5027173913043479,
      0.12638888888888888,
      0.1000216637781629,
      0.12693798449612403,
      0.2,
      0.0504950495049505,
      0.1200284575981787,
      0.12568181818181817,
      0.12551652892561985,
      0.0554950495049505,
      0.10024721878862794
    ],
    [
      0.09296398046398047,
      0.05016025641025641,
      0.057222985347985346,
      0.05008012820512821,
      0.050186965811965814,
      0.05024038461538462,
      0.050026709401709404,
      0.05016025641025641,
      0.05016025641025641,
      0.05026709401709402,
      0.050213675213675216,
      0.27026709401709403,
      0.2948739316239316,
      0.10005341880341881,
      0.12,
      0.0,
      0.28998441221801874,
      0.17719017094017092,
      0.356784188034188,
      0.20623873558109634,
      0.20048076923076924,
      0.16841186912396683,
      0.05932903498310475,
      0.5684527227853922,
      0.3021941873915558,
      0.20431721056721058,
      0.1095534188034188,
      0.2161309523809524
    ],
    [
      0.06010266940451745,
      0.10624401095140315,
      0.06082135523613963,
      0.06268896059450474,
      0.061129363449691984,
      0.05051334702258727,
      0.06601176031360836,
      0.05154004106776181,
      0.06061601642710472,
      0.05071868583162218,
      0.050616016427104726,
      0.20312481666177762,
      0.19864271047227927,
      0.20020533880903493,
      0.1002053388090349,
      0.28998441221801874,
      0.0,
      0.15020533880903492,
      0.1549640657084189,
      0.29363937267380746,
      0.14116255731731792,
      0.14296736467678545,
      0.1331994155545423,
      0.2144025972191997,
      0.10454545454545454,
      0.23298441291767782,
      0.12073897744741317,
      0.3029574314256106
    ],
    [
      0.05901600753295668,
      0.05071428571428571,
      0.05610587002096436,
      0.054390681003584226,
      0.052142857142857144,
      0.05435672514619884,
      0.050877192982456146,
      0.10357142857142856,
      0.05,
      0.05046728971962616,
      0.051923076923076926,
      0.21633928571428573,
      0.23838362068965518,
      0.5027173913043479,
      0.5027173913043479,
      0.17719017094017092,
      0.15020533880903492,
      0.0,
      0.19824561403508772,
      0.10030595518991044,
      0.14621505755226685,
      0.10045930702953854,
      0.05148514851485149,
      0.1008575735667369,
      0.12960858585858584,
      0.13881714876033058,
      0.050990099009900994,
      0.11464646464646464
    ],
    [
      0.09313492063492064,
      0.050555555555555555,
      0.057420634920634914,
      0.05138888888888889,
      0.050277777777777775,
      0.05083333333333333,
      0.050277777777777775,
      0.050555555555555555,
      0.05583333333333333,
      0.054722222222222214,
      0.05333333333333333,
      0.36547619047619045,
      0.36992063492063487,
      0.12569444444444444,
      0.12638888888888888,
      0.356784188034188,
      0.1549640657084189,
      0.19824561403508772,
      0.0,
      0.10032495667244368,
      0.29047619047619044,
      0.10787957789017637,
      0.05638888888888889,
      0.20108523435216666,
      0.4880519480519481,
      0.29604486422668247,
      0.05472222222222223,
      0.10594197629608086
    ],
    [
      0.05,
      0.09583333333333333,
      0.05003249566724437,
      0.05239178427003384,
      0.05001083188908145,
      0.05001083188908145,
      0.05002166377816292,
      0.05003249566724437,
      0.050043327556325824,
      0.05002166377816292,
      0.05001083188908145,
      0.10045760163705082,
      0.10254691904533211,
      0.2,
      0.1000216637781629,
      0.20623873558109634,
      0.29363937267380746,
      0.10030595518991044,
      0.10032495667244368,
      0.0,
      0.1007878829007538,
      0.13316627035682146,
      0.10864569478591486,
      0.20837944498966401,
      0.1188382936715087,
      0.20643837046626717,
      0.12250654039778823,
      0.1803265625015536
    ],
    [
      0.0703875968992248,
      0.0703875968992248,
      0.06999999999999999,
      0.09414174972314507,
      0.0703875968992248,
      0.10271317829457365,
      0.06345514950166113,
      0.05155038759689923,
      0.06310077519379845,
      0.05155038759689923,
      0.050775193798449615,
      0.491156462585034,
      0.46206896551724136,
      0.12790697674418605,
      0.12693798449612403,
      0.20048076923076924,
      0.14116255731731792,
      0.14621505755226685,
      0.29047619047619044,
      0.1007878829007538,
      0.0,
      0.12203441194978967,
      0.06155038759689922,
      0.22623995651884096,
      0.31307250811010207,
      0.4557953324870618,
      0.05193798449612404,
      0.22337834697993436
    ],
    [
      0.05006553079947575,
      0.05004914809960681,
      0.06506553079947576,
      0.07144495412844036,
      0.10003276539973789,
      0.05006553079947575,
      0.05001638269986893,
      0.1001310615989515,
      0.11006553079947574,
      0.10724115334207078,
      0.10001638269986893,
      0.12045871559633028,
      0.12219659239842726,
      0.1,
      0.2,
      0.16841186912396683,
      0.14296736467678545,
      0.10045930702953854,
      0.10787957789017637,
      0.13316627035682146,
      0.12203441194978967,
      0.0,
      0.09559617787802127,
      0.16151134176986565,
      0.12194025315444187,
      0.12961504795340453,
      0.0660739059553112,
      0.157092112173588
    ],
    [
      0.06096925482021886,
      0.1068264721208963,
      0.053673788431474724,
      0.058264473063847744,
      0.053673788431474724,
      0.053673788431474724,
      0.07998957790515894,
      0.053152683689421575,
      0.11148325358851674,
      0.05558288243974422,
      0.06004284638990215,
      0.06142857142857142,
      0.06237931034482759,
      0.09632838283828382,
      0.0504950495049505,
      0.05932903498310475,
      0.1331994155545423,
      0.05148514851485149,
      0.05638888888888889,
      0.10864569478591486,
      0.06155038759689922,
      0.09559617787802127,
      0.0,
      0.06053626027451655,
      0.05601010101010101,
      0.10769283746556473,
      0.2551727331928142,
      0.08048710725270936
    ],
    [
      0.05,
      0.05002845759817871,
      0.05004268639726807,
      0.05,
      0.05004268639726807,
      0.06193321950294062,
      0.10001422879908936,
      0.05004268639726807,
      0.05005691519635743,
      0.0500996015936255,
      0.05002845759817871,
      0.30210124751957423,
      0.22130058914919476,
      0.1,
      0.1200284575981787,
      0.5684527227853922,
      0.2144025972191997,
      0.1008575735667369,
      0.20108523435216666,
      0.20837944498966401,
      0.22623995651884096,
      0.16151134176986565,
      0.06053626027451655,
      0.0,
      0.22013028965220202,
      0.21302588872309988,
      0.10079268639726809,
      0.2327831018269265
    ],
    [
      0.09322077922077923,
      0.05063636363636363,
      0.05777922077922078,
      0.05036363636363637,
      0.050545454545454546,
      0.05027272727272727,
      0.05009090909090909,
      0.05063636363636363,
      0.05655555555555556,
      0.050545454545454546,
      0.05036363636363637,
      0.3031457431457431,
      0.3065575193394742,
      0.12522727272727271,
      0.12568181818181817,
      0.3021941873915558,
      0.10454545454545454,
      0.12960858585858584,
      0.4880519480519481,
      0.1188382936715087,
      0.31307250811010207,
      0.12194025315444187,
      0.05601010101010101,
      0.22013028965220202,
      0.0,
      0.3336349531838253,
      0.05118181818181818,
      0.1387908894609825
    ],
    [
      0.07082644628099173,
      0.1162465564738292,
      0.07041322314049588,
      0.07300078709169619,
      0.07041322314049588,
      0.051239669421487596,
      0.050413223140495865,
      0.050619834710743807,
      0.06165289256198346,
      0.050619834710743807,
      0.050619834710743807,
      0.44876033057851245,
      0.45028925619834714,
      0.26301652892561983,
      0.12551652892561985,
      0.20431721056721058,
      0.23298441291767782,
      0.13881714876033058,
      0.29604486422668247,
      0.20643837046626717,
      0.4557953324870618,
      0.12961504795340453,
      0.10769283746556473,
      0.21302588872309988,
      0.3336349531838253,
      0.0,
      0.06769972451790633,
      0.15431424879199912
    ],
    [
      0.05480688827756705,
      0.07725781758102372,
      0.056370202503726506,
      0.05835536342583376,
      0.0611122556564102,
      0.06796478301440916,
      0.0735015208987239,
      0.0611122556564102,
      0.06089907644375209,
      0.06244180326931217,
      0.06059115091435705,
      0.05142857142857142,
      0.05103448275862069,
      0.06765676567656766,
      0.0554950495049505,
      0.1095534188034188,
      0.12073897744741317,
      0.050990099009900994,
      0.05472222222222223,
      0.12250654039778823,
      0.05193798449612404,
      0.0660739059553112,
      0.2551727331928142,
      0.10079268639726809,
      0.05118181818181818,
      0.06769972451790633,
      0.0,
      0.08489463770675142
    ],
    [
      0.06024721878862793,
      0.06018541409147095,
      0.06024721878862793,
      0.08142857142857143,
      0.060309023485784916,
      0.10012360939431397,
      0.06515337129907588,
      0.050370828182941904,
      0.06055624227441285,
      0.050370828182941904,
      0.05,
      0.14609847894658481,
      0.1203708281829419,
      0.10012360939431397,
      0.10024721878862794,
      0.2161309523809524,
      0.3029574314256106,
      0.11464646464646464,
      0.10594197629608086,
      0.1803265625015536,
      0.22337834697993436,
      0.157092112173588,
      0.08048710725270936,
      0.2327831018269265,
      0.1387908894609825,
      0.15431424879199912,
      0.08489463770675142,
      0.0
    ]
  ],
  "text_matrix": [
    [
      0.0,
      0.8848739495798319,
      0.8937473294402506,
      0.8851992409867173,
      0.8840336134453781,
      0.8253869969040248,
      0.7806026365348399,
      0.826890756302521,
      0.8251336898395722,
      0.8246289169873556,
      0.8250377073906485,
      0.07114285714285715,
      0.0727241379310345,
      0.05263157894736842,
      0.05352363960749331,
      0.09296398046398047,
      0.06010266940451745,
      0.05901600753295668,
      0.09313492063492064,
      0.05,
      0.0703875968992248,
      0.05006553079947575,
      0.06096925482021886,
      0.05,
      0.09322077922077923,
      0.07082644628099173,
      0.05480688827756705,
      0.06024721878862793
    ],
    [
      0.8848739495798319,
      0.0,
      0.8857142857142857,
      0.8859943977591036,
      0.9092436974789916,
      0.8278637770897833,
      0.7817460317460317,
      0.8394957983193277,
      0.8245989304812834,
      0.8268279274326553,
      0.8250377073906485,
      0.07085714285714287,
      0.07237931034482759,
      0.10087719298245613,
      0.054135338345864654,
      0.05016025641025641,
      0.10624401095140315,
      0.05071428571428571,
      0.050555555555555555,
      0.09583333333333333,
      0.0703875968992248,
      0.05004914809960681,
      0.1068264721208963,
      0.05002845759817871,
      0.05063636363636363,
      0.1162465564738292,
      0.07725781758102372,
      0.06018541409147095
    ],
    [
      0.8937473294402506,
      0.8857142857142857,
      0.0,
      0.8907563025210083,
      0.9025210084033614,
      0.8247678018575851,
      0.7807017543859649,
      0.8445378151260504,
      0.8433155080213903,
      0.843375481033535,
      0.8411764705882353,
      0.06999999999999999,
      0.07341379310344828,
      0.05561072492552135,
      0.06842105263157895,
      0.057222985347985346,
      0.06082135523613963,
      0.05610587002096436,
      0.057420634920634914,
      0.05003249566724437,
      0.06999999999999999,
      0.06506553079947576,
      0.053673788431474724,
      0.05004268639726807,
      0.05777922077922078,
      0.07041322314049588,
      0.056370202503726506,
      0.06024721878862793
    ],
    [
      0.8851992409867173,
      0.8859943977591036,
      0.8907563025210083,
      0.0,
      0.9084033613445378,
      0.8530738611233968,
      0.7831541218637993,
      0.8495798319327731,
      0.8503437738731856,
      0.8498390010209691,
      0.852510234863176,
      0.07085714285714287,
      0.0706896551724138,
      0.057684533915433746,
      0.08282803783652681,
      0.05008012820512821,
      0.06268896059450474,
      0.054390681003584226,
      0.05138888888888889,
      0.05239178427003384,
      0.09414174972314507,
      0.07144495412844036,
      0.058264473063847744,
      0.05,
      0.05036363636363637,
      0.07300078709169619,
      0.05835536342583376,
      0.08142857142857143
    ],
    [
      0.8840336134453781,
      0.9092436974789916,
      0.9025210084033614,
      0.9084033613445378,
      0.0,
      0.8260061919504644,
      0.7793650793650794,
      0.9168067226890756,
      0.8834224598930481,
      0.8867509620670698,
      0.8846153846153846,
      0.07085714285714287,
      0.07306896551724137,
      0.05338345864661654,
      0.10526315789473684,
      0.050186965811965814,
      0.061129363449691984,
      0.052142857142857144,
      0.050277777777777775,
      0.05001083188908145,
      0.0703875968992248,
      0.10003276539973789,
      0.053673788431474724,
      0.05004268639726807,
      0.050545454545454546,
      0.07041322314049588,
      0.0611122556564102,
      0.060309023485784916
    ],
    [
      0.8253869969040248,
      0.8278637770897833,
      0.8247678018575851,
      0.8530738611233968,
      0.8260061919504644,
      0.0,
      0.8483152325257588,
      0.8272445820433437,
      0.8256684491978609,
      0.8262781748213304,
      0.8325421396628827,
      0.06276190476190477,
      0.05068965517241379,
      0.05318559556786704,
      0.053739612188365656,
      0.05024038461538462,
      0.05051334702258727,
      0.05435672514619884,
      0.05083333333333333,
      0.05001083188908145,
      0.10271317829457365,
      0.05006553079947575,
      0.053673788431474724,
      0.06193321950294062,
      0.05027272727272727,
      0.051239669421487596,
      0.06796478301440916,
      0.10012360939431397
    ],
    [
      0.7806026365348399,
      0.7817460317460317,
      0.7807017543859649,
      0.7831541218637993,
      0.7793650793650794,
      0.8483152325257588,
      0.0,
      0.780952380952381,
      0.7823232323232323,
      0.778816199376947,
      0.7875118708452041,
      0.10142857142857142,
      0.05137931034482759,
      0.054478301015697145,
      0.05263157894736842,
      0.050026709401709404,
      0.06601176031360836,
      0.050877192982456146,
      0.050277777777777775,
      0.05002166377816292,
      0.06345514950166113,
      0.05001638269986893,
      0.07998957790515894,
      0.10001422879908936,
      0.05009090909090909,
      0.050413223140495865,
      0.0735015208987239,
      0.06515337129907588
    ],
    [
      0.826890756302521,
      0.8394957983193277,
      0.8445378151260504,
      0.8495798319327731,
      0.9168067226890756,
      0.8272445820433437,
      0.780952380952381,
      0.0,
      0.8834224598930481,
      0.8873007146783948,
      0.8853695324283559,
      0.05171428571428571,
      0.052034482758620694,
      0.10601503759398496,
      0.15864661654135337,
      0.05016025641025641,
      0.05154004106776181,
      0.10357142857142856,
      0.050555555555555555,
      0.05003249566724437,
      0.05155038759689923,
      0.1001310615989515,
      0.053152683689421575,
      0.05004268639726807,
      0.05063636363636363,
      0.050619834710743807,
      0.0611122556564102,
      0.050370828182941904
    ],
    [
      0.8251336898395722,
      0.8245989304812834,
      0.8433155080213903,
      0.8503437738731856,
      0.8834224598930481,
      0.8256684491978609,
      0.7823232323232323,
      0.8834224598930481,
      0.0,
      0.8850267379679144,
      0.8920974450386215,
      0.061142857142857145,
      0.06272413793103448,
      0.05311004784688995,
      0.10526315789473684,
      0.05016025641025641,
      0.06061601642710472,
      0.05,
      0.05583333333333333,
      0.050043327556325824,
      0.06310077519379845,
      0.11006553079947574,
      0.11148325358851674,
      0.05005691519635743,
      0.05655555555555556,
      0.06165289256198346,
      0.06089907644375209,
      0.06055624227441285
    ],
    [
      0.8246289169873556,
      0.8268279274326553,
      0.843375481033535,
      0.8498390010209691,
      0.8867509620670698,
      0.8262781748213304,
      0.778816199376947,
      0.8873007146783948,
      0.8850267379679144,
      0.0,
      0.8921874045568383,
      0.05171428571428571,
      0.0513448275862069,
      0.05361534677816036,
      0.10526315789473684,
      0.05026709401709402,
      0.05071868583162218,
      0.05046728971962616,
      0.054722222222222214,
      0.05002166377816292,
      0.05155038759689923,
      0.10724115334207078,
      0.05558288243974422,
      0.0500996015936255,
      0.050545454545454546,
      0.050619834710743807,
      0.06244180326931217,
      0.050370828182941904
    ],
    [
      0.8250377073906485,
      0.8250377073906485,
      0.8411764705882353,
      0.852510234863176,
      0.8846153846153846,
      0.8325421396628827,
      0.7875118708452041,
      0.8853695324283559,
      0.8920974450386215,
      0.8921874045568383,
      0.0,
      0.05114285714285714,
      0.05272413793103449,
      0.053981106612685556,
      0.10526315789473684,
      0.050213675213675216,
      0.050616016427104726,
      0.051923076923076926,
      0.05333333333333333,
      0.05001083188908145,
      0.050775193798449615,
      0.10001638269986893,
      0.06004284638990215,
      0.05002845759817871,
      0.05036363636363637,
      0.050619834710743807,
      0.06059115091435705,
      0.05
    ],
    [
      0.07114285714285715,
      0.07085714285714287,
      0.06999999999999999,
      0.07085714285714287,
      0.07085714285714287,
      0.06276190476190477,
      0.10142857142857142,
      0.05171428571428571,
      0.061142857142857145,
      0.05171428571428571,
      0.05114285714285714,
      0.0,
      0.616938775510204,
      0.12642857142857142,
      0.125,
      0.27026709401709403,
      0.20312481666177762,
      0.21633928571428573,
      0.36547619047619045,
      0.10045760163705082,
      0.491156462585034,
      0.12045871559633028,
      0.06142857142857142,
      0.30210124751957423,
      0.3031457431457431,
      0.44876033057851245,
      0.05142857142857142,
      0.14609847894658481
    ],
    [
      0.0727241379310345,
      0.07237931034482759,
      0.07341379310344828,
      0.0706896551724138,
      0.07306896551724137,
      0.05068965517241379,
      0.05137931034482759,
      0.052034482758620694,
      0.06272413793103448,
      0.0513448275862069,
      0.05272413793103449,
      0.616938775510204,
      0.0,
      0.12836206896551725,
      0.1525,
      0.2948739316239316,
      0.19864271047227927,
      0.23838362068965518,
      0.36992063492063487,
      0.10254691904533211,
      0.46206896551724136,
      0.12219659239842726,
      0.06237931034482759,
      0.22130058914919476,
      0.3065575193394742,
      0.45028925619834714,
      0.05103448275862069,
      0.1203708281829419
    ],
    [
      0.05263157894736842,
      0.10087719298245613,
      0.05561072492552135,
      0.057684533915433746,
      0.05338345864661654,
      0.05318559556786704,
      0.054478301015697145,
      0.10601503759398496,
      0.05311004784688995,
      0.05361534677816036,
      0.053981106612685556,
      0.12642857142857142,
      0.12836206896551725,
      0.0,
      0.5767195767195767,
      0.10005341880341881,
      0.20020533880903493,
      0.5027173913043479,
      0.12569444444444444,
      0.2,
      0.12790697674418605,
      0.1,
      0.09632838283828382,
      0.1,
      0.12522727272727271,
      0.26301652892561983,
      0.06765676567656766,
      0.10012360939431397
    ],
    [
      0.05352363960749331,
      0.054135338345864654,
      0.06842105263157895,
      0.08282803783652681,
      0.10526315789473684,
      0.053739612188365656,
      0.05263157894736842,
      0.15864661654135337,
      0.10526315789473684,
      0.10526315789473684,
      0.10526315789473684,
      0.125,
      0.1525,
      0.5767195767195767,
      0.0,
      0.12,
      0.1002053388090349,
      0.5027173913043479,
      0.12638888888888888,
      0.1000216637781629,
      0.12693798449612403,
      0.2,
      0.0504950495049505,
      0.1200284575981787,
      0.12568181818181817,
      0.12551652892561985,
      0.0554950495049505,
      0.10024721878862794
    ],
    [
      0.09296398046398047,
      0.05016025641025641,
      0.057222985347985346,
      0.05008012820512821,
      0.050186965811965814,
      0.05024038461538462,
      0.050026709401709404,
      0.05016025641025641,
      0.05016025641025641,
      0.05026709401709402,
      0.050213675213675216,
      0.27026709401709403,
      0.2948739316239316,
      0.10005341880341881,
      0.12,
      0.0,
      0.28998441221801874,
      0.17719017094017092,
      0.356784188034188,
      0.20623873558109634,
      0.20048076923076924,
      0.16841186912396683,
      0.05932903498310475,
      0.5684527227853922,
      0.3021941873915558,
      0.20431721056721058,
      0.1095534188034188,
      0.2161309523809524
    ],
    [
      0.06010266940451745,
      0.10624401095140315,
      0.06082135523613963,
      0.06268896059450474,
      0.061129363449691984,
      0.05051334702258727,
      0.06601176031360836,
      0.05154004106776181,
      0.06061601642710472,
      0.05071868583162218,
      0.050616016427104726,
      0.20312481666177762,
      0.19864271047227927,
      0.20020533880903493,
      0.1002053388090349,
      0.28998441221801874,
      0.0,
      0.15020533880903492,
      0.1549640657084189,
      0.29363937267380746,
      0.14116255731731792,
      0.14296736467678545,
      0.1331994155545423,
      0.2144025972191997,
      0.10454545454545454,
      0.23298441291767782,
      0.12073897744741317,
      0.3029574314256106
    ],
    [
      0.05901600753295668,
      0.05071428571428571,
      0.05610587002096436,
      0.054390681003584226,
      0.052142857142857144,
      0.05435672514619884,
      0.050877192982456146,
      0.10357142857142856,
      0.05,
      0.05046728971962616,
      0.051923076923076926,
      0.21633928571428573,
      0.23838362068965518,
      0.5027173913043479,
      0.5027173913043479,
      0.17719017094017092,
      0.15020533880903492,
      0.0,
      0.19824561403508772,
      0.10030595518991044,
      0.14621505755226685,
      0.10045930702953854,
      0.05148514851485149,
      0.1008575735667369,
      0.12960858585858584,
      0.13881714876033058,
      0.050990099009900994,
      0.11464646464646464
    ],
    [
      0.09313492063492064,
      0.050555555555555555,
      0.057420634920634914,
      0.05138888888888889,
      0.050277777777777775,
      0.05083333333333333,
      0.050277777777777775,
      0.050555555555555555,
      0.05583333333333333,
      0.054722222222222214,
      0.05333333333333333,
      0.36547619047619045,
      0.36992063492063487,
      0.12569444444444444,
      0.12638888888888888,
      0.356784188034188,
      0.1549640657084189,
      0.19824561403508772,
      0.0,
      0.10032495667244368,
      0.29047619047619044,
      0.10787957789017637,
      0.05638888888888889,
      0.20108523435216666,
      0.4880519480519481,
      0.29604486422668247,
      0.05472222222222223,
      0.10594197629608086
    ],
    [
      0.05,
      0.09583333333333333,
      0.05003249566724437,
      0.05239178427003384,
      0.05001083188908145,
      0.05001083188908145,
      0.05002166377816292,
      0.05003249566724437,
      0.050043327556325824,
      0.05002166377816292,
      0.05001083188908145,
      0.10045760163705082,
      0.10254691904533211,
      0.2,
      0.1000216637781629,
      0.20623873558109634,
      0.29363937267380746,
      0.10030595518991044,
      0.10032495667244368,
      0.0,
      0.1007878829007538,
      0.13316627035682146,
      0.10864569478591486,
      0.20837944498966401,
      0.1188382936715087,
      0.20643837046626717,
      0.12250654039778823,
      0.1803265625015536
    ],
    [
      0.0703875968992248,
      0.0703875968992248,
      0.06999999999999999,
      0.09414174972314507,
      0.0703875968992248,
      0.10271317829457365,
      0.06345514950166113,
      0.05155038759689923,
      0.06310077519379845,
      0.05155038759689923,
      0.050775193798449615,
      0.491156462585034,
      0.46206896551724136,
      0.12790697674418605,
      0.12693798449612403,
      0.20048076923076924,
      0.14116255731731792,
      0.14621505755226685,
      0.29047619047619044,
      0.1007878829007538,
      0.0,
      0.12203441194978967,
      0.06155038759689922,
      0.22623995651884096,
      0.31307250811010207,
      0.4557953324870618,
      0.05193798449612404,
      0.22337834697993436
    ],
    [
      0.05006553079947575,
      0.05004914809960681,
      0.06506553079947576,
      0.07144495412844036,
      0.10003276539973789,
      0.05006553079947575,
      0.05001638269986893,
      0.1001310615989515,
      0.11006553079947574,
      0.10724115334207078,
      0.10001638269986893,
      0.12045871559633028,
      0.12219659239842726,
      0.1,
      0.2,
      0.16841186912396683,
      0.14296736467678545,
      0.10045930702953854,
      0.10787957789017637,
      0.13316627035682146,
      0.12203441194978967,
      0.0,
      0.09559617787802127,
      0.16151134176986565,
      0.12194025315444187,
      0.12961504795340453,
      0.0660739059553112,
      0.157092112173588
    ],
    [
      0.06096925482021886,
      0.1068264721208963,
      0.053673788431474724,
      0.058264473063847744,
      0.053673788431474724,
      0.053673788431474724,
      0.07998957790515894,
      0.053152683689421575,
      0.11148325358851674,
      0.05558288243974422,
      0.06004284638990215,
      0.06142857142857142,
      0.06237931034482759,
      0.09632838283828382,
      0.0504950495049505,
      0.05932903498310475,
      0.1331994155545423,
      0.05148514851485149,
      0.05638888888888889,
      0.10864569478591486,
      0.06155038759689922,
      0.09559617787802127,
      0.0,
      0.06053626027451655,
