{
  "stem": "Component_Families",
  "singular": "Component Family",
  "endpoint": "model_family",
  "count": 15,
  "method": "field-level | link: text (links uninformative) | order: UPGMA leaf traversal",
  "entries": [
    {
      "id": "nemo",
      "label": "nemo",
      "spectral_rank": 0
    },
    {
      "id": "pisces",
      "label": "pisces",
      "spectral_rank": 1
    },
    {
      "id": "surfex",
      "label": "surfex",
      "spectral_rank": 2
    },
    {
      "id": "reprobus",
      "label": "reprobus",
      "spectral_rank": 3
    },
    {
      "id": "gelato",
      "label": "gelato",
      "spectral_rank": 4
    },
    {
      "id": "tactic",
      "label": "tactic",
      "spectral_rank": 5
    },
    {
      "id": "arpege-climat",
      "label": "arpege-climat",
      "spectral_rank": 6
    },
    {
      "id": "hadam",
      "label": "hadam",
      "spectral_rank": 7
    },
    {
      "id": "NICAM",
      "label": "NICAM",
      "spectral_rank": 8
    },
    {
      "id": "GEOS",
      "label": "GEOS",
      "spectral_rank": 9
    },
    {
      "id": "IFS",
      "label": "IFS",
      "spectral_rank": 10
    },
    {
      "id": "CAM",
      "label": "CAM",
      "spectral_rank": 11
    },
    {
      "id": "cable",
      "label": "cable",
      "spectral_rank": 12
    },
    {
      "id": "CLM",
      "label": "CLM",
      "spectral_rank": 13
    },
    {
      "id": "BISICLES",
      "label": "BISICLES",
      "spectral_rank": 14
    }
  ],
  "link_matrix": [
    [
      0.0,
      0.8483152325257588,
      0.7817460317460317,
      0.7831541218637993,
      0.7806026365348399,
      0.7807017543859649,
      0.7793650793650794,
      0.780952380952381,
      0.778816199376947,
      0.7875118708452041,
      0.7777777777777778,
      0.7823232323232323,
      0.06601176031360836,
      0.07998957790515894,
      0.0735015208987239
    ],
    [
      0.8483152325257588,
      0.0,
      0.8278637770897833,
      0.8530738611233968,
      0.8253869969040248,
      0.8247678018575851,
      0.8260061919504644,
      0.8272445820433437,
      0.8262781748213304,
      0.8325421396628827,
      0.826625386996904,
      0.8256684491978609,
      0.05051334702258727,
      0.053673788431474724,
      0.06796478301440916
    ],
    [
      0.7817460317460317,
      0.8278637770897833,
      0.0,
      0.8859943977591036,
      0.8848739495798319,
      0.8857142857142857,
      0.9092436974789916,
      0.8394957983193277,
      0.8268279274326553,
      0.8250377073906485,
      0.8265460030165912,
      0.8245989304812834,
      0.10624401095140315,
      0.1068264721208963,
      0.07725781758102372
    ],
    [
      0.7831541218637993,
      0.8530738611233968,
      0.8859943977591036,
      0.0,
      0.8851992409867173,
      0.8907563025210083,
      0.9084033613445378,
      0.8495798319327731,
      0.8498390010209691,
      0.852510234863176,
      0.8494936436112906,
      0.8503437738731856,
      0.06268896059450474,
      0.058264473063847744,
      0.05835536342583376
    ],
    [
      0.7806026365348399,
      0.8253869969040248,
      0.8848739495798319,
      0.8851992409867173,
      0.0,
      0.8937473294402506,
      0.8840336134453781,
      0.826890756302521,
      0.8246289169873556,
      0.8250377073906485,
      0.8265460030165912,
      0.8251336898395722,
      0.06010266940451745,
      0.06096925482021886,
      0.05480688827756705
    ],
    [
      0.7807017543859649,
      0.8247678018575851,
      0.8857142857142857,
      0.8907563025210083,
      0.8937473294402506,
      0.0,
      0.9025210084033614,
      0.8445378151260504,
      0.843375481033535,
      0.8411764705882353,
      0.8441930618401207,
      0.8433155080213903,
      0.06082135523613963,
      0.053673788431474724,
      0.056370202503726506
    ],
    [
      0.7793650793650794,
      0.8260061919504644,
      0.9092436974789916,
      0.9084033613445378,
      0.8840336134453781,
      0.9025210084033614,
      0.0,
      0.9168067226890756,
      0.8867509620670698,
      0.8846153846153846,
      0.8846153846153846,
      0.8834224598930481,
      0.061129363449691984,
      0.053673788431474724,
      0.0611122556564102
    ],
    [
      0.780952380952381,
      0.8272445820433437,
      0.8394957983193277,
      0.8495798319327731,
      0.826890756302521,
      0.8445378151260504,
      0.9168067226890756,
      0.0,
      0.8873007146783948,
      0.8853695324283559,
      0.8861236802413273,
      0.8834224598930481,
      0.05154004106776181,
      0.053152683689421575,
      0.0611122556564102
    ],
    [
      0.778816199376947,
      0.8262781748213304,
      0.8268279274326553,
      0.8498390010209691,
      0.8246289169873556,
      0.843375481033535,
      0.8867509620670698,
      0.8873007146783948,
      0.0,
      0.8921874045568383,
      0.8929553129663081,
      0.8850267379679144,
      0.05071868583162218,
      0.05558288243974422,
      0.06244180326931217
    ],
    [
      0.7875118708452041,
      0.8325421396628827,
      0.8250377073906485,
      0.852510234863176,
      0.8250377073906485,
      0.8411764705882353,
      0.8846153846153846,
      0.8853695324283559,
      0.8921874045568383,
      0.0,
      0.8936651583710408,
      0.8920974450386215,
      0.050616016427104726,
      0.06004284638990215,
      0.06059115091435705
    ],
    [
      0.7777777777777778,
      0.826625386996904,
      0.8265460030165912,
      0.8494936436112906,
      0.8265460030165912,
      0.8441930618401207,
      0.8846153846153846,
      0.8861236802413273,
      0.8929553129663081,
      0.8936651583710408,
      0.0,
      0.8957219251336898,
      0.050205338809034904,
      0.06472120896300156,
      0.0611122556564102
    ],
    [
      0.7823232323232323,
      0.8256684491978609,
      0.8245989304812834,
      0.8503437738731856,
      0.8251336898395722,
      0.8433155080213903,
      0.8834224598930481,
      0.8834224598930481,
      0.8850267379679144,
      0.8920974450386215,
      0.8957219251336898,
      0.0,
      0.06061601642710472,
      0.11148325358851674,
      0.06089907644375209
    ],
    [
      0.06601176031360836,
      0.05051334702258727,
      0.10624401095140315,
      0.06268896059450474,
      0.06010266940451745,
      0.06082135523613963,
      0.061129363449691984,
      0.05154004106776181,
      0.05071868583162218,
      0.050616016427104726,
      0.050205338809034904,
      0.06061601642710472,
      0.0,
      0.1331994155545423,
      0.12073897744741317
    ],
    [
      0.07998957790515894,
      0.053673788431474724,
      0.1068264721208963,
      0.058264473063847744,
      0.06096925482021886,
      0.053673788431474724,
      0.053673788431474724,
      0.053152683689421575,
      0.05558288243974422,
      0.06004284638990215,
      0.06472120896300156,
      0.11148325358851674,
      0.1331994155545423,
      0.0,
      0.2551727331928142
    ],
    [
      0.0735015208987239,
      0.06796478301440916,
      0.07725781758102372,
      0.05835536342583376,
      0.05480688827756705,
      0.056370202503726506,
      0.0611122556564102,
      0.0611122556564102,
      0.06244180326931217,
      0.06059115091435705,
      0.0611122556564102,
      0.06089907644375209,
      0.12073897744741317,
      0.2551727331928142,
      0.0
    ]
  ],
  "text_matrix": [
    [
      0.0,
      0.8483152325257588,
      0.7817460317460317,
      0.7831541218637993,
      0.7806026365348399,
      0.7807017543859649,
      0.7793650793650794,
      0.780952380952381,
      0.778816199376947,
      0.7875118708452041,
      0.7777777777777778,
      0.7823232323232323,
      0.06601176031360836,
      0.07998957790515894,
      0.0735015208987239
    ],
    [
      0.8483152325257588,
      0.0,
      0.8278637770897833,
      0.8530738611233968,
      0.8253869969040248,
      0.8247678018575851,
      0.8260061919504644,
      0.8272445820433437,
      0.8262781748213304,
      0.8325421396628827,
      0.826625386996904,
      0.8256684491978609,
      0.05051334702258727,
      0.053673788431474724,
      0.06796478301440916
    ],
    [
      0.7817460317460317,
      0.8278637770897833,
      0.0,
      0.8859943977591036,
      0.8848739495798319,
      0.8857142857142857,
      0.9092436974789916,
      0.8394957983193277,
      0.8268279274326553,
      0.8250377073906485,
      0.8265460030165912,
      0.8245989304812834,
      0.10624401095140315,
      0.1068264721208963,
      0.07725781758102372
    ],
    [
      0.7831541218637993,
      0.8530738611233968,
      0.8859943977591036,
      0.0,
      0.8851992409867173,
      0.8907563025210083,
      0.9084033613445378,
      0.8495798319327731,
      0.8498390010209691,
      0.852510234863176,
      0.8494936436112906,
      0.8503437738731856,
      0.06268896059450474,
      0.058264473063847744,
      0.05835536342583376
    ],
    [
      0.7806026365348399,
      0.8253869969040248,
      0.8848739495798319,
      0.8851992409867173,
      0.0,
      0.8937473294402506,
      0.8840336134453781,
      0.826890756302521,
      0.8246289169873556,
      0.8250377073906485,
      0.8265460030165912,
      0.8251336898395722,
      0.06010266940451745,
      0.06096925482021886,
      0.05480688827756705
    ],
    [
      0.7807017543859649,
      0.8247678018575851,
      0.8857142857142857,
      0.8907563025210083,
      0.8937473294402506,
      0.0,
      0.9025210084033614,
      0.8445378151260504,
      0.843375481033535,
      0.8411764705882353,
      0.8441930618401207,
      0.8433155080213903,
      0.06082135523613963,
      0.053673788431474724,
      0.056370202503726506
    ],
    [
      0.7793650793650794,
      0.8260061919504644,
      0.9092436974789916,
      0.9084033613445378,
      0.8840336134453781,
      0.9025210084033614,
      0.0,
      0.9168067226890756,
      0.8867509620670698,
      0.8846153846153846,
      0.8846153846153846,
      0.8834224598930481,
      0.061129363449691984,
      0.053673788431474724,
      0.0611122556564102
    ],
    [
      0.780952380952381,
      0.8272445820433437,
      0.8394957983193277,
      0.8495798319327731,
      0.826890756302521,
      0.8445378151260504,
      0.9168067226890756,
      0.0,
      0.8873007146783948,
      0.8853695324283559,
      0.8861236802413273,
      0.8834224598930481,
      0.05154004106776181,
      0.053152683689421575,
      0.0611122556564102
    ],
    [
      0.778816199376947,
      0.8262781748213304,
      0.8268279274326553,
      0.8498390010209691,
      0.8246289169873556,
      0.843375481033535,
      0.8867509620670698,
      0.8873007146783948,
      0.0,
      0.8921874045568383,
      0.8929553129663081,
      0.8850267379679144,
      0.05071868583162218,
      0.05558288243974422,
      0.06244180326931217
    ],
    [
      0.7875118708452041,
      0.8325421396628827,
      0.8250377073906485,
      0.852510234863176,
      0.8250377073906485,
      0.8411764705882353,
      0.8846153846153846,
      0.8853695324283559,
      0.8921874045568383,
      0.0,
      0.8936651583710408,
      0.8920974450386215,
      0.050616016427104726,
      0.06004284638990215,
      0.06059115091435705
    ],
    [
      0.7777777777777778,
      0.826625386996904,
      0.8265460030165912,
      0.8494936436112906,
      0.8265460030165912,
      0.8441930618401207,
      0.8846153846153846,
      0.8861236802413273,
      0.8929553129663081,
      0.8936651583710408,
      0.0,
      0.8957219251336898,
      0.050205338809034904,
      0.06472120896300156,
      0.0611122556564102
    ],
    [
      0.7823232323232323,
      0.8256684491978609,
      0.8245989304812834,
      0.8503437738731856,
      0.8251336898395722,
      0.8433155080213903,
      0.8834224598930481,
      0.8834224598930481,
      0.8850267379679144,
      0.8920974450386215,
      0.8957219251336898,
      0.0,
      0.06061601642710472,
      0.11148325358851674,
      0.06089907644375209
    ],
    [
      0.06601176031360836,
      0.05051334702258727,
      0.10624401095140315,
      0.06268896059450474,
      0.06010266940451745,
      0.06082135523613963,
      0.061129363449691984,
      0.05154004106776181,
      0.05071868583162218,
      0.050616016427104726,
      0.050205338809034904,
      0.06061601642710472,
      0.0,
      0.1331994155545423,
      0.12073897744741317
    ],
    [
      0.07998957790515894,
      0.053673788431474724,
      0.1068264721208963,
      0.058264473063847744,
      0.06096925482021886,
      0.053673788431474724,
      0.053673788431474724,
      0.053152683689421575,
      0.05558288243974422,
      0.06004284638990215,
      0.06472120896300156,
      0.11148325358851674,
      0.1331994155545423,
      0.0,
      0.2551727331928142
    ],
    [
      0.0735015208987239,
      0.06796478301440916,
      0.07725781758102372,
      0.05835536342583376,
      0.05480688827756705,
      0.056370202503726506,
      0.0611122556564102,
      0.0611122556564102,
      0.06244180326931217,
      0.06059115091435705,
      0.0611122556564102,
      0.06089907644375209,
      0.12073897744741317,
      0.2551727331928142,
      0.0
    ]
  ],
  "dendrogram": {
    "name": "",
    "leaf": false,
    "children": [
      {
        "name": "",
        "leaf": false,
        "children": [
          {
            "name": "",
            "leaf": false,
            "children": [
              {
                "name": "nemo",
                "leaf": true,
                "spectral_index": 0,
                "value": 0.0
              },
              {
                "name": "pisces",
                "leaf": true,
                "spectral_index": 1,
                "value": 0.0
              }
            ],
            "value": 0.1516847674742412
          },
          {
            "name": "",
            "leaf": false,
            "children": [
              {
                "name": "",
                "leaf": false,
                "children": [
                  {
                    "name": "surfex",
                    "leaf": true,
                    "spectral_index": 2,
                    "value": 0.0
                  },
                  {
                    "name": "",
                    "leaf": false,
                    "children": [
                      {
                        "name": "reprobus",
                        "leaf": true,
                        "spectral_index": 3,
                        "value": 0.0
                      },
                      {
                        "name": "",
                        "leaf": false,
                        "children": [
                          {
                            "name": "gelato",
                            "leaf": true,
                            "spectral_index": 4,
                            "value": 0.0
                          },
                          {
                            "name": "tactic",
                            "leaf": true,
                            "spectral_index": 5,
                            "value": 0.0
                          }
                        ],
                        "value": 0.10625267055974941
                      }
                    ],
                    "value": 0.11202222824613717
                  }
                ],
                "value": 0.11447245564892627
              },
              {
                "name": "",
                "leaf": false,
                "children": [
                  {
                    "name": "",
                    "leaf": false,
                    "children": [
                      {
                        "name": "arpege-climat",
                        "leaf": true,
                        "spectral_index": 6,
                        "value": 0.0
                      },
                      {
                        "name": "hadam",
                        "leaf": true,
                        "spectral_index": 7,
                        "value": 0.0
                      }
                    ],
                    "value": 0.08319327731092441
                  },
                  {
                    "name": "",
                    "leaf": false,
                    "children": [
                      {
                        "name": "NICAM",
                        "leaf": true,
                        "spectral_index": 8,
                        "value": 0.0
                      },
                      {
                        "name": "",
                        "leaf": false,
                        "children": [
                          {
                            "name": "GEOS",
                            "leaf": true,
                            "spectral_index": 9,
                            "value": 0.0
                          },
                          {
                            "name": "",
                            "leaf": false,
                            "children": [
                              {
                                "name": "IFS",
                                "leaf": true,
                                "spectral_index": 10,
                                "value": 0.0
                              },
                              {
                                "name": "CAM",
                                "leaf": true,
                                "spectral_index": 11,
                                "value": 0.0
                              }
                            ],
                            "value": 0.10427807486631024
                          }
                        ],
                        "value": 0.10711869829516885
                      }
                    ],
                    "value": 0.10994351483631304
                  }
                ],
                "value": 0.11479742769599835
              }
            ],
            "value": 0.15236208571832544
          }
        ],
        "value": 0.19457957765905834
      },
      {
        "name": "",
        "leaf": false,
        "children": [
          {
            "name": "cable",
            "leaf": true,
            "spectral_index": 12,
            "value": 0.0
          },
          {
            "name": "",
            "leaf": false,
            "children": [
              {
                "name": "CLM",
                "leaf": true,
                "spectral_index": 13,
                "value": 0.0
              },
              {
                "name": "BISICLES",
                "leaf": true,
                "spectral_index": 14,
                "value": 0.0
              }
            ],
            "value": 0.7448272668071858
          }
        ],
        "value": 0.8730308034990223
      }
    ],
    "value": 0.9361448067469959
  },
  "schema": {
    "name": "record",
    "children": [
      {
        "name": "collaborative_institutions",
        "type": "scalar"
      },
      {
        "name": "common_scientific_basis",
        "type": "scalar"
      },
      {
        "name": "computational_requirements",
        "type": "scalar"
      },
      {
        "name": "description",
        "type": "scalar"
      },
      {
        "name": "documentation",
        "type": "scalar"
      },
      {
        "name": "established",
        "type": "scalar"
      },
      {
        "name": "evolution",
        "type": "scalar"
      },
      {
        "name": "family_type",
        "type": "scalar"
      },
      {
        "name": "license",
        "type": "scalar"
      },
      {
        "name": "primary_institution",
        "type": "scalar"
      },
      {
        "name": "programming_languages",
        "type": "scalar"
      },
      {
        "name": "references",
        "type": "scalar"
      },
      {
        "name": "representative_member",
        "type": "scalar"
      },
      {
        "name": "scientific_domains",
        "type": "scalar"
      },
      {
        "name": "shared_code_base",
        "type": "scalar"
      },
      {
        "name": "software_dependencies",
        "type": "scalar"
      },
      {
        "name": "source_code_repository",
        "type": "scalar"
      },
      {
        "name": "ui_label",
        "type": "scalar"
      },
      {
        "name": "validation_key",
        "type": "scalar"
      },
      {
        "name": "variation_dimensions",
        "type": "scalar"
      },
      {
        "name": "website",
        "type": "scalar"
      }
    ]
  }
}