{
  "stem": "Component_Families",
  "singular": "Component Family",
  "endpoint": "model_family",
  "count": 14,
  "method": "embedding (all-MiniLM-L6-v2) | link: text (links uninformative) | order: UPGMA leaf traversal",
  "entries": [
    {
      "id": "IFS",
      "label": "IFS",
      "spectral_rank": 0
    },
    {
      "id": "NICAM",
      "label": "NICAM",
      "spectral_rank": 1
    },
    {
      "id": "tactic",
      "label": "tactic",
      "spectral_rank": 2
    },
    {
      "id": "GEOS",
      "label": "GEOS",
      "spectral_rank": 3
    },
    {
      "id": "CAM",
      "label": "CAM",
      "spectral_rank": 4
    },
    {
      "id": "hadam",
      "label": "hadam",
      "spectral_rank": 5
    },
    {
      "id": "arpege-climat",
      "label": "arpege-climat",
      "spectral_rank": 6
    },
    {
      "id": "reprobus",
      "label": "reprobus",
      "spectral_rank": 7
    },
    {
      "id": "surfex",
      "label": "surfex",
      "spectral_rank": 8
    },
    {
      "id": "pisces",
      "label": "pisces",
      "spectral_rank": 9
    },
    {
      "id": "gelato",
      "label": "gelato",
      "spectral_rank": 10
    },
    {
      "id": "nemo",
      "label": "nemo",
      "spectral_rank": 11
    },
    {
      "id": "CLM",
      "label": "CLM",
      "spectral_rank": 12
    },
    {
      "id": "BISICLES",
      "label": "BISICLES",
      "spectral_rank": 13
    }
  ],
  "link_matrix": [
    [
      0.0,
      0.4416784281253733,
      0.42079496052127785,
      0.6203769506839746,
      0.581500279602315,
      0.6185676622205278,
      0.5906506574257611,
      0.49240999698019194,
      0.3909684002160289,
      0.42704789298220813,
      0.32317439487816857,
      0.41708599406565317,
      0.2649539536838521,
      0.1487277941748324
    ],
    [
      0.4416784281253733,
      0.0,
      0.505319037494514,
      0.5463832449108004,
      0.6048037370388055,
      0.5725610215500998,
      0.5621510115072754,
      0.5367753603070883,
      0.3149834600934267,
      0.3648411051972308,
      0.38503801337957244,
      0.42437216116014126,
      0.310118490709145,
      0.3166095315651189
    ],
    [
      0.42079496052127785,
      0.505319037494514,
      0.0,
      0.5090480598550918,
      0.5623227655121311,
      0.5828039503249647,
      0.662456495780459,
      0.6736363795934374,
      0.45772018933410785,
      0.31063707548112385,
      0.3730826772114636,
      0.4374799681602646,
      0.25401580631481613,
      0.1422642912337616
    ],
    [
      0.6203769506839746,
      0.5463832449108004,
      0.5090480598550918,
      0.0,
      0.6567929187211882,
      0.7075560082096097,
      0.6318815593710599,
      0.6232942317287385,
      0.3778129382358873,
      0.331324030073789,
      0.33899345026280103,
      0.3916246223121374,
      0.2680234897300111,
      0.07635985697338836
    ],
    [
      0.581500279602315,
      0.6048037370388055,
      0.5623227655121311,
      0.6567929187211882,
      0.0,
      0.6868479425919132,
      0.6732427727875001,
      0.6796228567580056,
      0.41610730371352217,
      0.4248007424049286,
      0.3855236416375299,
      0.508792215476769,
      0.3935736934507663,
      0.1467483961323108
    ],
    [
      0.6185676622205278,
      0.5725610215500998,
      0.5828039503249647,
      0.7075560082096097,
      0.6868479425919132,
      0.0,
      0.7311878688476282,
      0.7151605674872568,
      0.443482900552219,
      0.4585727164501496,
      0.45940207573180625,
      0.5096757578463333,
      0.36539218665354395,
      0.13757625248172495
    ],
    [
      0.5906506574257611,
      0.5621510115072754,
      0.662456495780459,
      0.6318815593710599,
      0.6732427727875001,
      0.7311878688476282,
      0.0,
      0.7330539521406818,
      0.5874102350379339,
      0.45981144212723934,
      0.5613256502485876,
      0.5480161238601107,
      0.3552524500219778,
      0.13724841660825873
    ],
    [
      0.49240999698019194,
      0.5367753603070883,
      0.6736363795934374,
      0.6232942317287385,
      0.6796228567580056,
      0.7151605674872568,
      0.7330539521406818,
      0.0,
      0.4606376411451978,
      0.48052630324422163,
      0.5570020705777399,
      0.6050976671080377,
      0.26034996150896084,
      0.1472601641306165
    ],
    [
      0.3909684002160289,
      0.3149834600934267,
      0.45772018933410785,
      0.3778129382358873,
      0.41610730371352217,
      0.443482900552219,
      0.5874102350379339,
      0.4606376411451978,
      0.0,
      0.37394299994221514,
      0.5122873887139062,
      0.5121658256230569,
      0.35884788404417217,
      0.3033327550023584
    ],
    [
      0.42704789298220813,
      0.3648411051972308,
      0.31063707548112385,
      0.331324030073789,
      0.4248007424049286,
      0.4585727164501496,
      0.45981144212723934,
      0.48052630324422163,
      0.37394299994221514,
      0.0,
      0.4543638271747593,
      0.5894828922617995,
      0.42720839545427497,
      0.26956890970501735
    ],
    [
      0.32317439487816857,
      0.38503801337957244,
      0.3730826772114636,
      0.33899345026280103,
      0.3855236416375299,
      0.45940207573180625,
      0.5613256502485876,
      0.5570020705777399,
      0.5122873887139062,
      0.4543638271747593,
      0.0,
      0.6138799702215388,
      0.14434361843687732,
      0.334246472331032
    ],
    [
      0.41708599406565317,
      0.42437216116014126,
      0.4374799681602646,
      0.3916246223121374,
      0.508792215476769,
      0.5096757578463333,
      0.5480161238601107,
      0.6050976671080377,
      0.5121658256230569,
      0.5894828922617995,
      0.6138799702215388,
      0.0,
      0.3109985510118261,
      0.22597801087624267
    ],
    [
      0.2649539536838521,
      0.310118490709145,
      0.25401580631481613,
      0.2680234897300111,
      0.3935736934507663,
      0.36539218665354395,
      0.3552524500219778,
      0.26034996150896084,
      0.35884788404417217,
      0.42720839545427497,
      0.14434361843687732,
      0.3109985510118261,
      0.0,
      0.37737557398057886
    ],
    [
      0.1487277941748324,
      0.3166095315651189,
      0.1422642912337616,
      0.07635985697338836,
      0.1467483961323108,
      0.13757625248172495,
      0.13724841660825873,
      0.1472601641306165,
      0.3033327550023584,
      0.26956890970501735,
      0.334246472331032,
      0.22597801087624267,
      0.37737557398057886,
      0.0
    ]
  ],
  "text_matrix": [
    [
      0.0,
      0.4416784281253733,
      0.42079496052127785,
      0.6203769506839746,
      0.581500279602315,
      0.6185676622205278,
      0.5906506574257611,
      0.49240999698019194,
      0.3909684002160289,
      0.42704789298220813,
      0.32317439487816857,
      0.41708599406565317,
      0.2649539536838521,
      0.1487277941748324
    ],
    [
      0.4416784281253733,
      0.0,
      0.505319037494514,
      0.5463832449108004,
      0.6048037370388055,
      0.5725610215500998,
      0.5621510115072754,
      0.5367753603070883,
      0.3149834600934267,
      0.3648411051972308,
      0.38503801337957244,
      0.42437216116014126,
      0.310118490709145,
      0.3166095315651189
    ],
    [
      0.42079496052127785,
      0.505319037494514,
      0.0,
      0.5090480598550918,
      0.5623227655121311,
      0.5828039503249647,
      0.662456495780459,
      0.6736363795934374,
      0.45772018933410785,
      0.31063707548112385,
      0.3730826772114636,
      0.4374799681602646,
      0.25401580631481613,
      0.1422642912337616
    ],
    [
      0.6203769506839746,
      0.5463832449108004,
      0.5090480598550918,
      0.0,
      0.6567929187211882,
      0.7075560082096097,
      0.6318815593710599,
      0.6232942317287385,
      0.3778129382358873,
      0.331324030073789,
      0.33899345026280103,
      0.3916246223121374,
      0.2680234897300111,
      0.07635985697338836
    ],
    [
      0.581500279602315,
      0.6048037370388055,
      0.5623227655121311,
      0.6567929187211882,
      0.0,
      0.6868479425919132,
      0.6732427727875001,
      0.6796228567580056,
      0.41610730371352217,
      0.4248007424049286,
      0.3855236416375299,
      0.508792215476769,
      0.3935736934507663,
      0.1467483961323108
    ],
    [
      0.6185676622205278,
      0.5725610215500998,
      0.5828039503249647,
      0.7075560082096097,
      0.6868479425919132,
      0.0,
      0.7311878688476282,
      0.7151605674872568,
      0.443482900552219,
      0.4585727164501496,
      0.45940207573180625,
      0.5096757578463333,
      0.36539218665354395,
      0.13757625248172495
    ],
    [
      0.5906506574257611,
      0.5621510115072754,
      0.662456495780459,
      0.6318815593710599,
      0.6732427727875001,
      0.7311878688476282,
      0.0,
      0.7330539521406818,
      0.5874102350379339,
      0.45981144212723934,
      0.5613256502485876,
      0.5480161238601107,
      0.3552524500219778,
      0.13724841660825873
    ],
    [
      0.49240999698019194,
      0.5367753603070883,
      0.6736363795934374,
      0.6232942317287385,
      0.6796228567580056,
      0.7151605674872568,
      0.7330539521406818,
      0.0,
      0.4606376411451978,
      0.48052630324422163,
      0.5570020705777399,
      0.6050976671080377,
      0.26034996150896084,
      0.1472601641306165
    ],
    [
      0.3909684002160289,
      0.3149834600934267,
      0.45772018933410785,
      0.3778129382358873,
      0.41610730371352217,
      0.443482900552219,
      0.5874102350379339,
      0.4606376411451978,
      0.0,
      0.37394299994221514,
      0.5122873887139062,
      0.5121658256230569,
      0.35884788404417217,
      0.3033327550023584
    ],
    [
      0.42704789298220813,
      0.3648411051972308,
      0.31063707548112385,
      0.331324030073789,
      0.4248007424049286,
      0.4585727164501496,
      0.45981144212723934,
      0.48052630324422163,
      0.37394299994221514,
      0.0,
      0.4543638271747593,
      0.5894828922617995,
      0.42720839545427497,
      0.26956890970501735
    ],
    [
      0.32317439487816857,
      0.38503801337957244,
      0.3730826772114636,
      0.33899345026280103,
      0.3855236416375299,
      0.45940207573180625,
      0.5613256502485876,
      0.5570020705777399,
      0.5122873887139062,
      0.4543638271747593,
      0.0,
      0.6138799702215388,
      0.14434361843687732,
      0.334246472331032
    ],
    [
      0.41708599406565317,
      0.42437216116014126,
      0.4374799681602646,
      0.3916246223121374,
      0.508792215476769,
      0.5096757578463333,
      0.5480161238601107,
      0.6050976671080377,
      0.5121658256230569,
      0.5894828922617995,
      0.6138799702215388,
      0.0,
      0.3109985510118261,
      0.22597801087624267
    ],
    [
      0.2649539536838521,
      0.310118490709145,
      0.25401580631481613,
      0.2680234897300111,
      0.3935736934507663,
      0.36539218665354395,
      0.3552524500219778,
      0.26034996150896084,
      0.35884788404417217,
      0.42720839545427497,
      0.14434361843687732,
      0.3109985510118261,
      0.0,
      0.37737557398057886
    ],
    [
      0.1487277941748324,
      0.3166095315651189,
      0.1422642912337616,
      0.07635985697338836,
      0.1467483961323108,
      0.13757625248172495,
      0.13724841660825873,
      0.1472601641306165,
      0.3033327550023584,
      0.26956890970501735,
      0.334246472331032,
      0.22597801087624267,
      0.37737557398057886,
      0.0
    ]
  ],
  "dendrogram": {
    "name": "",
    "leaf": false,
    "children": [
      {
        "name": "",
        "leaf": false,
        "children": [
          {
            "name": "",
            "leaf": false,
            "children": [
              {
                "name": "IFS",
                "leaf": true,
                "spectral_index": 0,
                "value": 0.0
              },
              {
                "name": "",
                "leaf": false,
                "children": [
                  {
                    "name": "NICAM",
                    "leaf": true,
                    "spectral_index": 1,
                    "value": 0.0
                  },
                  {
                    "name": "",
                    "leaf": false,
                    "children": [
                      {
                        "name": "tactic",
                        "leaf": true,
                        "spectral_index": 2,
                        "value": 0.0
                      },
                      {
                        "name": "",
                        "leaf": false,
                        "children": [
                          {
                            "name": "GEOS",
                            "leaf": true,
                            "spectral_index": 3,
                            "value": 0.0
                          },
                          {
                            "name": "",
                            "leaf": false,
                            "children": [
                              {
                                "name": "CAM",
                                "leaf": true,
                                "spectral_index": 4,
                                "value": 0.0
                              },
                              {
                                "name": "",
                                "leaf": false,
                                "children": [
                                  {
                                    "name": "hadam",
                                    "leaf": true,
                                    "spectral_index": 5,
                                    "value": 0.0
                                  },
                                  {
                                    "name": "",
                                    "leaf": false,
                                    "children": [
                                      {
                                        "name": "arpege-climat",
                                        "leaf": true,
                                        "spectral_index": 6,
                                        "value": 0.0
                                      },
                                      {
                                        "name": "reprobus",
                                        "leaf": true,
                                        "spectral_index": 7,
                                        "value": 0.0
                                      }
                                    ],
                                    "value": 0.2669460478593182
                                  }
                                ],
                                "value": 0.2768257818325575
                              }
                            ],
                            "value": 0.3200954759541937
                          }
                        ],
                        "value": 0.3451188204923509
                      }
                    ],
                    "value": 0.4019464697867832
                  }
                ],
                "value": 0.44533443119856936
              }
            ],
            "value": 0.46200300920579684
          },
          {
            "name": "",
            "leaf": false,
            "children": [
              {
                "name": "surfex",
                "leaf": true,
                "spectral_index": 8,
                "value": 0.0
              },
              {
                "name": "",
                "leaf": false,
                "children": [
                  {
                    "name": "pisces",
                    "leaf": true,
                    "spectral_index": 9,
                    "value": 0.0
                  },
                  {
                    "name": "",
                    "leaf": false,
                    "children": [
                      {
                        "name": "gelato",
                        "leaf": true,
                        "spectral_index": 10,
                        "value": 0.0
                      },
                      {
                        "name": "nemo",
                        "leaf": true,
                        "spectral_index": 11,
                        "value": 0.0
                      }
                    ],
                    "value": 0.38612002977846116
                  }
                ],
                "value": 0.4780766402817206
              }
            ],
            "value": 0.5338679285736072
          }
        ],
        "value": 0.5646134106185521
      },
      {
        "name": "",
        "leaf": false,
        "children": [
          {
            "name": "CLM",
            "leaf": true,
            "spectral_index": 12,
            "value": 0.0
          },
          {
            "name": "BISICLES",
            "leaf": true,
            "spectral_index": 13,
            "value": 0.0
          }
        ],
        "value": 0.6226244260194211
      }
    ],
    "value": 0.7458750278235464
  },
  "schema": {
    "name": "record",
    "children": [
      {
        "name": "collaborative_institutions",
        "type": "scalar"
      },
      {
        "name": "common_scientific_basis",
        "type": "scalar"
      },
      {
        "name": "computational_requirements",
        "type": "scalar"
      },
      {
        "name": "description",
        "type": "scalar"
      },
      {
        "name": "documentation",
        "type": "scalar"
      },
      {
        "name": "established",
        "type": "scalar"
      },
      {
        "name": "evolution",
        "type": "scalar"
      },
      {
        "name": "family_type",
        "type": "scalar"
      },
      {
        "name": "license",
        "type": "scalar"
      },
      {
        "name": "primary_institution",
        "type": "scalar"
      },
      {
        "name": "programming_languages",
        "type": "scalar"
      },
      {
        "name": "references",
        "type": "scalar"
      },
      {
        "name": "representative_member",
        "type": "scalar"
      },
      {
        "name": "scientific_domains",
        "type": "scalar"
      },
      {
        "name": "shared_code_base",
        "type": "scalar"
      },
      {
        "name": "software_dependencies",
        "type": "scalar"
      },
      {
        "name": "source_code_repository",
        "type": "scalar"
      },
      {
        "name": "ui_label",
        "type": "scalar"
      },
      {
        "name": "validation_key",
        "type": "scalar"
      },
      {
        "name": "variation_dimensions",
        "type": "scalar"
      },
      {
        "name": "website",
        "type": "scalar"
      }
    ]
  }
}