# Component Families

**Optional.** Component families capture scientific lineage by grouping versions of a single-domain code base (e.g. NEMO, ARPEGE-Climat, SURFEX). A family ID can be referenced by model components at Stage 3.

---

<link href="https://fonts.googleapis.com/css2?family=Source+Code+Pro:wght@400;600;700&display=swap" rel="stylesheet">

<style>
.emd-viz { font-family: 'Source Code Pro', monospace; width: 100%; }
.emd-section { margin-bottom: 2.5rem; }
.emd-section-label {
  font-size: 11px; font-weight: 700; color: #0d1035;
  text-transform: uppercase; letter-spacing: 0.09em;
  margin-bottom: 12px; display: block;
}
.emd-selector-row { display: flex; gap: 10px; align-items: center; flex-wrap: wrap; }
#emd-entry-select {
  flex: 1; min-width: 240px; padding: 8px 12px;
  border: 1.5px solid #ccc; border-radius: 6px;
  font-family: 'Source Code Pro', monospace; font-size: 12px;
  color: #0d1035; background: #fff; cursor: pointer;
}
#emd-entry-select:focus { outline: none; border-color: #0d1035; }
#emd-go-btn {
  padding: 8px 18px; border: 1.5px solid #0d1035; border-radius: 6px;
  background: #0d1035; color: #fff;
  font-family: 'Source Code Pro', monospace; font-size: 12px;
  font-weight: 600; cursor: pointer; transition: background .15s;
}
#emd-go-btn:hover { background: #1a2080; }
.emd-stats {
  margin-top: 10px; font-size: 11px; color: #888;
  display: flex; gap: 20px; flex-wrap: wrap;
}
.emd-stats b { color: #0d1035; }
.emd-filter-bar { display: flex; flex-wrap: wrap; gap: 6px; margin-bottom: 10px; }
.emd-fbtn {
  padding: 4px 11px; border-radius: 20px; border: 1.5px solid #ccc;
  background: #fff; cursor: pointer; font-family: 'Source Code Pro', monospace;
  font-size: 11px; color: #555; transition: all .15s;
}
.emd-fbtn:hover  { border-color: #0d1035; color: #0d1035; }
.emd-fbtn.active { background: #0d1035; border-color: #0d1035; color: #fff; font-weight: 600; }
.emd-tip {
  position: fixed; background: #0d1035; color: #fff;
  padding: 10px 14px; border-radius: 8px; font-size: 12px;
  font-family: 'Source Code Pro', monospace; pointer-events: none;
  opacity: 0; transition: opacity .12s; line-height: 1.9;
  box-shadow: 0 6px 24px rgba(0,0,0,.25); max-width: 280px; z-index: 999;
}
.emd-tip-link { color: #e8607e; font-weight: 600; }
.emd-tip-text { color: #f5c842; font-weight: 600; }
.emd-tip-head { font-weight: 700; font-size: 13px;
  border-bottom: 1px solid rgba(255,255,255,.2); padding-bottom: 5px; margin-bottom: 5px; }
/* ── accessible font toggle ── */
.emd-font-btn {
  padding: 5px 12px; border-radius: 20px; border: 1.5px solid #ccc;
  background: #fff; font-size: 11px; cursor: pointer;
  font-family: 'Source Code Pro', monospace; color: #888;
  transition: all .2s; white-space: nowrap;
}
.emd-font-btn:hover { border-color: #2065a0; color: #1a4a80; }
.emd-font-btn.active { background: #e8f0ff; border-color: #2065a0;
  color: #1a4a80; font-family: inherit; font-weight: 600; }
.emd-viz.accessible svg text,
.emd-viz.accessible #emd-entry-select,
.emd-viz.accessible .emd-stats,
.emd-viz.accessible .emd-stats-grid,
.emd-viz.accessible .emd-stat-label,
.emd-viz.accessible .emd-stat-value,
.emd-viz.accessible .emd-section-label,
.emd-viz.accessible .emd-fbtn,
.emd-viz.accessible #emd-go-btn { font-family: inherit !important; }
/* ── stats grid ── */
.emd-stats-grid {
  display: grid;
  grid-template-columns: repeat(auto-fit, minmax(150px, 1fr));
  gap: 12px;
  margin: 10px 0 18px;
  padding: 14px 16px;
  background: #f7f8fa;
  border-left: 3px solid #0d1035;
  border-radius: 4px;
}
.emd-stat-item { display: flex; flex-direction: column; gap: 3px; }
.emd-stat-label {
  font-family: 'Source Code Pro', monospace;
  color: #888; font-size: 10px;
  text-transform: uppercase; letter-spacing: 0.06em;
}
.emd-stat-value {
  font-family: 'Source Code Pro', monospace;
  color: #0d1035; font-weight: 600; font-size: 13px;
}
</style>

<div class="emd-viz">

<div class="emd-section">
<span class="emd-section-label">View a specific Component Family</span>
<div class="emd-selector-row">
  <select id="emd-entry-select">
    <option value="">Select an entry…</option>
    <option value="../Component_Families/CAM/">CAM</option>
    <option value="../Component_Families/GEOS/">GEOS</option>
    <option value="../Component_Families/NICAM/">NICAM</option>
    <option value="../Component_Families/hadam/">hadam</option>
    <option value="../Component_Families/arpege-climat/">arpege-climat</option>
    <option value="../Component_Families/pisces/">pisces</option>
    <option value="../Component_Families/nemo/">nemo</option>
    <option value="../Component_Families/reprobus/">reprobus</option>
    <option value="../Component_Families/tactic/">tactic</option>
    <option value="../Component_Families/surfex/">surfex</option>
    <option value="../Component_Families/gelato/">gelato</option>
    <option value="../Component_Families/fesim/">fesim</option>
    <option value="../Component_Families/fesom/">fesom</option>
    <option value="../Component_Families/jules/">jules</option>
    <option value="../Component_Families/metum/">metum</option>
    <option value="../Component_Families/cable/">cable</option>
    <option value="../Component_Families/glomap-mode/">glomap-mode</option>
    <option value="../Component_Families/SI3/">SI3</option>
    <option value="../Component_Families/cannemo/">cannemo</option>
    <option value="../Component_Families/canam/">canam</option>
    <option value="../Component_Families/lpj-guess/">lpj-guess</option>
    <option value="../Component_Families/cmoc/">cmoc</option>
    <option value="../Component_Families/ifs/">ifs</option>
    <option value="../Component_Families/CLM/">CLM</option>
    <option value="../Component_Families/lim/">lim</option>
    <option value="../Component_Families/class-ctem/">class-ctem</option>
    <option value="../Component_Families/BISICLES/">BISICLES</option>
    <option value="../Component_Families/wombat/">wombat</option>
  </select>
  <button id="emd-go-btn" onclick="emdGotoEntry()">Open →</button>
  <button class="emd-font-btn" id="emd-font-toggle" onclick="emdToggleFont()" title="Switch to the page's default font for improved readability">Accessible font</button>
</div>
<div class="emd-stats-grid">
  <div class="emd-stat-item">
    <span class="emd-stat-label">Total Records</span>
    <span class="emd-stat-value">28</span>
  </div>
  <div class="emd-stat-item">
    <span class="emd-stat-label">Endpoint</span>
    <span class="emd-stat-value">model_family</span>
  </div>
  <div class="emd-stat-item">
    <span class="emd-stat-label">Raw Data</span>
    <span class="emd-stat-value">36.5 KB</span>
  </div>
  <div class="emd-stat-item">
    <span class="emd-stat-label">Processed Data</span>
    <span class="emd-stat-value">50.9 KB</span>
  </div>
  <div class="emd-stat-item">
    <span class="emd-stat-label">Last Updated</span>
    <span class="emd-stat-value">2026-05-22 12:28 UTC</span>
  </div>
</div>
</div>

<div class="emd-section">
<span class="emd-section-label">Similarity &amp; Hierarchical Clustering</span>
<div class="emd-filter-bar" id="emd-filter-bar"></div>
<div id="emd-combined-chart" style="overflow-x:auto; display:flex; justify-content:center;"></div>
<div class="emd-tip" id="emd-tip"></div>
</div>

<div class="emd-section">
<span class="emd-section-label">Record Key Schema</span>
<div id="emd-key-graph"></div>
</div>

</div>

<script src="https://d3js.org/d3.v7.min.js"></script>
<script>
(function () {
'use strict';

/* ── injected data ─────────────────────────────────────────────────────── */
var EMD_DATA    = {"ids":["CAM","GEOS","NICAM","hadam","arpege-climat","pisces","nemo","reprobus","tactic","surfex","gelato","fesim","fesom","jules","metum","cable","glomap-mode","SI3","cannemo","canam","lpj-guess","cmoc","ifs","CLM","lim","class-ctem","BISICLES","wombat"],"link":[[0.0,0.8920974450386215,0.8850267379679144,0.8834224598930481,0.8834224598930481,0.8256684491978609,0.7823232323232323,0.8503437738731856,0.8433155080213903,0.8245989304812834,0.8251336898395722,0.05016025641025641,0.05005691519635743,0.05311004784688995,0.10526315789473684,0.06061601642710472,0.05,0.05583333333333333,0.061142857142857145,0.06272413793103448,0.050043327556325824,0.06310077519379845,0.11006553079947574,0.11148325358851674,0.05655555555555556,0.06165289256198346,0.06089907644375209,0.06055624227441285],[0.8920974450386215,0.0,0.8921874045568383,0.8853695324283559,0.8846153846153846,0.8325421396628827,0.7875118708452041,0.852510234863176,0.8411764705882353,0.8250377073906485,0.8250377073906485,0.050213675213675216,0.05002845759817871,0.053981106612685556,0.10526315789473684,0.050616016427104726,0.051923076923076926,0.05333333333333333,0.05114285714285714,0.05272413793103449,0.05001083188908145,0.050775193798449615,0.10001638269986893,0.06004284638990215,0.05036363636363637,0.050619834710743807,0.06059115091435705,0.05],[0.8850267379679144,0.8921874045568383,0.0,0.8873007146783948,0.8867509620670698,0.8262781748213304,0.778816199376947,0.8498390010209691,0.843375481033535,0.8268279274326553,0.8246289169873556,0.05026709401709402,0.0500996015936255,0.05361534677816036,0.10526315789473684,0.05071868583162218,0.05046728971962616,0.054722222222222214,0.05171428571428571,0.0513448275862069,0.05002166377816292,0.05155038759689923,0.10724115334207078,0.05558288243974422,0.050545454545454546,0.050619834710743807,0.06244180326931217,0.050370828182941904],[0.8834224598930481,0.8853695324283559,0.8873007146783948,0.0,0.9168067226890756,0.8272445820433437,0.780952380952381,0.8495798319327731,0.8445378151260504,0.8394957983193277,0.826890756302521,0.05016025641025641,0.05004268639726807,0.10601503759398496,0.15864661654135337,0.05154004106776181,0.10357142857142856,0.050555555555555555,0.05171428571428571,0.052034482758620694,0.05003249566724437,0.05155038759689923,0.1001310615989515,0.053152683689421575,0.05063636363636363,0.050619834710743807,0.0611122556564102,0.050370828182941904],[0.8834224598930481,0.8846153846153846,0.8867509620670698,0.9168067226890756,0.0,0.8260061919504644,0.7793650793650794,0.9084033613445378,0.9025210084033614,0.9092436974789916,0.8840336134453781,0.050186965811965814,0.05004268639726807,0.05338345864661654,0.10526315789473684,0.061129363449691984,0.052142857142857144,0.050277777777777775,0.07085714285714287,0.07306896551724137,0.05001083188908145,0.0703875968992248,0.10003276539973789,0.053673788431474724,0.050545454545454546,0.07041322314049588,0.0611122556564102,0.060309023485784916],[0.8256684491978609,0.8325421396628827,0.8262781748213304,0.8272445820433437,0.8260061919504644,0.0,0.8483152325257588,0.8530738611233968,0.8247678018575851,0.8278637770897833,0.8253869969040248,0.05024038461538462,0.06193321950294062,0.05318559556786704,0.053739612188365656,0.05051334702258727,0.05435672514619884,0.05083333333333333,0.06276190476190477,0.05068965517241379,0.05001083188908145,0.10271317829457365,0.05006553079947575,0.053673788431474724,0.05027272727272727,0.051239669421487596,0.06796478301440916,0.10012360939431397],[0.7823232323232323,0.7875118708452041,0.778816199376947,0.780952380952381,0.7793650793650794,0.8483152325257588,0.0,0.7831541218637993,0.7807017543859649,0.7817460317460317,0.7806026365348399,0.050026709401709404,0.10001422879908936,0.054478301015697145,0.05263157894736842,0.06601176031360836,0.050877192982456146,0.050277777777777775,0.10142857142857142,0.05137931034482759,0.05002166377816292,0.06345514950166113,0.05001638269986893,0.07998957790515894,0.05009090909090909,0.050413223140495865,0.0735015208987239,0.06515337129907588],[0.8503437738731856,0.852510234863176,0.8498390010209691,0.8495798319327731,0.9084033613445378,0.8530738611233968,0.7831541218637993,0.0,0.8907563025210083,0.8859943977591036,0.8851992409867173,0.05008012820512821,0.05,0.057684533915433746,0.08282803783652681,0.06268896059450474,0.054390681003584226,0.05138888888888889,0.07085714285714287,0.0706896551724138,0.05239178427003384,0.09414174972314507,0.07144495412844036,0.058264473063847744,0.05036363636363637,0.07300078709169619,0.05835536342583376,0.08142857142857143],[0.8433155080213903,0.8411764705882353,0.843375481033535,0.8445378151260504,0.9025210084033614,0.8247678018575851,0.7807017543859649,0.8907563025210083,0.0,0.8857142857142857,0.8937473294402506,0.057222985347985346,0.05004268639726807,0.05561072492552135,0.06842105263157895,0.06082135523613963,0.05610587002096436,0.057420634920634914,0.06999999999999999,0.07341379310344828,0.05003249566724437,0.06999999999999999,0.06506553079947576,0.053673788431474724,0.05777922077922078,0.07041322314049588,0.056370202503726506,0.06024721878862793],[0.8245989304812834,0.8250377073906485,0.8268279274326553,0.8394957983193277,0.9092436974789916,0.8278637770897833,0.7817460317460317,0.8859943977591036,0.8857142857142857,0.0,0.8848739495798319,0.05016025641025641,0.05002845759817871,0.10087719298245613,0.054135338345864654,0.10624401095140315,0.05071428571428571,0.050555555555555555,0.07085714285714287,0.07237931034482759,0.09583333333333333,0.0703875968992248,0.05004914809960681,0.1068264721208963,0.05063636363636363,0.1162465564738292,0.07725781758102372,0.06018541409147095],[0.8251336898395722,0.8250377073906485,0.8246289169873556,0.826890756302521,0.8840336134453781,0.8253869969040248,0.7806026365348399,0.8851992409867173,0.8937473294402506,0.8848739495798319,0.0,0.09296398046398047,0.05,0.05263157894736842,0.05352363960749331,0.06010266940451745,0.05901600753295668,0.09313492063492064,0.07114285714285715,0.0727241379310345,0.05,0.0703875968992248,0.05006553079947575,0.06096925482021886,0.09322077922077923,0.07082644628099173,0.05480688827756705,0.06024721878862793],[0.05016025641025641,0.050213675213675216,0.05026709401709402,0.05016025641025641,0.050186965811965814,0.05024038461538462,0.050026709401709404,0.05008012820512821,0.057222985347985346,0.05016025641025641,0.09296398046398047,0.0,0.5684527227853922,0.10005341880341881,0.12,0.28998441221801874,0.17719017094017092,0.356784188034188,0.27026709401709403,0.2948739316239316,0.20623873558109634,0.20048076923076924,0.16841186912396683,0.05932903498310475,0.3021941873915558,0.20431721056721058,0.1095534188034188,0.2161309523809524],[0.05005691519635743,0.05002845759817871,0.0500996015936255,0.05004268639726807,0.05004268639726807,0.06193321950294062,0.10001422879908936,0.05,0.05004268639726807,0.05002845759817871,0.05,0.5684527227853922,0.0,0.1,0.1200284575981787,0.2144025972191997,0.1008575735667369,0.20108523435216666,0.30210124751957423,0.22130058914919476,0.20837944498966401,0.22623995651884096,0.16151134176986565,0.06053626027451655,0.22013028965220202,0.21302588872309988,0.10079268639726809,0.2327831018269265],[0.05311004784688995,0.053981106612685556,0.05361534677816036,0.10601503759398496,0.05338345864661654,0.05318559556786704,0.054478301015697145,0.057684533915433746,0.05561072492552135,0.10087719298245613,0.05263157894736842,0.10005341880341881,0.1,0.0,0.5767195767195767,0.20020533880903493,0.5027173913043479,0.12569444444444444,0.12642857142857142,0.12836206896551725,0.2,0.12790697674418605,0.1,0.09632838283828382,0.12522727272727271,0.26301652892561983,0.06765676567656766,0.10012360939431397],[0.10526315789473684,0.10526315789473684,0.10526315789473684,0.15864661654135337,0.10526315789473684,0.053739612188365656,0.05263157894736842,0.08282803783652681,0.06842105263157895,0.054135338345864654,0.05352363960749331,0.12,0.1200284575981787,0.5767195767195767,0.0,0.1002053388090349,0.5027173913043479,0.12638888888888888,0.125,0.1525,0.1000216637781629,0.12693798449612403,0.2,0.0504950495049505,0.12568181818181817,0.12551652892561985,0.0554950495049505,0.10024721878862794],[0.06061601642710472,0.050616016427104726,0.05071868583162218,0.05154004106776181,0.061129363449691984,0.05051334702258727,0.06601176031360836,0.06268896059450474,0.06082135523613963,0.10624401095140315,0.06010266940451745,0.28998441221801874,0.2144025972191997,0.20020533880903493,0.1002053388090349,0.0,0.15020533880903492,0.1549640657084189,0.20312481666177762,0.19864271047227927,0.29363937267380746,0.14116255731731792,0.14296736467678545,0.1331994155545423,0.10454545454545454,0.23298441291767782,0.12073897744741317,0.3029574314256106],[0.05,0.051923076923076926,0.05046728971962616,0.10357142857142856,0.052142857142857144,0.05435672514619884,0.050877192982456146,0.054390681003584226,0.05610587002096436,0.05071428571428571,0.05901600753295668,0.17719017094017092,0.1008575735667369,0.5027173913043479,0.5027173913043479,0.15020533880903492,0.0,0.19824561403508772,0.21633928571428573,0.23838362068965518,0.10030595518991044,0.14621505755226685,0.10045930702953854,0.05148514851485149,0.12960858585858584,0.13881714876033058,0.050990099009900994,0.11464646464646464],[0.05583333333333333,0.05333333333333333,0.054722222222222214,0.050555555555555555,0.050277777777777775,0.05083333333333333,0.050277777777777775,0.05138888888888889,0.057420634920634914,0.050555555555555555,0.09313492063492064,0.356784188034188,0.20108523435216666,0.12569444444444444,0.12638888888888888,0.1549640657084189,0.19824561403508772,0.0,0.36547619047619045,0.36992063492063487,0.10032495667244368,0.29047619047619044,0.10787957789017637,0.05638888888888889,0.4880519480519481,0.29604486422668247,0.05472222222222223,0.10594197629608086],[0.061142857142857145,0.05114285714285714,0.05171428571428571,0.05171428571428571,0.07085714285714287,0.06276190476190477,0.10142857142857142,0.07085714285714287,0.06999999999999999,0.07085714285714287,0.07114285714285715,0.27026709401709403,0.30210124751957423,0.12642857142857142,0.125,0.20312481666177762,0.21633928571428573,0.36547619047619045,0.0,0.616938775510204,0.10045760163705082,0.491156462585034,0.12045871559633028,0.06142857142857142,0.3031457431457431,0.44876033057851245,0.05142857142857142,0.14609847894658481],[0.06272413793103448,0.05272413793103449,0.0513448275862069,0.052034482758620694,0.07306896551724137,0.05068965517241379,0.05137931034482759,0.0706896551724138,0.07341379310344828,0.07237931034482759,0.0727241379310345,0.2948739316239316,0.22130058914919476,0.12836206896551725,0.1525,0.19864271047227927,0.23838362068965518,0.36992063492063487,0.616938775510204,0.0,0.10254691904533211,0.46206896551724136,0.12219659239842726,0.06237931034482759,0.3065575193394742,0.45028925619834714,0.05103448275862069,0.1203708281829419],[0.050043327556325824,0.05001083188908145,0.05002166377816292,0.05003249566724437,0.05001083188908145,0.05001083188908145,0.05002166377816292,0.05239178427003384,0.05003249566724437,0.09583333333333333,0.05,0.20623873558109634,0.20837944498966401,0.2,0.1000216637781629,0.29363937267380746,0.10030595518991044,0.10032495667244368,0.10045760163705082,0.10254691904533211,0.0,0.1007878829007538,0.13316627035682146,0.10864569478591486,0.1188382936715087,0.20643837046626717,0.12250654039778823,0.1803265625015536],[0.06310077519379845,0.050775193798449615,0.05155038759689923,0.05155038759689923,0.0703875968992248,0.10271317829457365,0.06345514950166113,0.09414174972314507,0.06999999999999999,0.0703875968992248,0.0703875968992248,0.20048076923076924,0.22623995651884096,0.12790697674418605,0.12693798449612403,0.14116255731731792,0.14621505755226685,0.29047619047619044,0.491156462585034,0.46206896551724136,0.1007878829007538,0.0,0.12203441194978967,0.06155038759689922,0.31307250811010207,0.4557953324870618,0.05193798449612404,0.22337834697993436],[0.11006553079947574,0.10001638269986893,0.10724115334207078,0.1001310615989515,0.10003276539973789,0.05006553079947575,0.05001638269986893,0.07144495412844036,0.06506553079947576,0.05004914809960681,0.05006553079947575,0.16841186912396683,0.16151134176986565,0.1,0.2,0.14296736467678545,0.10045930702953854,0.10787957789017637,0.12045871559633028,0.12219659239842726,0.13316627035682146,0.12203441194978967,0.0,0.09559617787802127,0.12194025315444187,0.12961504795340453,0.0660739059553112,0.157092112173588],[0.11148325358851674,0.06004284638990215,0.05558288243974422,0.053152683689421575,0.053673788431474724,0.053673788431474724,0.07998957790515894,0.058264473063847744,0.053673788431474724,0.1068264721208963,0.06096925482021886,0.05932903498310475,0.06053626027451655,0.09632838283828382,0.0504950495049505,0.1331994155545423,0.05148514851485149,0.05638888888888889,0.06142857142857142,0.06237931034482759,0.10864569478591486,0.06155038759689922,0.09559617787802127,0.0,0.05601010101010101,0.10769283746556473,0.2551727331928142,0.08048710725270936],[0.05655555555555556,0.05036363636363637,0.050545454545454546,0.05063636363636363,0.050545454545454546,0.05027272727272727,0.05009090909090909,0.05036363636363637,0.05777922077922078,0.05063636363636363,0.09322077922077923,0.3021941873915558,0.22013028965220202,0.12522727272727271,0.12568181818181817,0.10454545454545454,0.12960858585858584,0.4880519480519481,0.3031457431457431,0.3065575193394742,0.1188382936715087,0.31307250811010207,0.12194025315444187,0.05601010101010101,0.0,0.3336349531838253,0.05118181818181818,0.1387908894609825],[0.06165289256198346,0.050619834710743807,0.050619834710743807,0.050619834710743807,0.07041322314049588,0.051239669421487596,0.050413223140495865,0.07300078709169619,0.07041322314049588,0.1162465564738292,0.07082644628099173,0.20431721056721058,0.21302588872309988,0.26301652892561983,0.12551652892561985,0.23298441291767782,0.13881714876033058,0.29604486422668247,0.44876033057851245,0.45028925619834714,0.20643837046626717,0.4557953324870618,0.12961504795340453,0.10769283746556473,0.3336349531838253,0.0,0.06769972451790633,0.15431424879199912],[0.06089907644375209,0.06059115091435705,0.06244180326931217,0.0611122556564102,0.0611122556564102,0.06796478301440916,0.0735015208987239,0.05835536342583376,0.056370202503726506,0.07725781758102372,0.05480688827756705,0.1095534188034188,0.10079268639726809,0.06765676567656766,0.0554950495049505,0.12073897744741317,0.050990099009900994,0.05472222222222223,0.05142857142857142,0.05103448275862069,0.12250654039778823,0.05193798449612404,0.0660739059553112,0.2551727331928142,0.05118181818181818,0.06769972451790633,0.0,0.08489463770675142],[0.06055624227441285,0.05,0.050370828182941904,0.050370828182941904,0.060309023485784916,0.10012360939431397,0.06515337129907588,0.08142857142857143,0.06024721878862793,0.06018541409147095,0.06024721878862793,0.2161309523809524,0.2327831018269265,0.10012360939431397,0.10024721878862794,0.3029574314256106,0.11464646464646464,0.10594197629608086,0.14609847894658481,0.1203708281829419,0.1803265625015536,0.22337834697993436,0.157092112173588,0.08048710725270936,0.1387908894609825,0.15431424879199912,0.08489463770675142,0.0]],"text":[[0.0,0.8734936202706212,0.8612821344606084,0.8805577855226904,0.9050168991723176,0.8449801998814102,0.8676401461327291,0.8810441465283195,0.8524840689633406,0.8646413190020013,0.8724537616116697,0.04858310853667007,0.03846071014141941,0.015381614151099177,0.08809329470426687,0.11322187369802895,0.021140403724535246,0.034381370676238615,0.004254549444078365,0.0762960697460557,0.05057069817026906,0.014599629456682934,0.07051812086773934,0.03364472820059885,0.05024930776370318,0.020707396615342717,0.0049070999148647975,0.04557693774134973],[0.8734936202706212,0.0,0.8495632560951182,0.8680395091977178,0.8964513151138034,0.8447464726525192,0.8589240548292192,0.8786805203121324,0.8586352774022965,0.8708802497188874,0.8761974247478798,0.0013760030945298054,0.005314575811137291,0.004138546838166158,0.04443843466043679,0.047542278713759864,0.0032798733326794816,0.0020770361092369606,0.0021461964626816993,0.06386841819540126,0.016106911228448293,0.0021865075438787874,0.024086192139300647,0.009892317039717742,0.014839546427412347,0.0019060926410743408,0.001041583772000024,0.02158353439430649],[0.8612821344606084,0.8495632560951182,0.0,0.862348229024837,0.8905737544058301,0.8331822554715169,0.8471657520716754,0.8730092714390861,0.8507304342511672,0.8628626752878207,0.8706330202233653,0.011296055381200685,0.018062481547649587,0.01114046945745182,0.04350352071187485,0.03098705338954961,0.03278951617954105,0.00763131498746077,0.002101043904436848,0.04830963478573871,0.0253365342276379,0.005885814867776941,0.020062518288001607,0.008161396048882406,0.01583876758994148,0.0018659914851491032,0.0038269213590512866,0.024362658638544088],[0.8805577855226904,0.8680395091977178,0.862348229024837,0.0,0.9262155866615723,0.8566641791386737,0.8849710280967338,0.9079914478034874,0.8787099546127473,0.8912412107444884,0.905563761281507,0.03965877235889762,0.03145041733050649,0.08397661621114266,0.07622389291082154,0.04953117452011127,0.031118839686806347,0.01464607681352715,0.00217014457210829,0.08191549479769919,0.027941323699521535,0.006079391849340733,0.054918468178207246,0.010184845991822303,0.024926446119105584,0.0134406807424881,0.0010532061759050467,0.017274072577661746],[0.9050168991723176,0.8964513151138034,0.8905737544058301,0.9262155866615723,0.0,0.8847036584601102,0.9083190123515684,0.9466164478942312,0.9162352287004347,0.9427744695055102,0.9577023439027637,0.01234525847714196,0.013041074830203243,0.011883497353635676,0.04640504381147039,0.03305377465088505,0.009417886904096935,0.0021689546984191587,0.0022411757218675204,0.04319400875808476,0.012603874396656358,0.006278376837919649,0.023531091262387165,0.010518206879487499,0.0051661417043529145,0.0019904461800614357,0.0010876787389635435,0.005262758196151073],[0.8449801998814102,0.8447464726525192,0.8331822554715169,0.8566641791386737,0.8847036584601102,0.0,0.9063736329579444,0.8732852271215563,0.8677939707823721,0.8691488890692515,0.8770063053477503,0.030093710983884154,0.029728779585434552,0.011357260633956864,0.0046556589011995525,0.025889601916489653,0.0286460219566614,0.007779818761088153,0.025188957146376693,0.02532944453247618,0.055208899499034216,0.07068297805589527,0.0433025287287918,0.008320215087713606,0.03807535301182949,0.026620473059109674,0.0039013924382988547,0.060775061056732735],[0.8676401461327291,0.8589240548292192,0.8471657520716754,0.8849710280967338,0.9083190123515684,0.9063736329579444,0.0,0.8965957888960191,0.8798269783317036,0.9010123059840809,0.9004161936894851,0.04743837173655186,0.04146842124843862,0.03940570481389251,0.03613489579714323,0.03816377923580798,0.04039283702671934,0.07383752391191668,0.020746599345110528,0.04223936710119615,0.03300256743954524,0.031645629129955874,0.051952789487110615,0.011943863101869085,0.06248775815521518,0.019265752001147447,0.0039668700938285725,0.06444432134327845],[0.8810441465283195,0.8786805203121324,0.8730092714390861,0.9079914478034874,0.9466164478942312,0.8732852271215563,0.8965957888960191,0.0,0.9201746552729089,0.9173075950173692,0.9319616052751113,0.012185923705712982,0.01287275946595988,0.011730122328064177,0.0048085053419950445,0.017328067738624366,0.039339531980751456,0.0021409609628685986,0.0022122498616243247,0.05645750445862301,0.012441201784347013,0.006197344614878945,0.025499082382748263,0.010382453052049306,0.005099464606489237,0.001964756374722083,0.0010736405522717217,0.005194834112113277],[0.8524840689633406,0.8586352774022965,0.8507304342511672,0.8787099546127473,0.9162352287004347,0.8677939707823721,0.8798269783317036,0.9201746552729089,0.0,0.9027517675129573,0.9082635346671073,0.0027855540604873217,0.006610818664175644,0.004198227384391576,0.004732204273668292,0.004693586325058014,0.10455010524683432,0.0021069883254076264,0.002177146016283142,0.05648079904784173,0.013020402338933026,0.0022180384095781365,0.02292066937307428,0.001166073309453811,0.0011153666989689478,0.0019335797408762544,0.0010566040897306886,0.0008180906900007668],[0.8646413190020013,0.8708802497188874,0.8628626752878207,0.8912412107444884,0.9427744695055102,0.8691488890692515,0.9010123059840809,0.9173075950173692,0.9027517675129573,0.0,0.9345718704221102,0.002825278615096157,0.016934691727312406,0.04659843743462225,0.004799689844943333,0.029133891920367805,0.0033746197588045315,0.027196383229430195,0.0022081941144127173,0.02939129747461216,0.007716330198273183,0.002249669670724928,0.013539897009386745,0.03988904568649303,0.0011312728506285268,0.021461866242657824,0.0010716722327108617,0.000829757413239385],[0.8724537616116697,0.8761974247478798,0.8706330202233653,0.905563761281507,0.9577023439027637,0.8770063053477503,0.9004161936894851,0.9319616052751113,0.9082635346671073,0.9345718704221102,0.0,0.04890952981358476,0.02809545856788878,0.011780104511925713,0.004828994437622612,0.017401902831171094,0.009335946204238933,0.037264524979237164,0.0022216762832965712,0.01722184111182934,0.010194770392416673,0.006223751570350593,0.016666962569993237,0.01042669280188889,0.0177520145384914,0.0019731282238484586,0.0067218934012733215,0.00521696935899818],[0.04858310853667007,0.0013760030945298054,0.011296055381200685,0.03965877235889762,0.01234525847714196,0.030093710983884154,0.04743837173655186,0.012185923705712982,0.0027855540604873217,0.002825278615096157,0.04890952981358476,0.0,0.562297359310707,0.01345050274247061,0.004548878119778232,0.2626544145001497,0.07558297034495566,0.20626309866313963,0.1013522656580631,0.13138782246532782,0.4583683056454607,0.050662149305787905,0.4947587704637704,0.04857996617873089,0.3677488671316793,0.2189918661575051,0.09284240472967917,0.31094470495594145],[0.03846071014141941,0.005314575811137291,0.018062481547649587,0.03145041733050649,0.013041074830203243,0.029728779585434552,0.04146842124843862,0.01287275946595988,0.006610818664175644,0.016934691727312406,0.02809545856788878,0.562297359310707,0.0,0.010976452730933273,0.002423932085458371,0.24717453101186154,0.08203581430386217,0.13202506573134637,0.1853908138089725,0.14627072876830227,0.46616003592410715,0.07997906775110783,0.45822615119198135,0.05471610750932409,0.34713178627430746,0.19892426287297024,0.08248126204875415,0.33009398073100366],[0.015381614151099177,0.004138546838166158,0.01114046945745182,0.08397661621114266,0.011883497353635676,0.011357260633956864,0.03940570481389251,0.011730122328064177,0.004198227384391576,0.04659843743462225,0.011780104511925713,0.01345050274247061,0.010976452730933273,0.0,0.34759316707752635,0.13450050151736523,0.26122091165650424,0.006091600457982817,0.006294436238663104,0.02338814327838304,0.01818440662646984,0.017633085305624477,0.027314987732622864,0.0998597747041351,0.014509326172269656,0.1036950716188026,0.0030547914667086564,0.014780677651447768],[0.08809329470426687,0.04443843466043679,0.04350352071187485,0.07622389291082154,0.04640504381147039,0.0046556589011995525,0.03613489579714323,0.0048085053419950445,0.004732204273668292,0.004799689844943333,0.004828994437622612,0.004548878119778232,0.002423932085458371,0.34759316707752635,0.0,0.1019697993839866,0.2754738810264034,0.006866397429524577,0.007095032103233945,0.09133067321887886,0.008515001893942048,0.0072282950268211165,0.011943070619207435,0.003800079325604166,0.003634833160879542,0.062296800763740286,0.003443333557317344,0.002666049803504488],[0.11322187369802895,0.047542278713759864,0.03098705338954961,0.04953117452011127,0.03305377465088505,0.025889601916489653,0.03816377923580798,0.017328067738624366,0.004693586325058014,0.029133891920367805,0.017401902831171094,0.2626544145001497,0.24717453101186154,0.13450050151736523,0.1019697993839866,0.0,0.039779251621842884,0.0892269394217511,0.0317109081858252,0.10842211486785043,0.211927331469647,0.03141914120750085,0.25686563332185075,0.10145362151968869,0.24161449976569324,0.12204558737884144,0.0008566335238024255,0.24326890568448178],[0.021140403724535246,0.0032798733326794816,0.03278951617954105,0.031118839686806347,0.009417886904096935,0.0286460219566614,0.04039283702671934,0.039339531980751456,0.10455010524683432,0.0033746197588045315,0.009335946204238933,0.07558297034495566,0.08203581430386217,0.26122091165650424,0.2754738810264034,0.039779251621842884,0.0,0.018118835731794996,0.03739797429478318,0.22143174876941352,0.08952535780354515,0.013974539501021387,0.10531817194383619,0.019377393620208135,0.06251100522568494,0.06199784252984566,0.009086161372854007,0.05098699261927224],[0.034381370676238615,0.0020770361092369606,0.00763131498746077,0.01464607681352715,0.0021689546984191587,0.007779818761088153,0.07383752391191668,0.0021409609628685986,0.0021069883254076264,0.027196383229430195,0.037264524979237164,0.20626309866313963,0.13202506573134637,0.006091600457982817,0.006866397429524577,0.0892269394217511,0.018118835731794996,0.0,0.018035532557918663,0.11167994838607175,0.08744278927568962,0.03759953030230883,0.14993421282190372,0.016457254901999268,0.30980379010323217,0.06629676678957312,0.021803576794911572,0.10563675430233344],[0.004254549444078365,0.0021461964626816993,0.002101043904436848,0.00217014457210829,0.0022411757218675204,0.025188957146376693,0.020746599345110528,0.0022122498616243247,0.002177146016283142,0.0022081941144127173,0.0022216762832965712,0.1013522656580631,0.1853908138089725,0.006294436238663104,0.007095032103233945,0.0317109081858252,0.03739797429478318,0.018035532557918663,0.0,0.08738832235315183,0.18696406651956193,0.16253459644847562,0.1515435010304437,0.01821455369184993,0.08952386408261717,0.13970138705899368,0.0015841750489854272,0.12858944322804688],[0.0762960697460557,0.06386841819540126,0.04830963478573871,0.08191549479769919,0.04319400875808476,0.02532944453247618,0.04223936710119615,0.05645750445862301,0.05648079904784173,0.02939129747461216,0.01722184111182934,0.13138782246532782,0.14627072876830227,0.02338814327838304,0.09133067321887886,0.10842211486785043,0.22143174876941352,0.11167994838607175,0.08738832235315183,0.0,0.11728751017676696,0.11570961285696987,0.1770965747450048,0.017133918895600224,0.18425126645576212,0.23067931166521546,0.00803418432252211,0.08042440237978303],[0.05057069817026906,0.016106911228448293,0.0253365342276379,0.027941323699521535,0.012603874396656358,0.055208899499034216,0.03300256743954524,0.012441201784347013,0.013020402338933026,0.007716330198273183,0.010194770392416673,0.4583683056454607,0.46616003592410715,0.01818440662646984,0.008515001893942048,0.211927331469647,0.08952535780354515,0.08744278927568962,0.18696406651956193,0.11728751017676696,0.0,0.18841441518276403,0.4881707648872221,0.08965882763095287,0.2779211014012611,0.22786179940322007,0.05499066169032286,0.3355794287623364],[0.014599629456682934,0.0021865075438787874,0.005885814867776941,0.006079391849340733,0.006278376837919649,0.07068297805589527,0.031645629129955874,0.006197344614878945,0.0022180384095781365,0.002249669670724928,0.006223751570350593,0.050662149305787905,0.07997906775110783,0.017633085305624477,0.0072282950268211165,0.03141914120750085,0.013974539501021387,0.03759953030230883,0.16253459644847562,0.11570961285696987,0.18841441518276403,0.0,0.07315053101403544,0.022657080180546546,0.04330592873167954,0.07439282456161599,0.026957198782084225,0.10494649371351666],[0.07051812086773934,0.024086192139300647,0.020062518288001607,0.054918468178207246,0.023531091262387165,0.0433025287287918,0.051952789487110615,0.025499082382748263,0.02292066937307428,0.013539897009386745,0.016666962569993237,0.4947587704637704,0.45822615119198135,0.027314987732622864,0.011943070619207435,0.25686563332185075,0.10531817194383619,0.14993421282190372,0.1515435010304437,0.1770965747450048,0.4881707648872221,0.07315053101403544,0.0,0.059872691878379694,0.3272537684532783,0.2540499947028066,0.02077418239414327,0.2957739520553962],[0.03364472820059885,0.009892317039717742,0.008161396048882406,0.010184845991822303,0.010518206879487499,0.008320215087713606,0.011943863101869085,0.010382453052049306,0.001166073309453811,0.03988904568649303,0.01042669280188889,0.04857996617873089,0.05471610750932409,0.0998597747041351,0.003800079325604166,0.10145362151968869,0.019377393620208135,0.016457254901999268,0.01821455369184993,0.017133918895600224,0.08965882763095287,0.022657080180546546,0.059872691878379694,0.0,0.049927481667114484,0.058994452612270404,0.06698957241007518,0.06924842985922987],[0.05024930776370318,0.014839546427412347,0.01583876758994148,0.024926446119105584,0.0051661417043529145,0.03807535301182949,0.06248775815521518,0.005099464606489237,0.0011153666989689478,0.0011312728506285268,0.0177520145384914,0.3677488671316793,0.34713178627430746,0.014509326172269656,0.003634833160879542,0.24161449976569324,0.06251100522568494,0.30980379010323217,0.08952386408261717,0.18425126645576212,0.2779211014012611,0.04330592873167954,0.3272537684532783,0.049927481667114484,0.0,0.13735007634994714,0.01819956958971833,0.33439355443663155],[0.020707396615342717,0.0019060926410743408,0.0018659914851491032,0.0134406807424881,0.0019904461800614357,0.026620473059109674,0.019265752001147447,0.001964756374722083,0.0019335797408762544,0.021461866242657824,0.0019731282238484586,0.2189918661575051,0.19892426287297024,0.1036950716188026,0.062296800763740286,0.12204558737884144,0.06199784252984566,0.06629676678957312,0.13970138705899368,0.23067931166521546,0.22786179940322007,0.07439282456161599,0.2540499947028066,0.058994452612270404,0.13735007634994714,0.0,0.0014069468734803977,0.15541144033604426],[0.0049070999148647975,0.001041583772000024,0.0038269213590512866,0.0010532061759050467,0.0010876787389635435,0.0039013924382988547,0.0039668700938285725,0.0010736405522717217,0.0010566040897306886,0.0010716722327108617,0.0067218934012733215,0.09284240472967917,0.08248126204875415,0.0030547914667086564,0.003443333557317344,0.0008566335238024255,0.009086161372854007,0.021803576794911572,0.0015841750489854272,0.00803418432252211,0.05499066169032286,0.026957198782084225,0.02077418239414327,0.06698957241007518,0.01819956958971833,0.0014069468734803977,0.0,0.0005952742026550136],[0.04557693774134973,0.02158353439430649,0.024362658638544088,0.017274072577661746,0.005262758196151073,0.060775061056732735,0.06444432134327845,0.005194834112113277,0.0008180906900007668,0.000829757413239385,0.00521696935899818,0.31094470495594145,0.33009398073100366,0.014780677651447768,0.002666049803504488,0.24326890568448178,0.05098699261927224,0.10563675430233344,0.12858944322804688,0.08042440237978303,0.3355794287623364,0.10494649371351666,0.2957739520553962,0.06924842985922987,0.33439355443663155,0.15541144033604426,0.0005952742026550136,0.0]],"method":"embedding (all-MiniLM-L6-v2) | link: field-level (links uninformative) | order: spectral graph components","folder":"Component Families","meta":[{"label":"CAM","tags":["atmosphere"]},{"label":"GEOS","tags":["atmosphere"]},{"label":"NICAM","tags":["atmosphere"]},{"label":"hadam","tags":["atmosphere"]},{"label":"arpege-climat","tags":["atmosphere"]},{"label":"pisces","tags":["ocean-biogeochemistry"]},{"label":"nemo","tags":["ocean"]},{"label":"reprobus","tags":["atmospheric-chemistry"]},{"label":"tactic","tags":["aerosol"]},{"label":"surfex","tags":["land-surface"]},{"label":"gelato","tags":["sea-ice"]},{"label":"fesim","tags":["sea_ice"]},{"label":"fesom","tags":["ocean"]},{"label":"jules","tags":["land_surface"]},{"label":"metum","tags":["atmosphere"]},{"label":"cable","tags":["land_surface"]},{"label":"glomap-mode","tags":["aerosol","atmospheric-chemistry"]},{"label":"SI3","tags":["sea_ice"]},{"label":"cannemo","tags":["ocean"]},{"label":"canam","tags":["atmosphere","aerosol","atmospheric-chemistry"]},{"label":"lpj-guess","tags":["land_surface"]},{"label":"cmoc","tags":["ocean-biogeochemistry"]},{"label":"ifs","tags":["atmosphere"]},{"label":"CLM","tags":["land-surface"]},{"label":"lim","tags":["sea_ice"]},{"label":"class-ctem","tags":["land_surface"]},{"label":"BISICLES","tags":["land-ice"]},{"label":"wombat","tags":["ocean-biogeochemistry"]}],"tree":{"name":"","leaf":false,"children":[{"name":"CAM","leaf":true,"spectral_index":0,"value":0.0},{"name":"","leaf":false,"children":[{"name":"","leaf":false,"children":[{"name":"CLM","leaf":true,"spectral_index":11,"value":0.0},{"name":"BISICLES","leaf":true,"spectral_index":14,"value":0.0}],"value":0.8389188471985554},{"name":"","leaf":false,"children":[{"name":"","leaf":false,"children":[{"name":"jules","leaf":tru