{
  "stem": "Earth_System_Model_Families",
  "singular": "ESM Family",
  "endpoint": "model_family",
  "count": 21,
  "method": "field-level | link: field-level (links uninformative) | order: spectral graph components",
  "entries": [
    {
      "id": "MPI-ESM",
      "label": "MPI-ESM",
      "spectral_rank": 0
    },
    {
      "id": "IPSL-CM",
      "label": "IPSL-CM",
      "spectral_rank": 1
    },
    {
      "id": "GFDL-CM4",
      "label": "GFDL-CM4",
      "spectral_rank": 2
    },
    {
      "id": "CESM",
      "label": "CESM",
      "spectral_rank": 3
    },
    {
      "id": "MIROC",
      "label": "MIROC",
      "spectral_rank": 4
    },
    {
      "id": "GISS-E2",
      "label": "GISS-E2",
      "spectral_rank": 5
    },
    {
      "id": "BCC-CSM",
      "label": "BCC-CSM",
      "spectral_rank": 6
    },
    {
      "id": "FGOALS",
      "label": "FGOALS",
      "spectral_rank": 7
    },
    {
      "id": "CNRM-CM",
      "label": "CNRM-CM",
      "spectral_rank": 8
    },
    {
      "id": "CanESM",
      "label": "CanESM",
      "spectral_rank": 9
    },
    {
      "id": "CanESM",
      "label": "CanESM",
      "spectral_rank": 10
    },
    {
      "id": "HadCM2",
      "label": "HadCM2",
      "spectral_rank": 11
    },
    {
      "id": "ICON",
      "label": "ICON",
      "spectral_rank": 12
    },
    {
      "id": "GISS-E",
      "label": "GISS-E",
      "spectral_rank": 13
    },
    {
      "id": "UKESM1",
      "label": "UKESM1",
      "spectral_rank": 14
    },
    {
      "id": "gfdl",
      "label": "gfdl",
      "spectral_rank": 15
    },
    {
      "id": "cas-fgoals-g3.5",
      "label": "cas-fgoals-g3.5",
      "spectral_rank": 16
    },
    {
      "id": "UKCM",
      "label": "UKCM",
      "spectral_rank": 17
    },
    {
      "id": "HadGEM3",
      "label": "HadGEM3",
      "spectral_rank": 18
    },
    {
      "id": "ec-earth",
      "label": "ec-earth",
      "spectral_rank": 19
    },
    {
      "id": "access-esm",
      "label": "access-esm",
      "spectral_rank": 20
    }
  ],
  "link_matrix": [
    [
      0.0,
      0.8951146560319043,
      0.8831699346405228,
      0.8572549019607844,
      0.8742163312693498,
      0.8637236611062336,
      0.8584558823529411,
      0.8593471479500892,
      0.8583210784313726,
      0.0605787131925941,
      0.0605787131925941,
      0.1371336605491535,
      0.7927050882658359,
      0.05740167553959803,
      0.8285826491719788,
      0.05361186874948343,
      0.08211745689655173,
      0.06496527777777777,
      0.07861245805136888,
      0.056504065040650406,
      0.06486183694800104
    ],
    [
      0.8951146560319043,
      0.0,
      0.8839869281045752,
      0.8586896221903395,
      0.8612132352941176,
      0.8693816456931031,
      0.863440927218345,
      0.8753899286987523,
      0.8630269607843137,
      0.060486801427888225,
      0.060486801427888225,
      0.1260225494380424,
      0.7932242990654205,
      0.06312643583288624,
      0.8193111259931709,
      0.053726547648566006,
      0.09470366379310344,
      0.05524305555555555,
      0.06617226666380907,
      0.05692247508249141,
      0.05486183694800104
    ],
    [
      0.8831699346405228,
      0.8839869281045752,
      0.0,
      0.8710441575003985,
      0.8624516253869968,
      0.8911356209150326,
      0.8600898692810458,
      0.8597927807486632,
      0.862438725490196,
      0.0605787131925941,
      0.0605787131925941,
      0.1337603341711323,
      0.7942627206645898,
      0.07962389776182024,
      0.824012295153501,
      0.10315315315315314,
      0.08254849137931033,
      0.06190972222222223,
      0.07249868877970488,
      0.05692247508249141,
      0.05500228638620329
    ],
    [
      0.8572549019607844,
      0.8586896221903395,
      0.8710441575003985,
      0.0,
      0.8644715447154471,
      0.8620213613900845,
      0.8705499760879961,
      0.8551267336202774,
      0.8593639406982305,
      0.07316270410603265,
      0.07316270410603265,
      0.12799807013221645,
      0.790984643179765,
      0.06558196800242114,
      0.8073292530678116,
      0.06720458991101194,
      0.08335632183908046,
      0.06194444444444445,
      0.08361420854734275,
      0.06456306855515152,
      0.07844460412856022
    ],
    [
      0.8742163312693498,
      0.8612132352941176,
      0.8624516253869968,
      0.8644715447154471,
      0.0,
      0.8694736842105263,
      0.8688544891640867,
      0.870017825311943,
      0.8744375644994841,
      0.060762536722005864,
      0.060762536722005864,
      0.143369967278418,
      0.7976323987538941,
      0.05765548264619702,
      0.8163214855602683,
      0.05406231919993387,
      0.1,
      0.06740437158469945,
      0.08272729058725405,
      0.05755009014525292,
      0.05442089103736608
    ],
    [
      0.8637236611062336,
      0.8693816456931031,
      0.8911356209150326,
      0.8620213613900845,
      0.8694736842105263,
      0.0,
      0.8841088674275681,
      0.8963161021984551,
      0.8880995475113123,
      0.060447944421671104,
      0.060447944421671104,
      0.13766433748828116,
      0.8042042761668929,
      0.10707977384342371,
      0.8026018801002058,
      0.07549005427445794,
      0.09936973180076628,
      0.056306921675774134,
      0.06641150111356983,
      0.05734088512433242,
      0.05397994512673112
    ],
    [
      0.8584558823529411,
      0.863440927218345,
      0.8600898692810458,
      0.8705499760879961,
      0.8688544891640867,
      0.8841088674275681,
      0.0,
      0.8841354723707665,
      0.8847662141779788,
      0.08017220912755346,
      0.08017220912755346,
      0.13453444703444706,
      0.8005698005698005,
      0.057079773843423706,
      0.8022339625137452,
      0.05349718985040086,
      0.08808620689655172,
      0.05575136612021858,
      0.06401915661596218,
      0.059554054029859825,
      0.05355859681212437
    ],
    [
      0.8593471479500892,
      0.8753899286987523,
      0.8597927807486632,
      0.8551267336202774,
      0.870017825311943,
      0.8963161021984551,
      0.8841354723707665,
      0.0,
      0.8879747703277115,
      0.07072367971578875,
      0.07072367971578875,
      0.13688186487482262,
      0.8026741776741777,
      0.06895230627433177,
      0.8059131383783515,
      0.05361186874948343,
      0.1386896551724138,
      0.057140255009107466,
      0.06665073556333061,
      0.05859611524985543,
      0.06440129344133785
    ],
    [
      0.8583210784313726,
      0.8630269607843137,
      0.862438725490196,
      0.8593639406982305,
      0.8744375644994841,
      0.8880995475113123,
      0.8847662141779788,
      0.8879747703277115,
      0.0,
      0.06859745422559269,
      0.06859745422559269,
      0.13688186487482262,
      0.8021274329685544,
      0.06166945235442202,
      0.8030814131342444,
      0.057893214315232665,
      0.0913390804597701,
      0.0554735883424408,
      0.06354068771644066,
      0.05859611524985543,
      0.057655038759689914
    ],
    [
      0.0605787131925941,
      0.060486801427888225,
      0.0605787131925941,
      0.07316270410603265,
      0.060762536722005864,
      0.060447944421671104,
      0.08017220912755346,
      0.07072367971578875,
      0.06859745422559269,
      0.0,
      1.0,
      0.060907503245200514,
      0.060447944421671104,
      0.2930454261454431,
      0.06177356613377057,
      0.3023792443806791,
      0.19758717733065922,
      0.159128781085605,
      0.0635383787661406,
      0.1638508119805691,
      0.18960010474474298
    ],
    [
      0.0605787131925941,
      0.060486801427888225,
      0.0605787131925941,
      0.07316270410603265,
      0.060762536722005864,
      0.060447944421671104,
      0.08017220912755346,
      0.07072367971578875,
      0.06859745422559269,
      1.0,
      0.0,
      0.060907503245200514,
      0.060447944421671104,
      0.2930454261454431,
      0.06177356613377057,
      0.3023792443806791,
      0.19758717733065922,
      0.159128781085605,
      0.0635383787661406,
      0.1638508119805691,
      0.18960010474474298
    ],
    [
      0.1371336605491535,
      0.1260225494380424,
      0.1337603341711323,
      0.12799807013221645,
      0.143369967278418,
      0.13766433748828116,
      0.13453444703444706,
      0.13688186487482262,
      0.13688186487482262,
      0.060907503245200514,
      0.060907503245200514,
      0.0,
      0.1625699171103174,
      0.0656138297914828,
      0.17109166138258605,
      0.06369785737202133,
      0.07133555802743789,
      0.10768214936247722,
      0.2958999486760911,
      0.0667106694012007,
      0.06234495772819609
    ],
    [
      0.7927050882658359,
      0.7932242990654205,
      0.7942627206645898,
      0.790984643179765,
      0.7976323987538941,
      0.8042042761668929,
      0.8005698005698005,
      0.8026741776741777,
      0.8021274329685544,
      0.060447944421671104,
      0.060447944421671104,
      0.1625699171103174,
      0.0,
      0.057180883991581034,
      0.7892369637291134,
      0.05349718985040086,
      0.0663448275862069,
      0.05795992714025501,
      0.06856461116141672,
      0.059989114535496824,
      0.054701789913770574
    ],
    [
      0.05740167553959803,
      0.06312643583288624,
      0.07962389776182024,
      0.06558196800242114,
      0.05765548264619702,
      0.10707977384342371,
      0.057079773843423706,
      0.06895230627433177,
      0.06166945235442202,
      0.2930454261454431,
      0.2930454261454431,
      0.0656138297914828,
      0.057180883991581034,
      0.0,
      0.05782468738392967,
      0.44324022383364137,
      0.2325400132155749,
      0.11422557880401141,
      0.11001822584436394,
      0.24601301877597476,
      0.2276310542763123
    ],
    [
      0.8285826491719788,
      0.8193111259931709,
      0.824012295153501,
      0.8073292530678116,
      0.8163214855602683,
      0.8026018801002058,
      0.8022339625137452,
      0.8059131383783515,
      0.8030814131342444,
      0.06177356613377057,
      0.06177356613377057,
      0.17109166138258605,
      0.7892369637291134,
      0.05782468738392967,
      0.0,
      0.06030594814998484,
      0.07346474234792716,
      0.10897684712291456,
      0.17287748546034887,
      0.06552435844533086,
      0.05739913176710929
    ],
    [
      0.05361186874948343,
      0.053726547648566006,
      0.10315315315315314,
      0.06720458991101194,
      0.05406231919993387,
      0.07549005427445794,
      0.05349718985040086,
      0.05361186874948343,
      0.057893214315232665,
      0.3023792443806791,
      0.3023792443806791,
      0.06369785737202133,
      0.05349718985040086,
      0.44324022383364137,
      0.06030594814998484,
      0.0,
      0.2723704589146868,
      0.1422335179215913,
      0.11225126702290644,
      0.2026884074185776,
      0.2316812321816558
    ],
    [
      0.08211745689655173,
      0.09470366379310344,
      0.08254849137931033,
      0.08335632183908046,
      0.1,
      0.09936973180076628,
      0.08808620689655172,
      0.1386896551724138,
      0.0913390804597701,
      0.19758717733065922,
      0.19758717733065922,
      0.07133555802743789,
      0.0663448275862069,
      0.2325400132155749,
      0.07346474234792716,
      0.2723704589146868,
      0.0,
      0.12071944166630429,
      0.10746951524237883,
      0.20265509231446996,
      0.22237352246253855
    ],
    [
      0.06496527777777777,
      0.05524305555555555,
      0.06190972222222223,
      0.06194444444444445,
      0.06740437158469945,
      0.056306921675774134,
      0.05575136612021858,
      0.057140255009107466,
      0.0554735883424408,
      0.159128781085605,
      0.159128781085605,
      0.10768214936247722,
      0.05795992714025501,
      0.11422557880401141,
      0.10897684712291456,
      0.1422335179215913,
      0.12071944166630429,
      0.0,
      0.11416161616161617,
      0.10940912337993673,
      0.17998326666800668
    ],
    [
      0.07861245805136888,
      0.06617226666380907,
      0.07249868877970488,
      0.08361420854734275,
      0.08272729058725405,
      0.06641150111356983,
      0.06401915661596218,
      0.06665073556333061,
      0.06354068771644066,
      0.0635383787661406,
      0.0635383787661406,
      0.2958999486760911,
      0.06856461116141672,
      0.11001822584436394,
      0.17287748546034887,
      0.11225126702290644,
      0.10746951524237883,
      0.11416161616161617,
      0.0,
      0.1146214454003736,
      0.1044036912851031
    ],
    [
      0.056504065040650406,
      0.05692247508249141,
      0.05692247508249141,
      0.06456306855515152,
      0.05755009014525292,
      0.05734088512433242,
      0.059554054029859825,
      0.05859611524985543,
      0.05859611524985543,
      0.1638508119805691,
      0.1638508119805691,
      0.0667106694012007,
      0.059989114535496824,
      0.24601301877597476,
      0.06552435844533086,
      0.2026884074185776,
      0.20265509231446996,
      0.10940912337993673,
      0.1146214454003736,
      0.0,
      0.2820211368060094
    ],
    [
      0.06486183694800104,
      0.05486183694800104,
      0.05500228638620329,
      0.07844460412856022,
      0.05442089103736608,
      0.05397994512673112,
      0.05355859681212437,
      0.06440129344133785,
      0.057655038759689914,
      0.18960010474474298,
      0.18960010474474298,
      0.06234495772819609,
      0.054701789913770574,
      0.2276310542763123,
      0.05739913176710929,
      0.2316812321816558,
      0.22237352246253855,
      0.17998326666800668,
      0.1044036912851031,
      0.2820211368060094,
      0.0
    ]
  ],
  "text_matrix": [
    [
      0.0,
      0.8951146560319043,
      0.8831699346405228,
      0.8572549019607844,
      0.8742163312693498,
      0.8637236611062336,
      0.8584558823529411,
      0.8593471479500892,
      0.8583210784313726,
      0.0605787131925941,
      0.0605787131925941,
      0.1371336605491535,
      0.7927050882658359,
      0.05740167553959803,
      0.8285826491719788,
      0.05361186874948343,
      0.08211745689655173,
      0.06496527777777777,
      0.07861245805136888,
      0.056504065040650406,
      0.06486183694800104
    ],
    [
      0.8951146560319043,
      0.0,
      0.8839869281045752,
      0.8586896221903395,
      0.8612132352941176,
      0.8693816456931031,
      0.863440927218345,
      0.8753899286987523,
      0.8630269607843137,
      0.060486801427888225,
      0.060486801427888225,
      0.1260225494380424,
      0.7932242990654205,
      0.06312643583288624,
      0.8193111259931709,
      0.053726547648566006,
      0.09470366379310344,
      0.05524305555555555,
      0.06617226666380907,
      0.05692247508249141,
      0.05486183694800104
    ],
    [
      0.8831699346405228,
      0.8839869281045752,
      0.0,
      0.8710441575003985,
      0.8624516253869968,
      0.8911356209150326,
      0.8600898692810458,
      0.8597927807486632,
      0.862438725490196,
      0.0605787131925941,
      0.0605787131925941,
      0.1337603341711323,
      0.7942627206645898,
      0.07962389776182024,
      0.824012295153501,
      0.10315315315315314,
      0.08254849137931033,
      0.06190972222222223,
      0.07249868877970488,
      0.05692247508249141,
      0.05500228638620329
    ],
    [
      0.8572549019607844,
      0.8586896221903395,
      0.8710441575003985,
      0.0,
      0.8644715447154471,
      0.8620213613900845,
      0.8705499760879961,
      0.8551267336202774,
      0.8593639406982305,
      0.07316270410603265,
      0.07316270410603265,
      0.12799807013221645,
      0.790984643179765,
      0.06558196800242114,
      0.8073292530678116,
      0.06720458991101194,
      0.08335632183908046,
      0.06194444444444445,
      0.08361420854734275,
      0.06456306855515152,
      0.07844460412856022
    ],
    [
      0.8742163312693498,
      0.8612132352941176,
      0.8624516253869968,
      0.8644715447154471,
      0.0,
      0.8694736842105263,
      0.8688544891640867,
      0.870017825311943,
      0.8744375644994841,
      0.060762536722005864,
      0.060762536722005864,
      0.143369967278418,
      0.7976323987538941,
      0.05765548264619702,
      0.8163214855602683,
      0.05406231919993387,
      0.1,
      0.06740437158469945,
      0.08272729058725405,
      0.05755009014525292,
      0.05442089103736608
    ],
    [
      0.8637236611062336,
      0.8693816456931031,
      0.8911356209150326,
      0.8620213613900845,
      0.8694736842105263,
      0.0,
      0.8841088674275681,
      0.8963161021984551,
      0.8880995475113123,
      0.060447944421671104,
      0.060447944421671104,
      0.13766433748828116,
      0.8042042761668929,
      0.10707977384342371,
      0.8026018801002058,
      0.07549005427445794,
      0.09936973180076628,
      0.056306921675774134,
      0.06641150111356983,
      0.05734088512433242,
      0.05397994512673112
    ],
    [
      0.8584558823529411,
      0.863440927218345,
      0.8600898692810458,
      0.8705499760879961,
      0.8688544891640867,
      0.8841088674275681,
      0.0,
      0.8841354723707665,
      0.8847662141779788,
      0.08017220912755346,
      0.08017220912755346,
      0.13453444703444706,
      0.8005698005698005,
      0.057079773843423706,
      0.8022339625137452,
      0.05349718985040086,
      0.08808620689655172,
      0.05575136612021858,
      0.06401915661596218,
      0.059554054029859825,
      0.05355859681212437
    ],
    [
      0.8593471479500892,
      0.8753899286987523,
      0.8597927807486632,
      0.8551267336202774,
      0.870017825311943,
      0.8963161021984551,
      0.8841354723707665,
      0.0,
      0.8879747703277115,
      0.07072367971578875,
      0.07072367971578875,
      0.13688186487482262,
      0.8026741776741777,
      0.06895230627433177,
      0.8059131383783515,
      0.05361186874948343,
      0.1386896551724138,
      0.057140255009107466,
      0.06665073556333061,
      0.05859611524985543,
      0.06440129344133785
    ],
    [
      0.8583210784313726,
      0.8630269607843137,
      0.862438725490196,
      0.8593639406982305,
      0.8744375644994841,
      0.8880995475113123,
      0.8847662141779788,
      0.8879747703277115,
      0.0,
      0.06859745422559269,
      0.06859745422559269,
      0.13688186487482262,
      0.8021274329685544,
      0.06166945235442202,
      0.8030814131342444,
      0.057893214315232665,
      0.0913390804597701,
      0.0554735883424408,
      0.06354068771644066,
      0.05859611524985543,
      0.057655038759689914
    ],
    [
      0.0605787131925941,
      0.060486801427888225,
      0.0605787131925941,
      0.07316270410603265,
      0.060762536722005864,
      0.060447944421671104,
      0.08017220912755346,
      0.07072367971578875,
      0.06859745422559269,
      0.0,
      1.0,
      0.060907503245200514,
      0.060447944421671104,
      0.2930454261454431,
      0.06177356613377057,
      0.3023792443806791,
      0.19758717733065922,
      0.159128781085605,
      0.0635383787661406,
      0.1638508119805691,
      0.18960010474474298
    ],
    [
      0.0605787131925941,
      0.060486801427888225,
      0.0605787131925941,
      0.07316270410603265,
      0.060762536722005864,
      0.060447944421671104,
      0.08017220912755346,
      0.07072367971578875,
      0.06859745422559269,
      1.0,
      0.0,
      0.060907503245200514,
      0.060447944421671104,
      0.2930454261454431,
      0.06177356613377057,
      0.3023792443806791,
      0.19758717733065922,
      0.159128781085605,
      0.0635383787661406,
      0.1638508119805691,
      0.18960010474474298
    ],
    [
      0.1371336605491535,
      0.1260225494380424,
      0.1337603341711323,
      0.12799807013221645,
      0.143369967278418,
      0.13766433748828116,
      0.13453444703444706,
      0.13688186487482262,
      0.13688186487482262,
      0.060907503245200514,
      0.060907503245200514,
      0.0,
      0.1625699171103174,
      0.0656138297914828,
      0.17109166138258605,
      0.06369785737202133,
      0.07133555802743789,
      0.10768214936247722,
      0.2958999486760911,
      0.0667106694012007,
      0.06234495772819609
    ],
    [
      0.7927050882658359,
      0.7932242990654205,
      0.7942627206645898,
      0.790984643179765,
      0.7976323987538941,
      0.8042042761668929,
      0.8005698005698005,
      0.8026741776741777,
      0.8021274329685544,
      0.060447944421671104,
      0.060447944421671104,
      0.1625699171103174,
      0.0,
      0.057180883991581034,
      0.7892369637291134,
      0.05349718985040086,
      0.0663448275862069,
      0.05795992714025501,
      0.06856461116141672,
      0.059989114535496824,
      0.054701789913770574
    ],
    [
      0.05740167553959803,
      0.06312643583288624,
      0.07962389776182024,
      0.06558196800242114,
      0.05765548264619702,
      0.10707977384342371,
      0.057079773843423706,
      0.06895230627433177,
      0.06166945235442202,
      0.2930454261454431,
      0.2930454261454431,
      0.0656138297914828,
      0.057180883991581034,
      0.0,
      0.05782468738392967,
      0.44324022383364137,
      0.2325400132155749,
      0.11422557880401141,
      0.11001822584436394,
      0.24601301877597476,
      0.2276310542763123
    ],
    [
      0.8285826491719788,
      0.8193111259931709,
      0.824012295153501,
      0.8073292530678116,
      0.8163214855602683,
      0.8026018801002058,
      0.8022339625137452,
      0.8059131383783515,
      0.8030814131342444,
      0.06177356613377057,
      0.06177356613377057,
      0.17109166138258605,
      0.7892369637291134,
      0.05782468738392967,
      0.0,
      0.06030594814998484,
      0.07346474234792716,
      0.10897684712291456,
      0.17287748546034887,
      0.06552435844533086,
      0.05739913176710929
    ],
    [
      0.05361186874948343,
      0.053726547648566006,
      0.10315315315315314,
      0.06720458991101194,
      0.05406231919993387,
      0.07549005427445794,
      0.05349718985040086,
      0.05361186874948343,
      0.057893214315232665,
      0.3023792443806791,
      0.3023792443806791,
      0.06369785737202133,
      0.05349718985040086,
      0.44324022383364137,
      0.06030594814998484,
      0.0,
      0.2723704589146868,
      0.1422335179215913,
      0.11225126702290644,
      0.2026884074185776,
      0.2316812321816558
    ],
    [
      0.08211745689655173,
      0.09470366379310344,
      0.08254849137931033,
      0.08335632183908046,
      0.1,
      0.09936973180076628,
      0.08808620689655172,
      0.1386896551724138,
      0.0913390804597701,
      0.19758717733065922,
      0.19758717733065922,
      0.07133555802743789,
      0.0663448275862069,
      0.2325400132155749,
      0.07346474234792716,
      0.2723704589146868,
      0.0,
      0.12071944166630429,
      0.10746951524237883,
      0.20265509231446996,
      0.22237352246253855
    ],
    [
      0.06496527777777777,
      0.05524305555555555,
      0.06190972222222223,
      0.06194444444444445,
      0.06740437158469945,
      0.056306921675774134,
      0.05575136612021858,
      0.057140255009107466,
      0.0554735883424408,
      0.159128781085605,
      0.159128781085605,
      0.10768214936247722,
      0.05795992714025501,
      0.11422557880401141,
      0.10897684712291456,
      0.1422335179215913,
      0.12071944166630429,
      0.0,
      0.11416161616161617,
      0.10940912337993673,
      0.17998326666800668
    ],
    [
      0.07861245805136888,
      0.06617226666380907,
      0.07249868877970488,
      0.08361420854734275,
      0.08272729058725405,
      0.06641150111356983,
      0.06401915661596218,
      0.06665073556333061,
      0.06354068771644066,
      0.0635383787661406,
      0.0635383787661406,
      0.2958999486760911,
      0.06856461116141672,
      0.11001822584436394,
      0.17287748546034887,
      0.11225126702290644,
      0.10746951524237883,
      0.11416161616161617,
      0.0,
      0.1146214454003736,
      0.1044036912851031
    ],
    [
      0.056504065040650406,
      0.05692247508249141,
      0.05692247508249141,
      0.06456306855515152,
      0.05755009014525292,
      0.05734088512433242,
      0.059554054029859825,
      0.05859611524985543,
      0.05859611524985543,
      0.1638508119805691,
      0.1638508119805691,
      0.0667106694012007,
      0.059989114535496824,
      0.24601301877597476,
      0.06552435844533086,
      0.2026884074185776,
      0.20265509231446996,
      0.10940912337993673,
      0.1146214454003736,
      0.0,
      0.2820211368060094
    ],
    [
      0.06486183694800104,
      0.05486183694800104,
      0.05500228638620329,
      0.07844460412856022,
      0.05442089103736608,
      0.05397994512673112,
      0.05355859681212437,
      0.06440129344133785,
      0.057655038759689914,
      0.18960010474474298,
      0.18960010474474298,
      0.06234495772819609,
      0.054701789913770574,
      0.2276310542763123,
      0.05739913176710929,
      0.2316812321816558,
      0.22237352246253855,
      0.17998326666800668,
      0.1044036912851031,
      0.2820211368060094,
      0.0
    ]
  ],
  "dendrogram": {
    "name": "",
    "leaf": false,
    "children": [
      {
        "name": "",
        "leaf": false,
        "children": [
          {
            "name": "UKCM",
            "leaf": true,
            "spectral_index": 8,
            "value": 0.0
          },
          {
            "name": "",
            "leaf": false,
            "children": [
              {
                "name": "",
                "leaf": false,
                "children": [
                  {
                    "name": "ec-earth",
                    "leaf": true,
                    "spectral_index": 10,
                    "value": 0.0
                  },
                  {
                    "name": "access-esm",
                    "leaf": true,
                    "spectral_index": 11,
                    "value": 0.0
                  }
                ],
                "value": 0.7179788631939906
              },
              {
                "name": "",
                "leaf": false,
                "children": [
                  {
                    "name": "cas-fgoals-g3.5",
                    "leaf": true,
                    "spectral_index": 7,
                    "value": 0.0
                  },
                  {
                    "name": "",
                    "leaf": false,
                    "children": [
                      {
                        "name": "CanESM",
                        "leaf": true,
                        "spectral_index": 1,
                        "value": 0.0
                      },
                      {
                        "name": "",
                        "leaf": false,
                        "children": [
                          {
                            "name": "GISS-E",
                            "leaf": true,
                            "spectral_index": 4,
                            "value": 0.0
                          },
                          {
                            "name": "gfdl",
                            "leaf": true,
                            "spectral_index": 6,
                            "value": 0.0
                          }
                        ],
                        "value": 0.5567597761663586
                      }
                    ],
                    "value": 0.7022876647369389
                  }
                ],
                "value": 0.7658341168463597
              }
            ],
            "value": 0.7891883444806447
          }
        ],
        "value": 0.8623833817457575
      },
      {
        "name": "",
        "leaf": false,
        "children": [
          {
            "name": "",
            "leaf": false,
            "children": [
              {
                "name": "ICON",
                "leaf": true,
                "spectral_index": 3,
                "value": 0.0
              },
              {
                "name": "",
                "leaf": false,
                "children": [
                  {
                    "name": "MPI-ESM",
                    "leaf": true,
                    "spectral_index": 0,
                    "value": 0.0
                  },
                  {
                    "name": "UKESM1",
                    "leaf": true,
                    "spectral_index": 5,
                    "value": 0.0
                  }
                ],
                "value": 0.1878458663251914
              }
            ],
            "value": 0.20658236050716933
          },
          {
            "name": "",
            "leaf": false,
            "children": [
              {
                "name": "HadCM2",
                "leaf": true,
                "spectral_index": 2,
                "value": 0.0
              },
              {
                "name": "HadGEM3",
                "leaf": true,
                "spectral_index": 9,
                "value": 0.0
              }
            ],
            "value": 0.7041000513239088
          }
        ],
        "value": 0.8697328302682936
      }
    ],
    "value": 0.9259449326248541
  },
  "schema": {
    "name": "",
    "children": [
      {
        "name": "collaborative_institutions",
        "type": "scalar"
      },
      {
        "name": "common_scientific_basis",
        "type": "scalar"
      },
      {
        "name": "computational_requirements",
        "type": "scalar"
      },
      {
        "name": "description",
        "type": "scalar"
      },
      {
        "name": "documentation",
        "type": "scalar"
      },
      {
        "name": "established",
        "type": "scalar"
      },
      {
        "name": "evolution",
        "type": "scalar"
      },
      {
        "name": "family_type",
        "type": "scalar"
      },
      {
        "name": "license",
        "type": "scalar"
      },
      {
        "name": "primary_institution",
        "type": "scalar"
      },
      {
        "name": "programming_languages",
        "type": "scalar"
      },
      {
        "name": "references",
        "type": "scalar"
      },
      {
        "name": "representative_member",
        "type": "scalar"
      },
      {
        "name": "scientific_domains",
        "type": "list"
      },
      {
        "name": "shared_code_base",
        "type": "scalar"
      },
      {
        "name": "software_dependencies",
        "type": "scalar"
      },
      {
        "name": "source_code_repository",
        "type": "scalar"
      },
      {
        "name": "ui_label",
        "type": "scalar"
      },
      {
        "name": "validation_key",
        "type": "scalar"
      },
      {
        "name": "variation_dimensions",
        "type": "scalar"
      },
      {
        "name": "website",
        "type": "scalar"
      }
    ]
  }
}