{
  "stem": "Earth_System_Model_Families",
  "singular": "ESM Family",
  "endpoint": "model_family",
  "count": 17,
  "method": "field-level | link: text (links uninformative) | order: UPGMA leaf traversal",
  "entries": [
    {
      "id": "gfdl",
      "label": "gfdl",
      "spectral_rank": 0
    },
    {
      "id": "access-esm",
      "label": "access-esm",
      "spectral_rank": 1
    },
    {
      "id": "ec-earth",
      "label": "ec-earth",
      "spectral_rank": 2
    },
    {
      "id": "ICON",
      "label": "ICON",
      "spectral_rank": 3
    },
    {
      "id": "UKESM1",
      "label": "UKESM1",
      "spectral_rank": 4
    },
    {
      "id": "CESM",
      "label": "CESM",
      "spectral_rank": 5
    },
    {
      "id": "GFDL-CM4",
      "label": "GFDL-CM4",
      "spectral_rank": 6
    },
    {
      "id": "MPI-ESM",
      "label": "MPI-ESM",
      "spectral_rank": 7
    },
    {
      "id": "IPSL-CM",
      "label": "IPSL-CM",
      "spectral_rank": 8
    },
    {
      "id": "MIROC",
      "label": "MIROC",
      "spectral_rank": 9
    },
    {
      "id": "BCC-CSM",
      "label": "BCC-CSM",
      "spectral_rank": 10
    },
    {
      "id": "CanESM",
      "label": "CanESM",
      "spectral_rank": 11
    },
    {
      "id": "CNRM-CM",
      "label": "CNRM-CM",
      "spectral_rank": 12
    },
    {
      "id": "GISS-E2",
      "label": "GISS-E2",
      "spectral_rank": 13
    },
    {
      "id": "FGOALS",
      "label": "FGOALS",
      "spectral_rank": 14
    },
    {
      "id": "HadGEM3",
      "label": "HadGEM3",
      "spectral_rank": 15
    },
    {
      "id": "HadCM2",
      "label": "HadCM2",
      "spectral_rank": 16
    }
  ],
  "link_matrix": [
    [
      0.0,
      0.2316812321816558,
      0.2026884074185776,
      0.05349718985040086,
      0.06030594814998484,
      0.06720458991101194,
      0.10315315315315314,
      0.05361186874948343,
      0.053726547648566006,
      0.05406231919993387,
      0.05349718985040086,
      0.05520910819075956,
      0.057893214315232665,
      0.07549005427445794,
      0.05361186874948343,
      0.11225126702290644,
      0.06369785737202133
    ],
    [
      0.2316812321816558,
      0.0,
      0.2820211368060094,
      0.054701789913770574,
      0.05739913176710929,
      0.07844460412856022,
      0.05500228638620329,
      0.06486183694800104,
      0.05486183694800104,
      0.05442089103736608,
      0.05355859681212437,
      0.06463156519466945,
      0.057655038759689914,
      0.05397994512673112,
      0.06440129344133785,
      0.1044036912851031,
      0.06234495772819609
    ],
    [
      0.2026884074185776,
      0.2820211368060094,
      0.0,
      0.059989114535496824,
      0.06552435844533086,
      0.06456306855515152,
      0.05692247508249141,
      0.056504065040650406,
      0.05692247508249141,
      0.05755009014525292,
      0.059554054029859825,
      0.06281324803998976,
      0.05859611524985543,
      0.05734088512433242,
      0.05859611524985543,
      0.1146214454003736,
      0.0667106694012007
    ],
    [
      0.05349718985040086,
      0.054701789913770574,
      0.059989114535496824,
      0.0,
      0.7892369637291134,
      0.790984643179765,
      0.7942627206645898,
      0.7927050882658359,
      0.7932242990654205,
      0.7976323987538941,
      0.8005698005698005,
      0.7981516095534787,
      0.8021274329685544,
      0.8042042761668929,
      0.8026741776741777,
      0.06856461116141672,
      0.1625699171103174
    ],
    [
      0.06030594814998484,
      0.05739913176710929,
      0.06552435844533086,
      0.7892369637291134,
      0.0,
      0.8073292530678116,
      0.824012295153501,
      0.8285826491719788,
      0.8193111259931709,
      0.8163214855602683,
      0.8022339625137452,
      0.8070499623814603,
      0.8030814131342444,
      0.8026018801002058,
      0.8059131383783515,
      0.17287748546034887,
      0.17109166138258605
    ],
    [
      0.06720458991101194,
      0.07844460412856022,
      0.06456306855515152,
      0.790984643179765,
      0.8073292530678116,
      0.0,
      0.8710441575003985,
      0.8572549019607844,
      0.8586896221903395,
      0.8644715447154471,
      0.8705499760879961,
      0.8751602104256337,
      0.8593639406982305,
      0.8620213613900845,
      0.8551267336202774,
      0.08361420854734275,
      0.12799807013221645
    ],
    [
      0.10315315315315314,
      0.05500228638620329,
      0.05692247508249141,
      0.7942627206645898,
      0.824012295153501,
      0.8710441575003985,
      0.0,
      0.8831699346405228,
      0.8839869281045752,
      0.8624516253869968,
      0.8600898692810458,
      0.8636141956782712,
      0.862438725490196,
      0.8911356209150326,
      0.8597927807486632,
      0.07249868877970488,
      0.1337603341711323
    ],
    [
      0.05361186874948343,
      0.06486183694800104,
      0.056504065040650406,
      0.7927050882658359,
      0.8285826491719788,
      0.8572549019607844,
      0.8831699346405228,
      0.0,
      0.8951146560319043,
      0.8742163312693498,
      0.8584558823529411,
      0.866015156062425,
      0.8583210784313726,
      0.8637236611062336,
      0.8593471479500892,
      0.07861245805136888,
      0.1371336605491535
    ],
    [
      0.053726547648566006,
      0.05486183694800104,
      0.05692247508249141,
      0.7932242990654205,
      0.8193111259931709,
      0.8586896221903395,
      0.8839869281045752,
      0.8951146560319043,
      0.0,
      0.8612132352941176,
      0.863440927218345,
      0.8648146758703481,
      0.8630269607843137,
      0.8693816456931031,
      0.8753899286987523,
      0.06617226666380907,
      0.1260225494380424
    ],
    [
      0.05406231919993387,
      0.05442089103736608,
      0.05755009014525292,
      0.7976323987538941,
      0.8163214855602683,
      0.8644715447154471,
      0.8624516253869968,
      0.8742163312693498,
      0.8612132352941176,
      0.0,
      0.8688544891640867,
      0.8865546218487395,
      0.8744375644994841,
      0.8694736842105263,
      0.870017825311943,
      0.08272729058725405,
      0.143369967278418
    ],
    [
      0.05349718985040086,
      0.05355859681212437,
      0.059554054029859825,
      0.8005698005698005,
      0.8022339625137452,
      0.8705499760879961,
      0.8600898692810458,
      0.8584558823529411,
      0.863440927218345,
      0.8688544891640867,
      0.0,
      0.8917647058823529,
      0.8847662141779788,
      0.8841088674275681,
      0.8841354723707665,
      0.06401915661596218,
      0.13453444703444706
    ],
    [
      0.05520910819075956,
      0.06463156519466945,
      0.06281324803998976,
      0.7981516095534787,
      0.8070499623814603,
      0.8751602104256337,
      0.8636141956782712,
      0.866015156062425,
      0.8648146758703481,
      0.8865546218487395,
      0.8917647058823529,
      0.0,
      0.8798639455782313,
      0.8706362545018007,
      0.881782531194296,
      0.07411485039586649,
      0.13304132878076538
    ],
    [
      0.057893214315232665,
      0.057655038759689914,
      0.05859611524985543,
      0.8021274329685544,
      0.8030814131342444,
      0.8593639406982305,
      0.862438725490196,
      0.8583210784313726,
      0.8630269607843137,
      0.8744375644994841,
      0.8847662141779788,
      0.8798639455782313,
      0.0,
      0.8880995475113123,
      0.8879747703277115,
      0.06354068771644066,
      0.13688186487482262
    ],
    [
      0.07549005427445794,
      0.05397994512673112,
      0.05734088512433242,
      0.8042042761668929,
      0.8026018801002058,
      0.8620213613900845,
      0.8911356209150326,
      0.8637236611062336,
      0.8693816456931031,
      0.8694736842105263,
      0.8841088674275681,
      0.8706362545018007,
      0.8880995475113123,
      0.0,
      0.8963161021984551,
      0.06641150111356983,
      0.13766433748828116
    ],
    [
      0.05361186874948343,
      0.06440129344133785,
      0.05859611524985543,
      0.8026741776741777,
      0.8059131383783515,
      0.8551267336202774,
      0.8597927807486632,
      0.8593471479500892,
      0.8753899286987523,
      0.870017825311943,
      0.8841354723707665,
      0.881782531194296,
      0.8879747703277115,
      0.8963161021984551,
      0.0,
      0.06665073556333061,
      0.13688186487482262
    ],
    [
      0.11225126702290644,
      0.1044036912851031,
      0.1146214454003736,
      0.06856461116141672,
      0.17287748546034887,
      0.08361420854734275,
      0.07249868877970488,
      0.07861245805136888,
      0.06617226666380907,
      0.08272729058725405,
      0.06401915661596218,
      0.07411485039586649,
      0.06354068771644066,
      0.06641150111356983,
      0.06665073556333061,
      0.0,
      0.2958999486760911
    ],
    [
      0.06369785737202133,
      0.06234495772819609,
      0.0667106694012007,
      0.1625699171103174,
      0.17109166138258605,
      0.12799807013221645,
      0.1337603341711323,
      0.1371336605491535,
      0.1260225494380424,
      0.143369967278418,
      0.13453444703444706,
      0.13304132878076538,
      0.13688186487482262,
      0.13766433748828116,
      0.13688186487482262,
      0.2958999486760911,
      0.0
    ]
  ],
  "text_matrix": [
    [
      0.0,
      0.2316812321816558,
      0.2026884074185776,
      0.05349718985040086,
      0.06030594814998484,
      0.06720458991101194,
      0.10315315315315314,
      0.05361186874948343,
      0.053726547648566006,
      0.05406231919993387,
      0.05349718985040086,
      0.05520910819075956,
      0.057893214315232665,
      0.07549005427445794,
      0.05361186874948343,
      0.11225126702290644,
      0.06369785737202133
    ],
    [
      0.2316812321816558,
      0.0,
      0.2820211368060094,
      0.054701789913770574,
      0.05739913176710929,
      0.07844460412856022,
      0.05500228638620329,
      0.06486183694800104,
      0.05486183694800104,
      0.05442089103736608,
      0.05355859681212437,
      0.06463156519466945,
      0.057655038759689914,
      0.05397994512673112,
      0.06440129344133785,
      0.1044036912851031,
      0.06234495772819609
    ],
    [
      0.2026884074185776,
      0.2820211368060094,
      0.0,
      0.059989114535496824,
      0.06552435844533086,
      0.06456306855515152,
      0.05692247508249141,
      0.056504065040650406,
      0.05692247508249141,
      0.05755009014525292,
      0.059554054029859825,
      0.06281324803998976,
      0.05859611524985543,
      0.05734088512433242,
      0.05859611524985543,
      0.1146214454003736,
      0.0667106694012007
    ],
    [
      0.05349718985040086,
      0.054701789913770574,
      0.059989114535496824,
      0.0,
      0.7892369637291134,
      0.790984643179765,
      0.7942627206645898,
      0.7927050882658359,
      0.7932242990654205,
      0.7976323987538941,
      0.8005698005698005,
      0.7981516095534787,
      0.8021274329685544,
      0.8042042761668929,
      0.8026741776741777,
      0.06856461116141672,
      0.1625699171103174
    ],
    [
      0.06030594814998484,
      0.05739913176710929,
      0.06552435844533086,
      0.7892369637291134,
      0.0,
      0.8073292530678116,
      0.824012295153501,
      0.8285826491719788,
      0.8193111259931709,
      0.8163214855602683,
      0.8022339625137452,
      0.8070499623814603,
      0.8030814131342444,
      0.8026018801002058,
      0.8059131383783515,
      0.17287748546034887,
      0.17109166138258605
    ],
    [
      0.06720458991101194,
      0.07844460412856022,
      0.06456306855515152,
      0.790984643179765,
      0.8073292530678116,
      0.0,
      0.8710441575003985,
      0.8572549019607844,
      0.8586896221903395,
      0.8644715447154471,
      0.8705499760879961,
      0.8751602104256337,
      0.8593639406982305,
      0.8620213613900845,
      0.8551267336202774,
      0.08361420854734275,
      0.12799807013221645
    ],
    [
      0.10315315315315314,
      0.05500228638620329,
      0.05692247508249141,
      0.7942627206645898,
      0.824012295153501,
      0.8710441575003985,
      0.0,
      0.8831699346405228,
      0.8839869281045752,
      0.8624516253869968,
      0.8600898692810458,
      0.8636141956782712,
      0.862438725490196,
      0.8911356209150326,
      0.8597927807486632,
      0.07249868877970488,
      0.1337603341711323
    ],
    [
      0.05361186874948343,
      0.06486183694800104,
      0.056504065040650406,
      0.7927050882658359,
      0.8285826491719788,
      0.8572549019607844,
      0.8831699346405228,
      0.0,
      0.8951146560319043,
      0.8742163312693498,
      0.8584558823529411,
      0.866015156062425,
      0.8583210784313726,
      0.8637236611062336,
      0.8593471479500892,
      0.07861245805136888,
      0.1371336605491535
    ],
    [
      0.053726547648566006,
      0.05486183694800104,
      0.05692247508249141,
      0.7932242990654205,
      0.8193111259931709,
      0.8586896221903395,
      0.8839869281045752,
      0.8951146560319043,
      0.0,
      0.8612132352941176,
      0.863440927218345,
      0.8648146758703481,
      0.8630269607843137,
      0.8693816456931031,
      0.8753899286987523,
      0.06617226666380907,
      0.1260225494380424
    ],
    [
      0.05406231919993387,
      0.05442089103736608,
      0.05755009014525292,
      0.7976323987538941,
      0.8163214855602683,
      0.8644715447154471,
      0.8624516253869968,
      0.8742163312693498,
      0.8612132352941176,
      0.0,
      0.8688544891640867,
      0.8865546218487395,
      0.8744375644994841,
      0.8694736842105263,
      0.870017825311943,
      0.08272729058725405,
      0.143369967278418
    ],
    [
      0.05349718985040086,
      0.05355859681212437,
      0.059554054029859825,
      0.8005698005698005,
      0.8022339625137452,
      0.8705499760879961,
      0.8600898692810458,
      0.8584558823529411,
      0.863440927218345,
      0.8688544891640867,
      0.0,
      0.8917647058823529,
      0.8847662141779788,
      0.8841088674275681,
      0.8841354723707665,
      0.06401915661596218,
      0.13453444703444706
    ],
    [
      0.05520910819075956,
      0.06463156519466945,
      0.06281324803998976,
      0.7981516095534787,
      0.8070499623814603,
      0.8751602104256337,
      0.8636141956782712,
      0.866015156062425,
      0.8648146758703481,
      0.8865546218487395,
      0.8917647058823529,
      0.0,
      0.8798639455782313,
      0.8706362545018007,
      0.881782531194296,
      0.07411485039586649,
      0.13304132878076538
    ],
    [
      0.057893214315232665,
      0.057655038759689914,
      0.05859611524985543,
      0.8021274329685544,
      0.8030814131342444,
      0.8593639406982305,
      0.862438725490196,
      0.8583210784313726,
      0.8630269607843137,
      0.8744375644994841,
      0.8847662141779788,
      0.8798639455782313,
      0.0,
      0.8880995475113123,
      0.8879747703277115,
      0.06354068771644066,
      0.13688186487482262
    ],
    [
      0.07549005427445794,
      0.05397994512673112,
      0.05734088512433242,
      0.8042042761668929,
      0.8026018801002058,
      0.8620213613900845,
      0.8911356209150326,
      0.8637236611062336,
      0.8693816456931031,
      0.8694736842105263,
      0.8841088674275681,
      0.8706362545018007,
      0.8880995475113123,
      0.0,
      0.8963161021984551,
      0.06641150111356983,
      0.13766433748828116
    ],
    [
      0.05361186874948343,
      0.06440129344133785,
      0.05859611524985543,
      0.8026741776741777,
      0.8059131383783515,
      0.8551267336202774,
      0.8597927807486632,
      0.8593471479500892,
      0.8753899286987523,
      0.870017825311943,
      0.8841354723707665,
      0.881782531194296,
      0.8879747703277115,
      0.8963161021984551,
      0.0,
      0.06665073556333061,
      0.13688186487482262
    ],
    [
      0.11225126702290644,
      0.1044036912851031,
      0.1146214454003736,
      0.06856461116141672,
      0.17287748546034887,
      0.08361420854734275,
      0.07249868877970488,
      0.07861245805136888,
      0.06617226666380907,
      0.08272729058725405,
      0.06401915661596218,
      0.07411485039586649,
      0.06354068771644066,
      0.06641150111356983,
      0.06665073556333061,
      0.0,
      0.2958999486760911
    ],
    [
      0.06369785737202133,
      0.06234495772819609,
      0.0667106694012007,
      0.1625699171103174,
      0.17109166138258605,
      0.12799807013221645,
      0.1337603341711323,
      0.1371336605491535,
      0.1260225494380424,
      0.143369967278418,
      0.13453444703444706,
      0.13304132878076538,
      0.13688186487482262,
      0.13766433748828116,
      0.13688186487482262,
      0.2958999486760911,
      0.0
    ]
  ],
  "dendrogram": {
    "name": "",
    "leaf": false,
    "children": [
      {
        "name": "",
        "leaf": false,
        "children": [
          {
            "name": "gfdl",
            "leaf": true,
            "spectral_index": 0,
            "value": 0.0
          },
          {
            "name": "",
            "leaf": false,
            "children": [
              {
                "name": "access-esm",
                "leaf": true,
                "spectral_index": 1,
                "value": 0.0
              },
              {
                "name": "ec-earth",
                "leaf": true,
                "spectral_index": 2,
                "value": 0.0
              }
            ],
            "value": 0.7179788631939906
          }
        ],
        "value": 0.7828151801998833
      },
      {
        "name": "",
        "leaf": false,
        "children": [
          {
            "name": "",
            "leaf": false,
            "children": [
              {
                "name": "ICON",
                "leaf": true,
                "spectral_index": 3,
                "value": 0.0
              },
              {
                "name": "",
                "leaf": false,
                "children": [
                  {
                    "name": "UKESM1",
                    "leaf": true,
                    "spectral_index": 4,
                    "value": 0.0
                  },
                  {
                    "name": "",
                    "leaf": false,
                    "children": [
                      {
                        "name": "CESM",
                        "leaf": true,
                        "spectral_index": 5,
                        "value": 0.0
                      },
                      {
                        "name": "",
                        "leaf": false,
                        "children": [
                          {
                            "name": "",
                            "leaf": false,
                            "children": [
                              {
                                "name": "GFDL-CM4",
                                "leaf": true,
                                "spectral_index": 6,
                                "value": 0.0
                              },
                              {
                                "name": "",
                                "leaf": false,
                                "children": [
                                  {
                                    "name": "MPI-ESM",
                                    "leaf": true,
                                    "spectral_index": 7,
                                    "value": 0.0
                                  },
                                  {
                                    "name": "IPSL-CM",
                                    "leaf": true,
                                    "spectral_index": 8,
                                    "value": 0.0
                                  }
                                ],
                                "value": 0.10488534396809568
                              }
                            ],
                            "value": 0.11642156862745096
                          },
                          {
                            "name": "",
                            "leaf": false,
                            "children": [
                              {
                                "name": "MIROC",
                                "leaf": true,
                                "spectral_index": 9,
                                "value": 0.0
                              },
                              {
                                "name": "",
                                "leaf": false,
                                "children": [
                                  {
                                    "name": "",
                                    "leaf": false,
                                    "children": [
                                      {
                                        "name": "BCC-CSM",
                                        "leaf": true,
                                        "spectral_index": 10,
                                        "value": 0.0
                                      },
                                      {
                                        "name": "CanESM",
                                        "leaf": true,
                                        "spectral_index": 11,
                                        "value": 0.0
                                      }
                                    ],
                                    "value": 0.1082352941176471
                                  },
                                  {
                                    "name": "",
                                    "leaf": false,
                                    "children": [
                                      {
                                        "name": "CNRM-CM",
                                        "leaf": true,
                                        "spectral_index": 12,
                                        "value": 0.0
                                      },
                                      {
                                        "name": "",
                                        "leaf": false,
                                        "children": [
                                          {
                                            "name": "GISS-E2",
                                            "leaf": true,
                                            "spectral_index": 13,
                                            "value": 0.0
                                          },
                                          {
                                            "name": "FGOALS",
                                            "leaf": true,
                                            "spectral_index": 14,
                                            "value": 0.0
                                          }
                                        ],
                                        "value": 0.10368389780154486
                                      }
                                    ],
                                    "value": 0.1119628410804881
                                  }
                                ],
                                "value": 0.11911778579155975
                              }
                            ],
                            "value": 0.1261323629930441
                          }
                        ],
                        "value": 0.1346183639871335
                      }
                    ],
                    "value": 0.13625750571231204
                  }
                ],
                "value": 0.1883562834545262
              }
            ],
            "value": 0.20311150812804338
          },
          {
            "name": "",
            "leaf": false,
            "children": [
              {
                "name": "HadGEM3",
                "leaf": true,
                "spectral_index": 15,
                "value": 0.0
              },
              {
                "name": "HadCM2",
                "leaf": true,
                "spectral_index": 16,
                "value": 0.0
              }
            ],
            "value": 0.7041000513239088
          }
        ],
        "value": 0.8899685856761907
      }
    ],
    "value": 0.9358550518738812
  },
  "schema": {
    "name": "record",
    "children": [
      {
        "name": "collaborative_institutions",
        "type": "scalar"
      },
      {
        "name": "common_scientific_basis",
        "type": "scalar"
      },
      {
        "name": "computational_requirements",
        "type": "scalar"
      },
      {
        "name": "description",
        "type": "scalar"
      },
      {
        "name": "documentation",
        "type": "scalar"
      },
      {
        "name": "established",
        "type": "scalar"
      },
      {
        "name": "evolution",
        "type": "scalar"
      },
      {
        "name": "family_type",
        "type": "scalar"
      },
      {
        "name": "license",
        "type": "scalar"
      },
      {
        "name": "primary_institution",
        "type": "scalar"
      },
      {
        "name": "programming_languages",
        "type": "scalar"
      },
      {
        "name": "references",
        "type": "scalar"
      },
      {
        "name": "representative_member",
        "type": "scalar"
      },
      {
        "name": "scientific_domains",
        "type": "list"
      },
      {
        "name": "shared_code_base",
        "type": "scalar"
      },
      {
        "name": "software_dependencies",
        "type": "scalar"
      },
      {
        "name": "source_code_repository",
        "type": "scalar"
      },
      {
        "name": "ui_label",
        "type": "scalar"
      },
      {
        "name": "validation_key",
        "type": "scalar"
      },
      {
        "name": "variation_dimensions",
        "type": "scalar"
      },
      {
        "name": "website",
        "type": "scalar"
      }
    ]
  }
}