# Earth System Model Families

**Optional.** ESM families group coupled model configurations across generations (e.g. HadGEM3, CNRM-CM, CESM). A family ID is referenced by the final model record at Stage 4.

---

<link href="https://fonts.googleapis.com/css2?family=Source+Code+Pro:wght@400;600;700&display=swap" rel="stylesheet">

<style>
.emd-viz { font-family: 'Source Code Pro', monospace; width: 100%; }
.emd-section { margin-bottom: 2.5rem; }
.emd-section-label {
  font-size: 11px; font-weight: 700; color: #0d1035;
  text-transform: uppercase; letter-spacing: 0.09em;
  margin-bottom: 12px; display: block;
}
.emd-selector-row { display: flex; gap: 10px; align-items: center; flex-wrap: wrap; }
#emd-entry-select {
  flex: 1; min-width: 240px; padding: 8px 12px;
  border: 1.5px solid #ccc; border-radius: 6px;
  font-family: 'Source Code Pro', monospace; font-size: 12px;
  color: #0d1035; background: #fff; cursor: pointer;
}
#emd-entry-select:focus { outline: none; border-color: #0d1035; }
#emd-go-btn {
  padding: 8px 18px; border: 1.5px solid #0d1035; border-radius: 6px;
  background: #0d1035; color: #fff;
  font-family: 'Source Code Pro', monospace; font-size: 12px;
  font-weight: 600; cursor: pointer; transition: background .15s;
}
#emd-go-btn:hover { background: #1a2080; }
.emd-stats {
  margin-top: 10px; font-size: 11px; color: #888;
  display: flex; gap: 20px; flex-wrap: wrap;
}
.emd-stats b { color: #0d1035; }
.emd-filter-bar { display: flex; flex-wrap: wrap; gap: 6px; margin-bottom: 10px; }
.emd-fbtn {
  padding: 4px 11px; border-radius: 20px; border: 1.5px solid #ccc;
  background: #fff; cursor: pointer; font-family: 'Source Code Pro', monospace;
  font-size: 11px; color: #555; transition: all .15s;
}
.emd-fbtn:hover  { border-color: #0d1035; color: #0d1035; }
.emd-fbtn.active { background: #0d1035; border-color: #0d1035; color: #fff; font-weight: 600; }
.emd-tip {
  position: fixed; background: #0d1035; color: #fff;
  padding: 10px 14px; border-radius: 8px; font-size: 12px;
  font-family: 'Source Code Pro', monospace; pointer-events: none;
  opacity: 0; transition: opacity .12s; line-height: 1.9;
  box-shadow: 0 6px 24px rgba(0,0,0,.25); max-width: 280px; z-index: 999;
}
.emd-tip-link { color: #e8607e; font-weight: 600; }
.emd-tip-text { color: #f5c842; font-weight: 600; }
.emd-tip-head { font-weight: 700; font-size: 13px;
  border-bottom: 1px solid rgba(255,255,255,.2); padding-bottom: 5px; margin-bottom: 5px; }
/* ── accessible font toggle ── */
.emd-font-btn {
  padding: 5px 12px; border-radius: 20px; border: 1.5px solid #ccc;
  background: #fff; font-size: 11px; cursor: pointer;
  font-family: 'Source Code Pro', monospace; color: #888;
  transition: all .2s; white-space: nowrap;
}
.emd-font-btn:hover { border-color: #2065a0; color: #1a4a80; }
.emd-font-btn.active { background: #e8f0ff; border-color: #2065a0;
  color: #1a4a80; font-family: inherit; font-weight: 600; }
/* Accessible mode: also switch the UI controls (the SVGs are already on the
   accessible/sans-serif font by default via the JS `FONT` constant). */
.emd-viz.accessible { font-family: inherit; }
.emd-viz.accessible #emd-entry-select,
.emd-viz.accessible .emd-stats,
.emd-viz.accessible .emd-stats-grid,
.emd-viz.accessible .emd-stat-label,
.emd-viz.accessible .emd-stat-value,
.emd-viz.accessible .emd-section-label,
.emd-viz.accessible .emd-fbtn,
.emd-viz.accessible #emd-go-btn { font-family: inherit !important; }
/* ── stats grid ── */
.emd-stats-grid {
  display: grid;
  grid-template-columns: repeat(auto-fit, minmax(150px, 1fr));
  gap: 12px;
  margin: 10px 0 18px;
  padding: 14px 16px;
  background: #f7f8fa;
  border-left: 3px solid #0d1035;
  border-radius: 4px;
}
.emd-stat-item { display: flex; flex-direction: column; gap: 3px; }
.emd-stat-label {
  font-family: 'Source Code Pro', monospace;
  color: #888; font-size: 10px;
  text-transform: uppercase; letter-spacing: 0.06em;
}
.emd-stat-value {
  font-family: 'Source Code Pro', monospace;
  color: #0d1035; font-weight: 600; font-size: 13px;
}
</style>

<div class="emd-viz">

<!-- Status / stats box pinned to the top of the page -->
<div class="emd-stats-grid">
  <div class="emd-stat-item">
    <span class="emd-stat-label">Total Records</span>
    <span class="emd-stat-value">24</span>
  </div>
  <div class="emd-stat-item">
    <span class="emd-stat-label">Endpoint</span>
    <span class="emd-stat-value">model_family</span>
  </div>
  <div class="emd-stat-item">
    <span class="emd-stat-label">Raw Data</span>
    <span class="emd-stat-value">30.6 KB</span>
  </div>
  <div class="emd-stat-item">
    <span class="emd-stat-label">Processed Data</span>
    <span class="emd-stat-value">37.6 KB</span>
  </div>
  <div class="emd-stat-item">
    <span class="emd-stat-label">Last Updated</span>
    <span class="emd-stat-value">2026-06-30 13:19 UTC</span>
  </div>
</div>

<div class="emd-section">
<span class="emd-section-label">View a specific ESM Family</span>
<div class="emd-selector-row">
  <select id="emd-entry-select">
    <option value="">Select an entry…</option>
    <option value="../view_earth_system_model_families/?id=CNRM-CM">CNRM-CM</option>
    <option value="../view_earth_system_model_families/?id=FGOALS">FGOALS</option>
    <option value="../view_earth_system_model_families/?id=BCC-CSM">BCC-CSM</option>
    <option value="../view_earth_system_model_families/?id=GISS-E2">GISS-E2</option>
    <option value="../view_earth_system_model_families/?id=MIROC">MIROC</option>
    <option value="../view_earth_system_model_families/?id=CESM">CESM</option>
    <option value="../view_earth_system_model_families/?id=GFDL-CM4">GFDL-CM4</option>
    <option value="../view_earth_system_model_families/?id=IPSL-CM">IPSL-CM</option>
    <option value="../view_earth_system_model_families/?id=MPI-ESM">MPI-ESM</option>
    <option value="../view_earth_system_model_families/?id=UKESM1">UKESM1</option>
    <option value="../view_earth_system_model_families/?id=CanESM">CanESM</option>
    <option value="../view_earth_system_model_families/?id=CanESM">CanESM</option>
    <option value="../view_earth_system_model_families/?id=gfdl">gfdl</option>
    <option value="../view_earth_system_model_families/?id=cas-fgoals-g3.5">cas-fgoals-g3.5</option>
    <option value="../view_earth_system_model_families/?id=GISS-E">GISS-E</option>
    <option value="../view_earth_system_model_families/?id=ICON">ICON</option>
    <option value="../view_earth_system_model_families/?id=ARTS-ESM">ARTS-ESM</option>
    <option value="../view_earth_system_model_families/?id=UKCM">UKCM</option>
    <option value="../view_earth_system_model_families/?id=awi-esm3">awi-esm3</option>
    <option value="../view_earth_system_model_families/?id=ec-earth">ec-earth</option>
    <option value="../view_earth_system_model_families/?id=HadGEM3">HadGEM3</option>
    <option value="../view_earth_system_model_families/?id=access-esm">access-esm</option>
    <option value="../view_earth_system_model_families/?id=CAS-ESM">CAS-ESM</option>
    <option value="../view_earth_system_model_families/?id=HadCM2">HadCM2</option>
  </select>
  <button id="emd-go-btn" onclick="emdGotoEntry()">Open →</button>
  <button class="emd-font-btn" id="emd-font-toggle" onclick="emdToggleFont()" title="Switch to the page's default font for improved readability">Accessible font</button>
</div>
</div>

<div class="emd-section">
<span class="emd-section-label">Similarity &amp; Hierarchical Clustering</span>
<div class="emd-filter-bar" id="emd-filter-bar"></div>
<div id="emd-combined-chart" style="overflow-x:auto; display:flex; justify-content:center;"></div>
<div class="emd-tip" id="emd-tip"></div>
</div>

<div class="emd-section">
<span class="emd-section-label">Record Key Schema</span>
<div id="emd-key-graph"></div>
</div>

</div>

<script src="https://d3js.org/d3.v7.min.js"></script>
<script>
(function () {
'use strict';

/* ── injected data ─────────────────────────────────────────────────────── */
var EMD_DATA    = {"ids":["CNRM-CM","FGOALS","BCC-CSM","GISS-E2","MIROC","CESM","GFDL-CM4","IPSL-CM","MPI-ESM","UKESM1","CanESM","CanESM","gfdl","cas-fgoals-g3.5","GISS-E","ICON","ARTS-ESM","UKCM","awi-esm3","ec-earth","HadGEM3","access-esm","CAS-ESM","HadCM2"],"link":[[0.0,0.8879747703277115,0.8847662141779788,0.8880995475113123,0.8744375644994841,0.8593639406982305,0.862438725490196,0.8630269607843137,0.8583210784313726,0.8030814131342444,0.06859745422559269,0.06859745422559269,0.057893214315232665,0.0913390804597701,0.06166945235442202,0.8021274329685544,0.06801671488267438,0.0554735883424408,0.06075805896882719,0.05859611524985543,0.06354068771644066,0.057655038759689914,0.06925098519544147,0.13688186487482262],[0.8879747703277115,0.0,0.8841354723707665,0.8963161021984551,0.870017825311943,0.8551267336202774,0.8597927807486632,0.8753899286987523,0.8593471479500892,0.8059131383783515,0.07072367971578875,0.07072367971578875,0.05361186874948343,0.1386896551724138,0.06895230627433177,0.8026741776741777,0.06630102860816459,0.057140255009107466,0.06030257145537138,0.05859611524985543,0.06665073556333061,0.06440129344133785,0.11636418503923032,0.13688186487482262],[0.8847662141779788,0.8841354723707665,0.0,0.8841088674275681,0.8688544891640867,0.8705499760879961,0.8600898692810458,0.863440927218345,0.8584558823529411,0.8022339625137452,0.08017220912755346,0.08017220912755346,0.05349718985040086,0.08808620689655172,0.057079773843423706,0.8005698005698005,0.06360495017679203,0.05575136612021858,0.06023691157355917,0.059554054029859825,0.06401915661596218,0.05355859681212437,0.06562182696062768,0.13453444703444706],[0.8880995475113123,0.8963161021984551,0.8841088674275681,0.0,0.8694736842105263,0.8620213613900845,0.8911356209150326,0.8693816456931031,0.8637236611062336,0.8026018801002058,0.060447944421671104,0.060447944421671104,0.07549005427445794,0.09936973180076628,0.10707977384342371,0.8042042761668929,0.0640951462552234,0.056306921675774134,0.06026974151446527,0.05734088512433242,0.06641150111356983,0.05397994512673112,0.07660193370492659,0.13766433748828116],[0.8744375644994841,0.870017825311943,0.8688544891640867,0.8694736842105263,0.0,0.8644715447154471,0.8624516253869968,0.8612132352941176,0.8742163312693498,0.8163214855602683,0.060762536722005864,0.060762536722005864,0.05406231919993387,0.1,0.05765548264619702,0.7976323987538941,0.06540501446480232,0.06740437158469945,0.06074711565519182,0.05755009014525292,0.08272729058725405,0.05442089103736608,0.07022437604288707,0.143369967278418],[0.8593639406982305,0.8551267336202774,0.8705499760879961,0.8620213613900845,0.8644715447154471,0.0,0.8710441575003985,0.8586896221903395,0.8572549019607844,0.8073292530678116,0.07316270410603265,0.07316270410603265,0.06720458991101194,0.08335632183908046,0.06558196800242114,0.790984643179765,0.06774509803921568,0.06194444444444445,0.060779945596097916,0.06456306855515152,0.08361420854734275,0.07844460412856022,0.08015514609294565,0.12799807013221645],[0.862438725490196,0.8597927807486632,0.8600898692810458,0.8911356209150326,0.8624516253869968,0.8710441575003985,0.0,0.8839869281045752,0.8831699346405228,0.824012295153501,0.0605787131925941,0.0605787131925941,0.10315315315315314,0.08254849137931033,0.07962389776182024,0.7942627206645898,0.06323529411764706,0.06190972222222223,0.061290149677730575,0.05692247508249141,0.07249868877970488,0.05500228638620329,0.06787268789718465,0.1337603341711323],[0.8630269607843137,0.8753899286987523,0.863440927218345,0.8693816456931031,0.8612132352941176,0.8586896221903395,0.8839869281045752,0.0,0.8951146560319043,0.8193111259931709,0.060486801427888225,0.060486801427888225,0.053726547648566006,0.09470366379310344,0.06312643583288624,0.7932242990654205,0.07524509803921568,0.05524305555555555,0.061290149677730575,0.05692247508249141,0.06617226666380907,0.05486183694800104,0.08002334291901872,0.1260225494380424],[0.8583210784313726,0.8593471479500892,0.8584558823529411,0.8637236611062336,0.8742163312693498,0.8572549019607844,0.8831699346405228,0.8951146560319043,0.0,0.8285826491719788,0.0605787131925941,0.0605787131925941,0.05361186874948343,0.08211745689655173,0.05740167553959803,0.7927050882658359,0.06274509803921569,0.06496527777777777,0.07124637642318911,0.056504065040650406,0.07861245805136888,0.06486183694800104,0.06756701104128945,0.1371336605491535],[0.8030814131342444,0.8059131383783515,0.8022339625137452,0.8026018801002058,0.8163214855602683,0.8073292530678116,0.824012295153501,0.8193111259931709,0.8285826491719788,0.0,0.06177356613377057,0.06177356613377057,0.06030594814998484,0.07346474234792716,0.05782468738392967,0.7892369637291134,0.06192994051553206,0.10897684712291456,0.06510443250899119,0.06552435844533086,0.17287748546034887,0.05739913176710929,0.07492270129132414,0.17109166138258605],[0.06859745422559269,0.07072367971578875,0.08017220912755346,0.060447944421671104,0.060762536722005864,0.07316270410603265,0.0605787131925941,0.060486801427888225,0.0605787131925941,0.06177356613377057,0.0,1.0,0.3023792443806791,0.19758717733065922,0.2930454261454431,0.060447944421671104,0.23720209628566874,0.159128781085605,0.19201214173993347,0.1638508119805691,0.0635383787661406,0.18960010474474298,0.1791964217271161,0.060907503245200514],[0.06859745422559269,0.07072367971578875,0.08017220912755346,0.060447944421671104,0.060762536722005864,0.07316270410603265,0.0605787131925941,0.060486801427888225,0.0605787131925941,0.06177356613377057,1.0,0.0,0.3023792443806791,0.19758717733065922,0.2930454261454431,0.060447944421671104,0.23720209628566874,0.159128781085605,0.19201214173993347,0.1638508119805691,0.0635383787661406,0.18960010474474298,0.1791964217271161,0.060907503245200514],[0.057893214315232665,0.05361186874948343,0.05349718985040086,0.07549005427445794,0.05406231919993387,0.06720458991101194,0.10315315315315314,0.053726547648566006,0.05361186874948343,0.06030594814998484,0.3023792443806791,0.3023792443806791,0.0,0.2723704589146868,0.44324022383364137,0.05349718985040086,0.28330083628248764,0.1422335179215913,0.22688181915679131,0.2026884074185776,0.11225126702290644,0.2316812321816558,0.126913960210224,0.06369785737202133],[0.0913390804597701,0.1386896551724138,0.08808620689655172,0.09936973180076628,0.1,0.08335632183908046,0.08254849137931033,0.09470366379310344,0.08211745689655173,0.07346474234792716,0.19758717733065922,0.19758717733065922,0.2723704589146868,0.0,0.2325400132155749,0.0663448275862069,0.1795929903900509,0.12071944166630429,0.25894454637067904,0.20265509231446996,0.10746951524237883,0.22237352246253855,0.28955864334895554,0.07133555802743789],[0.06166945235442202,0.06895230627433177,0.057079773843423706,0.10707977384342371,0.05765548264619702,0.06558196800242114,0.07962389776182024,0.06312643583288624,0.05740167553959803,0.05782468738392967,0.2930454261454431,0.2930454261454431,0.44324022383364137,0.2325400132155749,0.0,0.057180883991581034,0.3290138759140245,0.11422557880401141,0.18586781447710615,0.24601301877597476,0.11001822584436394,0.2276310542763123,0.18291653978576677,0.0656138297914828],[0.8021274329685544,0.8026741776741777,0.8005698005698005,0.8042042761668929,0.7976323987538941,0.790984643179765,0.7942627206645898,0.7932242990654205,0.7927050882658359,0.7892369637291134,0.060447944421671104,0.060447944421671104,0.05349718985040086,0.0663448275862069,0.057180883991581034,0.0,0.06458534233365477,0.05795992714025501,0.07491747848187205,0.059989114535496824,0.06856461116141672,0.054701789913770574,0.05676607377427486,0.1625699171103174],[0.06801671488267438,0.06630102860816459,0.06360495017679203,0.0640951462552234,0.06540501446480232,0.06774509803921568,0.06323529411764706,0.07524509803921568,0.06274509803921569,0.06192994051553206,0.23720209628566874,0.23720209628566874,0.28330083628248764,0.1795929903900509,0.3290138759140245,0.06458534233365477,0.0,0.31667770602196826,0.20070196585767358,0.1971655270946015,0.08794117647058823,0.20608582559327265,0.16870643094415594,0.06507553841208616],[0.0554735883424408,0.057140255009107466,0.05575136612021858,0.056306921675774134,0.06740437158469945,0.06194444444444445,0.06190972222222223,0.05524305555555555,0.06496527777777777,0.10897684712291456,0.159128781085605,0.159128781085605,0.1422335179215913,0.12071944166630429,0.11422557880401141,0.05795992714025501,0.31667770602196826,0.0,0.10651640827046512,0.10940912337993673,0.11416161616161617,0.17998326666800668,0.12150309858265979,0.10768214936247722],[0.06075805896882719,0.06030257145537138,0.06023691157355917,0.06026974151446527,0.06074711565519182,0.060779945596097916,0.061290149677730575,0.061290149677730575,0.07124637642318911,0.06510443250899119,0.19201214173993347,0.19201214173993347,0.22688181915679131,0.25894454637067904,0.18586781447710615,0.07491747848187205,0.20070196585767358,0.10651640827046512,0.0,0.19251636255629112,0.09671534624557834,0.21899957501115463,0.15072405624316004,0.07555669155171864],[0.05859611524985543,0.05859611524985543,0.059554054029859825,0.05734088512433242,0.05755009014525292,0.06456306855515152,0.05692247508249141,0.05692247508249141,0.056504065040650406,0.06552435844533086,0.1638508119805691,0.1638508119805691,0.2026884074185776,0.20265509231446996,0.24601301877597476,0.059989114535496824,0.1971655270946015,0.10940912337993673,0.19251636255629112,0.0,0.1146214454003736,0.2820211368060094,0.1811292748023688,0.0667106694012007],[0.06354068771644066,0.06665073556333061,0.06401915661596218,0.06641150111356983,0.08272729058725405,0.08361420854734275,0.07249868877970488,0.06617226666380907,0.07861245805136888,0.17287748546034887,0.0635383787661406,0.0635383787661406,0.11225126702290644,0.10746951524237883,0.11001822584436394,0.06856461116141672,0.08794117647058823,0.11416161616161617,0.09671534624557834,0.1146214454003736,0.0,0.1044036912851031,0.09050923550124743,0.2958999486760911],[0.057655038759689914,0.06440129344133785,0.05355859681212437,0.05397994512673112,0.05442089103736608,0.07844460412856022,0.05500228638620329,0.05486183694800104,0.06486183694800104,0.05739913176710929,0.18960010474474298,0.18960010474474298,0.2316812321816558,0.22237352246253855,0.2276310542763123,0.054701789913770574,0.20608582559327265,0.17998326666800668,0.21899957501115463,0.2820211368060094,0.1044036912851031,0.0,0.18348259424059793,0.06234495772819609],[0.06925098519544147,0.11636418503923032,0.06562182696062768,0.07660193370492659,0.07022437604288707,0.08015514609294565,0.06787268789718465,0.08002334291901872,0.06756701104128945,0.07492270129132414,0.1791964217271161,0.1791964217271161,0.126913960210224,0.28955864334895554,0.18291653978576677,0.05676607377427486,0.16870643094415594,0.12150309858265979,0.15072405624316004,0.1811292748023688,0.09050923550124743,0.18348259424059793,0.0,0.08189707814108708],[0.13688186487482262,0.13688186487482262,0.13453444703444706,0.13766433748828116,0.143369967278418,0.12799807013221645,0.1337603341711323,0.1260225494380424,0.1371336605491535,0.17109166138258605,0.060907503245200514,0.060907503245200514,0.06369785737202133,0.07133555802743789,0.0656138297914828,0.1625699171103174,0.06507553841208616,0.10768214936247722,0.07555669155171864,0.0667106694012007,0.2958999486760911,0.06234495772819609,0.08189707814108708,0.0]],"text":[[0.0,0.8879747703277115,0.8847662141779788,0.8880995475113123,0.8744375644994841,0.8593639406982305,0.862438725490196,0.8630269607843137,0.8583210784313726,0.8030814131342444,0.06859745422559269,0.06859745422559269,0.057893214315232665,0.0913390804597701,0.06166945235442202,0.8021274329685544,0.06801671488267438,0.0554735883424408,0.06075805896882719,0.05859611524985543,0.06354068771644066,0.057655038759689914,0.06925098519544147,0.13688186487482262],[0.8879747703277115,0.0,0.8841354723707665,0.8963161021984551,0.870017825311943,0.8551267336202774,0.8597927807486632,0.8753899286987523,0.8593471479500892,0.8059131383783515,0.07072367971578875,0.07072367971578875,0.05361186874948343,0.1386896551724138,0.06895230627433177,0.8026741776741777,0.06630102860816459,0.057140255009107466,0.06030257145537138,0.05859611524985543,0.06665073556333061,0.06440129344133785,0.11636418503923032,0.13688186487482262],[0.8847662141779788,0.8841354723707665,0.0,0.8841088674275681,0.8688544891640867,0.8705499760879961,0.8600898692810458,0.863440927218345,0.8584558823529411,0.8022339625137452,0.08017220912755346,0.08017220912755346,0.05349718985040086,0.08808620689655172,0.057079773843423706,0.8005698005698005,0.06360495017679203,0.05575136612021858,0.06023691157355917,0.059554054029859825,0.06401915661596218,0.05355859681212437,0.06562182696062768,0.13453444703444706],[0.8880995475113123,0.8963161021984551,0.8841088674275681,0.0,0.8694736842105263,0.8620213613900845,0.8911356209150326,0.8693816456931031,0.8637236611062336,0.8026018801002058,0.060447944421671104,0.060447944421671104,0.07549005427445794,0.09936973180076628,0.10707977384342371,0.8042042761668929,0.0640951462552234,0.056306921675774134,0.06026974151446527,0.05734088512433242,0.06641150111356983,0.05397994512673112,0.07660193370492659,0.13766433748828116],[0.8744375644994841,0.870017825311943,0.8688544891640867,0.8694736842105263,0.0,0.8644715447154471,0.8624516253869968,0.8612132352941176,0.8742163312693498,0.8163214855602683,0.060762536722005864,0.060762536722005864,0.05406231919993387,0.1,0.05765548264619702,0.7976323987538941,0.06540501446480232,0.06740437158469945,0.06074711565519182,0.05755009014525292,0.08272729058725405,0.05442089103736608,0.07022437604288707,0.143369967278418],[0.8593639406982305,0.8551267336202774,0.8705499760879961,0.8620213613900845,0.8644715447154471,0.0,0.8710441575003985,0.8586896221903395,0.8572549019607844,0.8073292530678116,0.07316270410603265,0.07316270410603265,0.06720458991101194,0.08335632183908046,0.06558196800242114,0.790984643179765,0.06774509803921568,0.06194444444444445,0.060779945596097916,0.06456306855515152,0.08361420854734275,0.07844460412856022,0.08015514609294565,0.12799807013221645],[0.862438725490196,0.8597927807486632,0.8600898692810458,0.8911356209150326,0.8624516253869968,0.8710441575003985,0.0,0.8839869281045752,0.8831699346405228,0.824012295153501,0.0605787131925941,0.0605787131925941,0.10315315315315314,0.08254849137931033,0.07962389776182024,0.7942627206645898,0.06323529411764706,0.06190972222222223,0.061290149677730575,0.05692247508249141,0.07249868877970488,0.05500228638620329,0.06787268789718465,0.1337603341711323],[0.8630269607843137,0.8753899286987523,0.863440927218345,0.8693816456931031,0.8612132352941176,0.8586896221903395,0.8839869281045752,0.0,0.8951146560319043,0.8193111259931709,0.060486801427888225,0.060486801427888225,0.053726547648566006,0.09470366379310344,0.06312643583288624,0.7932242990654205,0.07524509803921568,0.05524305555555555,0.061290149677730575,0.05692247508249141,0.06617226666380907,0.05486183694800104,0.08002334291901872,0.1260225494380424],[0.8583210784313726,0.8593471479500892,0.8584558823529411,0.8637236611062336,0.8742163312693498,0.8572549019607844,0.8831699346405228,0.8951146560319043,0.0,0.8285826491719788,0.0605787131925941,0.0605787131925941,0.05361186874948343,0.08211745689655173,0.05740167553959803,0.7927050882658359,0.06274509803921569,0.06496527777777777,0.07124637642318911,0.056504065040650406,0.07861245805136888,0.06486183694800104,0.06756701104128945,0.1371336605491535],[0.8030814131342444,0.8059131383783515,0.8022339625137452,0.8026018801002058,0.8163214855602683,0.8073292530678116,0.824012295153501,0.8193111259931709,0.8285826491719788,0.0,0.06177356613377057,0.06177356613377057,0.06030594814998484,0.07346474234792716,0.05782468738392967,0.7892369637291134,0.06192994051553206,0.10897684712291456,0.06510443250899119,0.06552435844533086,0.17287748546034887,0.05739913176710929,0.07492270129132414,0.17109166138258605],[0.06859745422559269,0.07072367971578875,0.08017220912755346,0.060447944421671104,0.060762536722005864,0.07316270410603265,0.0605787131925941,0.060486801427888225,0.0605787131925941,0.06177356613377057,0.0,1.0,0.3023792443806791,0.19758717733065922,0.2930454261454431,0.060447944421671104,0.23720209628566874,0.159128781085605,0.19201214173993347,0.1638508119805691,0.0635383787661406,0.18960010474474298,0.1791964217271161,0.060907503245200514],[0.06859745422559269,0.07072367971578875,0.08017220912755346,0.060447944421671104,0.060762536722005864,0.07316270410603265,0.0605787131925941,0.060486801427888225,0.0605787131925941,0.06177356613377057,1.0,0.0,0.3023792443806791,0.19758717733065922,0.2930454261454431,0.060447944421671104,0.23720209628566874,0.159128781085605,0.19201214173993347,0.1638508119805691,0.0635383787661406,0.18960010474474298,0.1791964217271161,0.060907503245200514],[0.057893214315232665,0.05361186874948343,0.05349718985040086,0.07549005427445794,0.05406231919993387,0.06720458991101194,0.10315315315315314,0.053726547648566006,0.05361186874948343,0.06030594814998484,0.3023792443806791,0.3023792443806791,0.0,0.2723704589146868,0.44324022383364137,0.05349718985040086,0.28330083628248764,0.1422335179215913,0.22688181915679131,0.2026884074185776,0.11225126702290644,0.2316812321816558,0.126913960210224,0.06369785737202133],[0.0913390804597701,0.1386896551724138,0.08808620689655172,0.09936973180076628,0.1,0.08335632183908046,0.08254849137931033,0.09470366379310344,0.08211745689655173,0.07346474234792716,0.19758717733065922,0.19758717733065922,0.2723704589146868,0.0,0.2325400132155749,0.0663448275862069,0.1795929903900509,0.12071944166630429,0.25894454637067904,0.20265509231446996,0.10746951524237883,0.22237352246253855,0.28955864334895554,0.07133555802743789],[0.06166945235442202,0.06895230627433177,0.057079773843423706,0.10707977384342371,0.05765548264619702,0.06558196800242114,0.07962389776182024,0.06312643583288624,0.05740167553959803,0.05782468738392967,0.2930454261454431,0.2930454261454431,0.44324022383364137,0.2325400132155749,0.0,0.057180883991581034,0.3290138759140245,0.11422557880401141,0.18586781447710615,0.24601301877597476,0.11001822584436394,0.2276310542763123,0.18291653978576677,0.0656138297914828],[0.8021274329685544,0.8026741776741777,0.8005698005698005,0.8042042761668929,0.7976323987538941,0.790984643179765,0.7942627206645898,0.7932242990654205,0.7927050882658359,0.7892369637291134,0.060447944421671104,0.060447944421671104,0.05349718985040086,0.0663448275862069,0.057180883991581034,0.0,0.06458534233365477,0.05795992714025501,0.07491747848187205,0.059989114535496824,0.06856461116141672,0.054701789913770574,0.05676607377427486,0.1625699171103174],[0.06801671488267438,0.06630102860816459,0.06360495017679203,0.0640951462552234,0.06540501446480232,0.06774509803921568,0.06323529411764706,0.07524509803921568,0.06274509803921569,0.06192994051553206,0.23720209628566874,0.23720209628566874,0.28330083628248764,0.1795929903900509,0.3290138759140245,0.06458534233365477,0.0,0.31667770602196826,0.20070196585767358,0.1971655270946015,0.08794117647058823,0.20608582559327265,0.16870643094415594,0.06507553841208616],[0.0554735883424408,0.057140255009107466,0.05575136612021858,0.056306921675774134,0.06740437158469945,0.06194444444444445,0.06190972222222223,0.05524305555555555,0.06496527777777777,0.10897684712291456,0.159128781085605,0.159128781085605,0.1422335179215913,0.12071944166630429,0.11422557880401141,0.05795992714025501,0.31667770602196826,0.0,0.10651640827046512,0.10940912337993673,0.11416161616161617,0.17998326666800668,0.12150309858265979,0.10768214936247722],[0.06075805896882719,0.06030257145537138,0.06023691157355917,0.06026974151446527,0.06074711565519182,0.060779945596097916,0.061290149677730575,0.061290149677730575,0.07124637642318911,0.06510443250899119,0.19201214173993347,0.19201214173993347,0.22688181915679131,0.25894454637067904,0.18586781447710615,0.07491747848187205,0.20070196585767358,0.10651640827046512,0.0,0.19251636255629112,0.09671534624557834,0.21899957501115463,0.15072405624316004,0.07555669155171864],[0.05859611524985543,0.05859611524985543,0.059554054029859825,0.05734088512433242,0.05755009014525292,0.06456306855515152,0.05692247508249141,0.05692247508249141,0.056504065040650406,0.06552435844533086,0.1638508119805691,0.1638508119805691,0.2026884074185776,0.20265509231446996,0.24601301877597476,0.059989114535496824,0.1971655270946015,0.10940912337993673,0.19251636255629112,0.0,0.1146214454003736,0.2820211368060094,0.1811292748023688,0.0667106694012007],[0.06354068771644066,0.06665073556333061,0.06401915661596218,0.06641150111356983,0.08272729058725405,0.08361420854734275,0.07249868877970488,0.06617226666380907,0.07861245805136888,0.17287748546034887,0.0635383787661406,0.0635383787661406,0.11225126702290644,0.10746951524237883,0.11001822584436394,0.06856461116141672,0.08794117647058823,0.11416161616161617,0.09671534624557834,0.1146214454003736,0.0,0.1044036912851031,0.09050923550124743,0.2958999486760911],[0.057655038759689914,0.06440129344133785,0.05355859681212437,0.05397994512673112,0.05442089103736608,0.07844460412856022,0.05500228638620329,0.05486183694800104,0.06486183694800104,0.05739913176710929,0.18960010474474298,0.18960010474474298,0.2316812321816558,0.22237352246253855,0.2276310542763123,0.054701789913770574,0.20608582559327265,0.17998326666800668,0.21899957501115463,0.2820211368060094,0.1044036912851031,0.0,0.18348259424059793,0.06234495772819609],[0.06925098519544147,0.11636418503923032,0.06562182696062768,0.07660193370492659,0.07022437604288707,0.08015514609294565,0.06787268789718465,0.08002334291901872,0.06756701104128945,0.07492270129132414,0.1791964217271161,0.1791964217271161,0.126913960210224,0.28955864334895554,0.18291653978576677,0.05676607377427486,0.16870643094415594,0.12150309858265979,0.15072405624316004,0.1811292748023688,0.09050923550124743,0.18348259424059793,0.0,0.08189707814108708],[0.13688186487482262,0.13688186487482262,0.13453444703444706,0.13766433748828116,0.143369967278418,0.12799807013221645,0.1337603341711323,0.1260225494380424,0.1371336605491535,0.17109166138258605,0.060907503245200514,0.060907503245200514,0.06369785737202133,0.07133555802743789,0.0656138297914828,0.1625699171103174,0.06507553841208616,0.10768214936247722,0.07555669155171864,0.0667106694012007,0.2958999486760911,0.06234495772819609,0.08189707814108708,0.0]],"method":"field-level | link: field-level (links uninformative) | order: spectral graph components","folder":"Earth System Model Families","meta":[{"label":"CNRM-CM","tags":["atmosphere","land-surface","ocean"]},{"label":"FGOALS","tags":["atmosphere","land_surface","ocean"]},{"label":"BCC-CSM","tags":["atmosphere","land_surface","ocean"]},{"label":"GISS-E2","tags":["atmosphere","land_surface","ocean"]},{"label":"MIROC","tags":["atmosphere","land_surface","ocean","sea_ice"]},{"label":"CESM","tags":["atmosphere","land_surface","ocean","sea_ice","ocean_biogeochemistry"]},{"label":"GFDL-CM4","tags":["atmosphere","land_surface","ocean","ocean_biogeochemistry"]},{"label":"IPSL-CM","tags":["atmosphere","land_surface","ocean","ocean_biogeochemistry"]},{"label":"MPI-ESM","tags":["atmosphere","land_surface","ocean","ocean_biogeochemistry"]},{"label":"UKESM1","tags":["atmosphere","land_surface","ocean","ocean_biogeochemistry","atmospheric_chemistry"]},{"label":"CanESM","tags":["aerosol","atmosphere","atmospheric-chemistry","land-ice","land_surface","ocean","ocean-biogeochemistry","sea_ice"]},{"label":"CanESM","tags":["aerosol","atmosphere","atmospheric-chemistry","land-ice","land_surface","ocean","ocean-biogeochemistry","sea_ice"]},{"label":"gfdl","tags":["aerosol","atmosphere","atmospheric-chemistry","land_surface","ocean","ocean-biogeochemistry","sea_ice"]},{"label":"cas-fgoals-g3.5","tags":["atmosphere","land_surface","ocean","sea_ice"]},{"label":"GISS-E","tags":["atmosphere","aerosol","atmospheric-chemistry","land-ice","land_surface","ocean","ocean-biogeochemistry","sea_ice"]},{"label":"ICON","tags":["atmosphere","ocean"]},{"label":"ARTS-ESM","tags":["atmosphere","aerosol","land_surface","ocean","sea_ice"]},{"label":"UKCM","tags":["aerosol","atmosphere","land_surface","ocean","sea_ice"]},{"label":"awi-esm3","tags":["atmosphere","land-ice","land_surface","ocean","ocean-biogeochemistry","sea_ice","aerosol"]},{"label":"ec-earth","tags":["atmosphere","ocean","sea-ice","ocean-biogeochemistry","land-surface","land-ice","atmospheric-chemistry","aerosol"]},{"label":"HadGEM3","tags":["atmosphere","ocean","land_surface","sea_ice","ocean_biogeochemistry","atmospheric_chemistry"]},{"label":"access-esm","tags":["aerosol","atmosphere","land_surface","ocean","ocean-biogeochemistry","sea_ice"]},{"label":"CAS-ESM","tags":["atmosphere","land_surface","ocean","sea_ice","ocean-biogeochemistry","atmospheric-chemistry","aerosol","land-ice"]},{"label":"HadCM2","tags":["atmosphere","ocean"]}],"tree":{"name":"","leaf":false,"children":[{"name":"","leaf":false,"children":[{"name":"","leaf":false,"children":[{"name":"","leaf":false,"children":[{"name":"ARTS-ESM","leaf":true,"spectral_index":6,"value":0.0},{"name":"UKCM","leaf":true,"spectral_index":7,"value":0.0}],"value":0.6833222939780317},{"name":"","leaf":false,"children":[{"name":"CanESM","leaf":true,"spectral_index":1,"value":0.0},{"name":"","leaf":false,"children":[{"name":"gfdl","leaf":true,"spectral_index":2,"value":0.0},{"name":"GISS-E","leaf":true,"spectral_index":4,"value":0.0}],"value":0.5567597761663586}],"value":0.7022876647369389}],"value":0.7891492189511019},{"name":"","leaf":false,"children":[{"name":"","leaf":false,"children":[{"name":"cas-fgoals-g3.5","leaf":true,"spectral_index":3,"value":0.0},{"name":"CAS-ESM","leaf":true,"spectral_index":12,"value":0.0}],"value":0.7104413566510445},{"name":"","leaf":false,"children":[{"name":"awi-esm3","leaf":true,"spectral_index":8,"value":0.0},{"name":"","leaf":false,"children":[{"name":"ec-earth","leaf":true,"spectral_index":9,"value":0.0},{"name":"access-esm","leaf":true,"spectral_index":11,"value":0.0}],"value":0.7179788631939906}],"value":0.7942420312162771}],"value":0.8001151522610309}],"value":0.8140745978246873},{"name":"","leaf":false,"children":[{"name":"","leaf":false,"children":[{"name":"CNRM-CM","leaf":true,"spectral_index":0,"value":0.0},{"name":"ICON","leaf":true,"spectral_index":5,"value":0.0}],"value":0.20323781989619558},{"name":"","leaf":false,"children":[{"name":"HadGEM3","leaf":true,"spectral_index":10,"value":0.0},{"name":"HadCM2","leaf":true,"spectral_index":13,"value":0.0}],"value":0.7041000513239088}],"value":0.8871547870239901}],"value":0.9248283426101273},"clusters":[0,0,0,0,0,0,0,0,0,0,1,1,2,3,4,5,6,7,8,9,10,11,12,13],"group_spans":[[0,9],[10,11],[12,12],[13,13],[14,14],[15,15],[16,16],[17,17],[18,18],[19,19],[20,20],[21,21],[22,22],[23,23]]};
var EMD_ENTRIES = [{"label":"CNRM-CM","url":"../view_earth_system_model_families/?id=CNRM-CM"},{"label":"FGOALS","url":"../view_earth_system_model_families/?id=FGOALS"},{"label":"BCC-CSM","url":"../view_earth_system_model_families/?id=BCC-CSM"},{"label":"GISS-E2","url":"../view_earth_system_model_families/?id=GISS-E2"},{"label":"MIROC","url":"../view_earth_system_model_families/?id=MIROC"},{"label":"CESM","url":"../view_earth_system_model_families/?id=CESM"},{"label":"GFDL-CM4","url":"../view_earth_system_model_families/?id=GFDL-CM4"},{"label":"IPSL-CM","url":"../view_earth_system_model_families/?id=IPSL-CM"},{"label":"MPI-ESM","url":"../view_earth_system_model_families/?id=MPI-ESM"},{"label":"UKESM1","url":"../view_earth_system_model_families/?id=UKESM1"},{"label":"CanESM","url":"../view_earth_system_model_families/?id=CanESM"},{"label":"CanESM","url":"../view_earth_system_model_families/?id=CanESM"},{"label":"gfdl","url":"../view_earth_system_model_families/?id=gfdl"},{"label":"cas-fgoals-g3.5","url":"../view_earth_system_model_families/?id=cas-fgoals-g3.5"},{"label":"GISS-E","url":"../view_earth_system_model_families/?id=GISS-E"},{"label":"ICON","url":"../view_earth_system_model_families/?id=ICON"},{"label":"ARTS-ESM","url":"../view_earth_system_model_families/?id=ARTS-ESM"},{"label":"UKCM","url":"../view_earth_system_model_families/?id=UKCM"},{"label":"awi-esm3","url":"../view_earth_system_model_families/?id=awi-esm3"},{"label":"ec-earth","url":"../view_earth_system_model_families/?id=ec-earth"},{"label":"HadGEM3","url":"../view_earth_system_model_families/?id=HadGEM3"},{"label":"access-esm","url":"../view_earth_system_model_families/?id=access-esm"},{"label":"CAS-ESM","url":"../view_earth_system_model_families/?id=CAS-ESM"},{"label":"HadCM2","url":"../view_earth_system_model_families/?id=HadCM2"}];
var EMD_SCHEMA  = {"name":"","children":[{"name":"collaborative_institutions","type":"scalar"},{"name":"description","type":"scalar"},{"name":"established","type":"scalar"},{"name":"family_type","type":"scalar"},{"name":"primary_institution","type":"scalar"},{"name":"references","type":"scalar"},{"name":"representative_member","type":"scalar"},{"name":"scientific_domains","type":"list"},{"name":"ui_label","type":"scalar"},{"name":"validation_key","type":"scalar"},{"name":"website","type":"scalar"}]};

var ids         = EMD_DATA.ids;
var link        = EMD_DATA.link;
var text        = EMD_DATA.text;
var method      = EMD_DATA.method;
var meta        = EMD_DATA.meta;
var tree        = EMD_DATA.tree;
var clusters    = EMD_DATA.clusters || ids.map(function() { return 0; });
var group_spans = EMD_DATA.group_spans || [];  /* [[start_row, end_row], ...] per group */
var n           = ids.length;

/* Cluster colour palette — 20 distinct monotone colours */
var CLUSTER_COLORS = [
  '#1565c0','#b71c1c','#1b5e20','#4a148c','#e65100',
  '#006064','#3e2723','#37474f','#880e4f','#33691e',
  '#0d47a1','#bf360c','#1a237e','#01579b','#004d40',
  '#f57f17','#4e342e','#263238','#6a1b9a','#827717'
];
function clusterColor(k) {
  return CLUSTER_COLORS[k % CLUSTER_COLORS.length];
}

var FONT    = "-apple-system, BlinkMacSystemFont, 'Segoe UI', Roboto, Helvetica, Arial, sans-serif";
var FONT_MONO = "'Source Code Pro', monospace";
var RED     = '#a40e4c';
var MUSTARD = '#f2b30d';
var NAVY    = '#0d1035';
var WHITE   = '#ffffff';

/* ── entry selector ────────────────────────────────────────────────────── */
window.emdGotoEntry = function () {
  var v = document.getElementById('emd-entry-select').value;
  if (v) window.location.href = v;
};

/* ── filter buttons ────────────────────────────────────────────────────── */
var allTags = Array.from(new Set(meta.flatMap(function (m) { return m.tags || []; }))).sort();
var activeFilter = null;

function itemVisible(i) {
  return !activeFilter || (meta[i].tags || []).indexOf(activeFilter) >= 0;
}

var matG, dendG;   // assigned below; needed by applyFilter

function applyFilter() {
  if (!matG) return;
  matG.selectAll('.emd-cell').attr('opacity', function (d) {
    if (d.i === d.j) return itemVisible(d.i) ? 1 : 0.08;
    return (itemVisible(d.i) && itemVisible(d.j)) ? 1 : 0.06;
  });
  matG.selectAll('.emd-val').attr('opacity', function (d) {
    return (itemVisible(d.i) && itemVisible(d.j)) ? 1 : 0;
  });
  matG.selectAll('.emd-diag').attr('opacity', function (d, i) { return itemVisible(i) ? 1 : 0.1; });
  matG.selectAll('.emd-xlabel').attr('opacity', function (d, i) { return itemVisible(i) ? 1 : 0.1; });
  matG.selectAll('.emd-ylabel').attr('opacity', function (d, i) { return itemVisible(i) ? 1 : 0.1; });
}

if (allTags.length > 0) {
  var bar = document.getElementById('emd-filter-bar');
  var allBtn = document.createElement('button');
  allBtn.className = 'emd-fbtn active'; allBtn.textContent = 'All';
  allBtn.onclick = function () {
    activeFilter = null;
    document.querySelectorAll('.emd-fbtn').forEach(function (b) { b.classList.remove('active'); });
    allBtn.classList.add('active'); applyFilter();
  };
  bar.appendChild(allBtn);
  allTags.forEach(function (tag) {
    var btn = document.createElement('button');
    btn.className = 'emd-fbtn';
    btn.textContent = tag.replace(/[-_]/g, ' ');
    btn.onclick = function () {
      activeFilter = tag;
      document.querySelectorAll('.emd-fbtn').forEach(function (b) { b.classList.remove('active'); });
