# Horizontal Grid Cells

**Stage 1.** Grid cells define the fundamental 2D horizontal geometry — the shape, resolution, and extent of a single tile. A regular 1° atmosphere grid and a tripolar ocean grid are each their own record. Every grid cell is assigned a `g###` ID used in Stage 2.

---

!!! info "Generated files"
    This page is auto-generated during the build from live registry data. Three files are produced for each record type:

    - **`Horizontal_Grid_Cells.md`** — this page, embedded in the MkDocs site layout
    - **`Horizontal_Grid_Cells_data.json`** — processed similarity matrices, dendrogram tree, and key schema
    - **`Horizontal_Grid_Cells_raw.json`** — raw JSON-LD records as fetched from the cmipld registry (depth 2)

---

<link href="https://fonts.googleapis.com/css2?family=Source+Code+Pro:wght@400;600;700&family=Pacifico&display=swap" rel="stylesheet">

<style>
.emd-viz { font-family: 'Source Code Pro', monospace; width: 100%; }
.emd-section { margin-bottom: 2.5rem; }
.emd-section-label {
  font-size: 11px; font-weight: 700; color: #0d1035;
  text-transform: uppercase; letter-spacing: 0.09em;
  margin-bottom: 12px; display: block;
}
.emd-selector-row { display: flex; gap: 10px; align-items: center; flex-wrap: wrap; }
#emd-entry-select {
  flex: 1; min-width: 240px; padding: 8px 12px;
  border: 1.5px solid #ccc; border-radius: 6px;
  font-family: 'Source Code Pro', monospace; font-size: 12px;
  color: #0d1035; background: #fff; cursor: pointer;
}
#emd-entry-select:focus { outline: none; border-color: #0d1035; }
#emd-go-btn {
  padding: 8px 18px; border: 1.5px solid #0d1035; border-radius: 6px;
  background: #0d1035; color: #fff;
  font-family: 'Source Code Pro', monospace; font-size: 12px;
  font-weight: 600; cursor: pointer; transition: background .15s;
}
#emd-go-btn:hover { background: #1a2080; }
.emd-stats {
  margin-top: 10px; font-size: 11px; color: #888;
  display: flex; gap: 20px; flex-wrap: wrap;
}
.emd-stats b { color: #0d1035; }
.emd-filter-bar { display: flex; flex-wrap: wrap; gap: 6px; margin-bottom: 10px; }
.emd-fbtn {
  padding: 4px 11px; border-radius: 20px; border: 1.5px solid #ccc;
  background: #fff; cursor: pointer; font-family: 'Source Code Pro', monospace;
  font-size: 11px; color: #555; transition: all .15s;
}
.emd-fbtn:hover  { border-color: #0d1035; color: #0d1035; }
.emd-fbtn.active { background: #0d1035; border-color: #0d1035; color: #fff; font-weight: 600; }
.emd-tip {
  position: fixed; background: #0d1035; color: #fff;
  padding: 10px 14px; border-radius: 8px; font-size: 12px;
  font-family: 'Source Code Pro', monospace; pointer-events: none;
  opacity: 0; transition: opacity .12s; line-height: 1.9;
  box-shadow: 0 6px 24px rgba(0,0,0,.25); max-width: 280px; z-index: 999;
}
.emd-tip-link { color: #e8607e; font-weight: 600; }
.emd-tip-text { color: #f5c842; font-weight: 600; }
.emd-tip-head { font-weight: 700; font-size: 13px;
  border-bottom: 1px solid rgba(255,255,255,.2); padding-bottom: 5px; margin-bottom: 5px; }
/* ── font toggle ── */
.emd-font-btn {
  padding: 5px 12px; border-radius: 20px; border: 1.5px solid #ccc;
  background: #fff; font-size: 11px; cursor: pointer;
  font-family: 'Source Code Pro', monospace; color: #888;
  transition: all .2s; white-space: nowrap;
}
.emd-font-btn:hover { border-color: #a060c0; color: #602080; }
.emd-font-btn.active { background: #f3e8ff; border-color: #a060c0;
  color: #602080; font-family: 'Pacifico', cursive; }
.emd-viz.pretty svg text { font-family: 'Pacifico', cursive !important; }
.emd-viz.pretty #emd-entry-select,
.emd-viz.pretty .emd-stats,
.emd-viz.pretty .emd-section-label { font-family: 'Pacifico', cursive !important; }
</style>

<div class="emd-viz">

<div class="emd-section">
<span class="emd-section-label">View a specific Grid Cell</span>
<div class="emd-selector-row">
  <select id="emd-entry-select">
    <option value="">Select an entry…</option>
    <option value="../Horizontal_Grid_Cells/g107/">g107</option>
    <option value="../Horizontal_Grid_Cells/g103/">g103</option>
    <option value="../Horizontal_Grid_Cells/g104/">g104</option>
    <option value="../Horizontal_Grid_Cells/g119/">g119</option>
    <option value="../Horizontal_Grid_Cells/g118/">g118</option>
    <option value="../Horizontal_Grid_Cells/g116/">g116</option>
    <option value="../Horizontal_Grid_Cells/g122/">g122</option>
    <option value="../Horizontal_Grid_Cells/g120/">g120</option>
    <option value="../Horizontal_Grid_Cells/g101/">g101</option>
    <option value="../Horizontal_Grid_Cells/g112/">g112</option>
    <option value="../Horizontal_Grid_Cells/g121/">g121</option>
    <option value="../Horizontal_Grid_Cells/g114/">g114</option>
    <option value="../Horizontal_Grid_Cells/g117/">g117</option>
    <option value="../Horizontal_Grid_Cells/g105/">g105</option>
    <option value="../Horizontal_Grid_Cells/g111/">g111</option>
    <option value="../Horizontal_Grid_Cells/g115/">g115</option>
    <option value="../Horizontal_Grid_Cells/g109/">g109</option>
    <option value="../Horizontal_Grid_Cells/g108/">g108</option>
    <option value="../Horizontal_Grid_Cells/g110/">g110</option>
    <option value="../Horizontal_Grid_Cells/g106/">g106</option>
    <option value="../Horizontal_Grid_Cells/g100/">g100</option>
    <option value="../Horizontal_Grid_Cells/g113/">g113</option>
  </select>
  <button id="emd-go-btn" onclick="emdGotoEntry()">Open →</button>
  <button class="emd-font-btn" id="emd-font-toggle" onclick="emdToggleFont()">✨ Pretty font</button>
</div>
<div class="emd-stats">
  <span><b>22</b> registered entries</span>
  <span>Endpoint: <b>horizontal_grid_cell</b></span>
</div>
</div>

<div class="emd-section">
<span class="emd-section-label">Similarity &amp; Hierarchical Clustering</span>
<div class="emd-filter-bar" id="emd-filter-bar"></div>
<div id="emd-combined-chart" style="overflow-x:auto; display:flex; justify-content:center;"></div>
<div class="emd-tip" id="emd-tip"></div>
</div>

<div class="emd-section">
<span class="emd-section-label">Record Key Schema</span>
<div id="emd-key-graph"></div>
</div>

</div>

<script src="https://d3js.org/d3.v7.min.js"></script>
<script>
(function () {
'use strict';

/* ── injected data ─────────────────────────────────────────────────────── */
var EMD_DATA    = {"ids":["g107","g103","g104","g119","g118","g116","g122","g120","g101","g112","g121","g114","g117","g105","g111","g115","g109","g108","g110","g106","g100","g113"],"link":[[0.0,0.779891304347826,0.779891304347826,0.7166666666666666,0.6515151515151515,0.6515151515151515,0.2830009496676163,0.24364973262032086,0.2534412955465587,0.5511111111111111,0.26779026217228463,0.3740421455938698,0.3549382716049383,0.3625730994152046,0.3582474226804124,0.3575,0.3575,0.37138888888888894,0.37138888888888894,0.3593189964157706,0.3579931972789116,0.3815536315536316],[0.779891304347826,0.0,0.9755434782608696,0.6572463768115943,0.5974967061923584,0.5974967061923584,0.23646723646723647,0.22092245989304812,0.26045883940620784,0.4383333333333333,0.27441659464131374,0.3529693486590038,0.33564814814814814,0.3355263157894737,0.3654066437571592,0.3513888888888889,0.3513888888888889,0.33749999999999997,0.33749999999999997,0.3517025089605735,0.33758503401360546,0.3613516113516113],[0.779891304347826,0.9755434782608696,0.0,0.6572463768115943,0.5974967061923584,0.5974967061923584,0.23646723646723647,0.22092245989304812,0.26045883940620784,0.4383333333333333,0.27441659464131374,0.3529693486590038,0.33564814814814814,0.3355263157894737,0.3654066437571592,0.3513888888888889,0.3513888888888889,0.33749999999999997,0.33749999999999997,0.3517025089605735,0.33758503401360546,0.3613516113516113],[0.7166666666666666,0.6572463768115943,0.6572463768115943,0.0,0.7348484848484849,0.8030303030303031,0.3599240265906933,0.33293544690603516,0.35675954592363257,0.4955555555555555,0.3703543647363872,0.4720813612801443,0.44521604938271614,0.4328345373237013,0.462414089347079,0.44777777777777783,0.3783333333333334,0.46166666666666667,0.39222222222222225,0.40098566308243716,0.4135487528344672,0.424013949013949],[0.6515151515151515,0.5974967061923584,0.5974967061923584,0.7348484848484849,0.0,0.893939393939394,0.2925485008818342,0.2932302055417549,0.2675512310187233,0.4638461538461538,0.3141385767790262,0.3927809850730743,0.3628917378917379,0.3437326347543065,0.378766851704996,0.39089743589743586,0.39089743589743586,0.3844871794871795,0.3844871794871795,0.4662944582299421,0.42660910518053374,0.4324231324231325],[0.6515151515151515,0.5974967061923584,0.5974967061923584,0.8030303030303031,0.893939393939394,0.0,0.3490961199294533,0.3408492531608025,0.3151702786377709,0.47346153846153843,0.36175762439807385,0.4440630363551256,0.4141737891737892,0.3950146860363578,0.43004890298704734,0.4421794871794872,0.3780769230769231,0.42615384615384616,0.36205128205128206,0.41501240694789077,0.3753270538984825,0.39780774780774786],[0.2830009496676163,0.23646723646723647,0.23646723646723647,0.3599240265906933,0.2925485008818342,0.3490961199294533,0.0,0.4051757066462948,0.4344923394458998,0.3407950074616741,0.5731263118903568,0.4449342071045926,0.3407610907610908,0.351579435885223,0.3756365231385057,0.36193575655114113,0.2978331924485771,0.40589180050718515,0.34178923640462106,0.34576300457193754,0.3442015859598277,0.35562984024522487],[0.24364973262032086,0.22092245989304812,0.22092245989304812,0.33293544690603516,0.2932302055417549,0.3408492531608025,0.4051757066462948,0.0,0.519281660032434,0.33537051184110006,0.5374413810468007,0.4501209574738986,0.4226791726791727,0.42595459236326105,0.45661512027491413,0.4316666666666667,0.3721428571428572,0.4435714285714286,0.38404761904761914,0.3511904761904762,0.39091350826044696,0.3811688311688312],[0.2534412955465587,0.26045883940620784,0.26045883940620784,0.35675954592363257,0.2675512310187233,0.3151702786377709,0.4344923394458998,0.519281660032434,0.0,0.39765023418274187,0.5755179804715408,0.47747876478526624,0.47091960327254445,0.6210422505969064,0.5389664167991359,0.5005603898364079,0.43645782573384384,0.509610163592064,0.4455075994895,0.4432538882884203,0.43830194799813416,0.40293572691762736],[0.5511111111111111,0.4383333333333333,0.4383333333333333,0.4955555555555555,0.4638461538461538,0.47346153846153843,0.3407950074616741,0.33537051184110006,0.39765023418274187,0.0,0.3802732847676668,0.4739970700924048,0.47255291005291,0.5176298589611282,0.4821224022254949,0.49107142857142855,0.49107142857142855,0.5287698412698413,0.5287698412698413,0.6459293394777266,0.4987244897959184,0.5014430014430014],[0.26779026217228463,0.27441659464131374,0.27441659464131374,0.3703543647363872,0.3141385767790262,0.36175762439807385,0.5731263118903568,0.5374413810468007,0.5755179804715408,0.3802732847676668,0.0,0.6659548867083566,0.48475783475783474,0.4666526218086113,0.5104231480916652,0.5248323471400395,0.4607297830374754,0.5405832628909553,0.47648069878839117,0.47154037029967544,0.530604194340458,0.5628798551875476],[0.3740421455938698,0.3529693486590038,0.3529693486590038,0.4720813612801443,0.3927809850730743,0.4440630363551256,0.4449342071045926,0.4501209574738986,0.47747876478526624,0.4739970700924048,0.6659548867083566,0.0,0.5774328249818446,0.6054715408430578,0.6262452509420369,0.6070814479638009,0.5376370035193565,0.621787330316742,0.5523428858722976,0.5453177962665628,0.6067022963031367,0.6140624625918744],[0.3549382716049383,0.33564814814814814,0.33564814814814814,0.44521604938271614,0.3628917378917379,0.4141737891737892,0.3407610907610908,0.4226791726791727,0.47091960327254445,0.47255291005291,0.48475783475783474,0.5774328249818446,0.0,0.5633814929480564,0.6396604938271605,0.6521604938271606,0.5827160493827162,0.5807319223985891,0.5112874779541446,0.5035493827160494,0.6092592592592593,0.5609788359788359],[0.3625730994152046,0.3355263157894737,0.3355263157894737,0.4328345373237013,0.3437326347543065,0.3950146860363578,0.351579435885223,0.42595459236326105,0.6210422505969064,0.5176298589611282,0.4666526218086113,0.6054715408430578,0.5633814929480564,0.0,0.6752235982112142,0.6661592707258343,0.5967148262813898,0.6926298589611285,0.623185414516684,0.6002321981424147,0.6141210870313036,0.5990417219519387],[0.3582474226804124,0.3654066437571592,0.3654066437571592,0.462414089347079,0.378766851704996,0.43004890298704734,0.3756365231385057,0.45661512027491413,0.5389664167991359,0.4821224022254949,0.5104231480916652,0.6262452509420369,0.6396604938271605,0.6752235982112142,0.0,0.8024999999999999,0.7330555555555555,0.7310714285714286,0.6616269841269843,0.6357961053837342,0.6700963718820862,0.641065416065416],[0.3575,0.3513888888888889,0.3513888888888889,0.44777777777777783,0.39089743589743586,0.4421794871794872,0.36193575655114113,0.4316666666666667,0.5005603898364079,0.49107142857142855,0.5248323471400395,0.6070814479638009,0.6521604938271606,0.6661592707258343,0.8024999999999999,0.0,0.9305555555555555,0.8952380952380953,0.8257936507936509,0.6761111111111111,0.6577777777777778,0.6669047619047618],[0.3575,0.3513888888888889,0.3513888888888889,0.3783333333333334,0.39089743589743586,0.3780769230769231,0.2978331924485771,0.3721428571428572,0.43645782573384384,0.49107142857142855,0.4607297830374754,0.5376370035193565,0.5827160493827162,0.5967148262813898,0.7330555555555555,0.9305555555555555,0.0,0.8257936507936509,0.8952380952380953,0.6761111111111111,0.6577777777777778,0.6780158730158728],[0.37138888888888894,0.33749999999999997,0.33749999999999997,0.46166666666666667,0.3844871794871795,0.42615384615384616,0.40589180050718515,0.4435714285714286,0.509610163592064,0.5287698412698413,0.5405832628909553,0.621787330316742,0.5807319223985891,0.6926298589611285,0.7310714285714286,0.8952380952380953,0.8257936507936509,0.0,0.9305555555555555,0.6737301587301587,0.6887301587301587,0.7383333333333333],[0.37138888888888894,0.33749999999999997,0.33749999999999997,0.39222222222222225,0.3844871794871795,0.36205128205128206,0.34178923640462106,0.38404761904761914,0.4455075994895,0.5287698412698413,0.47648069878839117,0.5523428858722976,0.5112874779541446,0.623185414516684,0.6616269841269843,0.8257936507936509,0.8952380952380953,0.9305555555555555,0.0,0.6737301587301587,0.6887301587301587,0.7494444444444444],[0.3593189964157706,0.3517025089605735,0.3517025089605735,0.40098566308243716,0.4662944582299421,0.41501240694789077,0.34576300457193754,0.3511904761904762,0.4432538882884203,0.6459293394777266,0.47154037029967544,0.5453177962665628,0.5035493827160494,0.6002321981424147,0.6357961053837342,0.6761111111111111,0.6761111111111111,0.6737301587301587,0.6737301587301587,0.0,0.747874149659864,0.6390331890331891],[0.3579931972789116,0.33758503401360546,0.33758503401360546,0.4135487528344672,0.42660910518053374,0.3753270538984825,0.3442015859598277,0.39091350826044696,0.43830194799813416,0.4987244897959184,0.530604194340458,0.6067022963031367,0.6092592592592593,0.6141210870313036,0.6700963718820862,0.6577777777777778,0.6577777777777778,0.6887301587301587,0.6887301587301587,0.747874149659864,0.0,0.7507756132756134],[0.3815536315536316,0.3613516113516113,0.3613516113516113,0.424013949013949,0.4324231324231325,0.39780774780774786,0.35562984024522487,0.3811688311688312,0.40293572691762736,0.5014430014430014,0.5628798551875476,0.6140624625918744,0.5609788359788359,0.5990417219519387,0.641065416065416,0.6669047619047618,0.6780158730158728,0.7383333333333333,0.7494444444444444,0.6390331890331891,0.7507756132756134,0.0]],"text":[[0.0,0.779891304347826,0.779891304347826,0.7166666666666666,0.6515151515151515,0.6515151515151515,0.2830009496676163,0.24364973262032086,0.2534412955465587,0.5511111111111111,0.26779026217228463,0.3740421455938698,0.3549382716049383,0.3625730994152046,0.3582474226804124,0.3575,0.3575,0.37138888888888894,0.37138888888888894,0.3593189964157706,0.3579931972789116,0.3815536315536316],[0.779891304347826,0.0,0.9755434782608696,0.6572463768115943,0.5974967061923584,0.5974967061923584,0.23646723646723647,0.22092245989304812,0.26045883940620784,0.4383333333333333,0.27441659464131374,0.3529693486590038,0.33564814814814814,0.3355263157894737,0.3654066437571592,0.3513888888888889,0.3513888888888889,0.33749999999999997,0.33749999999999997,0.3517025089605735,0.33758503401360546,0.3613516113516113],[0.779891304347826,0.9755434782608696,0.0,0.6572463768115943,0.5974967061923584,0.5974967061923584,0.23646723646723647,0.22092245989304812,0.26045883940620784,0.4383333333333333,0.27441659464131374,0.3529693486590038,0.33564814814814814,0.3355263157894737,0.3654066437571592,0.3513888888888889,0.3513888888888889,0.33749999999999997,0.33749999999999997,0.3517025089605735,0.33758503401360546,0.3613516113516113],[0.7166666666666666,0.6572463768115943,0.6572463768115943,0.0,0.7348484848484849,0.8030303030303031,0.3599240265906933,0.33293544690603516,0.35675954592363257,0.4955555555555555,0.3703543647363872,0.4720813612801443,0.44521604938271614,0.4328345373237013,0.462414089347079,0.44777777777777783,0.3783333333333334,0.46166666666666667,0.39222222222222225,0.40098566308243716,0.4135487528344672,0.424013949013949],[0.6515151515151515,0.5974967061923584,0.5974967061923584,0.7348484848484849,0.0,0.893939393939394,0.2925485008818342,0.2932302055417549,0.2675512310187233,0.4638461538461538,0.3141385767790262,0.3927809850730743,0.3628917378917379,0.3437326347543065,0.378766851704996,0.39089743589743586,0.39089743589743586,0.3844871794871795,0.3844871794871795,0.4662944582299421,0.42660910518053374,0.4324231324231325],[0.6515151515151515,0.5974967061923584,0.5974967061923584,0.8030303030303031,0.893939393939394,0.0,0.3490961199294533,0.3408492531608025,0.3151702786377709,0.47346153846153843,0.36175762439807385,0.4440630363551256,0.4141737891737892,0.3950146860363578,0.43004890298704734,0.4421794871794872,0.3780769230769231,0.42615384615384616,0.36205128205128206,0.41501240694789077,0.3753270538984825,0.39780774780774786],[0.2830009496676163,0.23646723646723647,0.23646723646723647,0.3599240265906933,0.2925485008818342,0.3490961199294533,0.0,0.4051757066462948,0.4344923394458998,0.3407950074616741,0.5731263118903568,0.4449342071045926,0.3407610907610908,0.351579435885223,0.3756365231385057,0.36193575655114113,0.2978331924485771,0.40589180050718515,0.34178923640462106,0.34576300457193754,0.3442015859598277,0.35562984024522487],[0.24364973262032086,0.22092245989304812,0.22092245989304812,0.33293544690603516,0.2932302055417549,0.3408492531608025,0.4051757066462948,0.0,0.519281660032434,0.33537051184110006,0.5374413810468007,0.4501209574738986,0.4226791726791727,0.42595459236326105,0.45661512027491413,0.4316666666666667,0.3721428571428572,0.4435714285714286,0.38404761904761914,0.3511904761904762,0.39091350826044696,0.3811688311688312],[0.2534412955465587,0.26045883940620784,0.26045883940620784,0.35675954592363257,0.2675512310187233,0.3151702786377709,0.4344923394458998,0.519281660032434,0.0,0.39765023418274187,0.5755179804715408,0.47747876478526624,0.47091960327254445,0.6210422505969064,0.5389664167991359,0.5005603898364079,0.43645782573384384,0.509610163592064,0.4455075994895,0.4432538882884203,0.43830194799813416,0.40293572691762736],[0.5511111111111111,0.4383333333333333,0.4383333333333333,0.4955555555555555,0.4638461538461538,0.47346153846153843,0.3407950074616741,0.33537051184110006,0.39765023418274187,0.0,0.3802732847676668,0.4739970700924048,0.47255291005291,0.5176298589611282,0.4821224022254949,0.49107142857142855,0.49107142857142855,0.5287698412698413,0.5287698412698413,0.6459293394777266,0.4987244897959184,0.5014430014430014],[0.26779026217228463,0.27441659464131374,0.27441659464131374,0.3703543647363872,0.3141385767790262,0.36175762439807385,0.5731263118903568,0.5374413810468007,0.5755179804715408,0.3802732847676668,0.0,0.6659548867083566,0.48475783475783474,0.4666526218086113,0.5104231480916652,0.5248323471400395,0.4607297830374754,0.5405832628909553,0.47648069878839117,0.47154037029967544,0.530604194340458,0.5628798551875476],[0.3740421455938698,0.3529693486590038,0.3529693486590038,0.4720813612801443,0.3927809850730743,0.4440630363551256,0.4449342071045926,0.4501209574738986,0.47747876478526624,0.4739970700924048,0.6659548867083566,0.0,0.5774328249818446,0.6054715408430578,0.6262452509420369,0.6070814479638009,0.5376370035193565,0.621787330316742,0.5523428858722976,0.5453177962665628,0.6067022963031367,0.6140624625918744],[0.3549382716049383,0.33564814814814814,0.33564814814814814,0.44521604938271614,0.3628917378917379,0.4141737891737892,0.3407610907610908,0.4226791726791727,0.47091960327254445,0.47255291005291,0.48475783475783474,0.5774328249818446,0.0,0.5633814929480564,0.6396604938271605,0.6521604938271606,0.5827160493827162,0.5807319223985891,0.5112874779541446,0.5035493827160494,0.6092592592592593,0.5609788359788359],[0.3625730994152046,0.3355263157894737,0.3355263157894737,0.4328345373237013,0.3437326347543065,0.3950146860363578,0.351579435885223,0.42595459236326105,0.6210422505969064,0.5176298589611282,0.4666526218086113,0.6054715408430578,0.5633814929480564,0.0,0.6752235982112142,0.6661592707258343,0.5967148262813898,0.6926298589611285,0.623185414516684,0.6002321981424147,0.6141210870313036,0.5990417219519387],[0.3582474226804124,0.3654066437571592,0.3654066437571592,0.462414089347079,0.378766851704996,0.43004890298704734,0.3756365231385057,0.45661512027491413,0.5389664167991359,0.4821224022254949,0.5104231480916652,0.6262452509420369,0.6396604938271605,0.6752235982112142,0.0,0.8024999999999999,0.7330555555555555,0.7310714285714286,0.6616269841269843,0.6357961053837342,0.6700963718820862,0.641065416065416],[0.3575,0.3513888888888889,0.3513888888888889,0.44777777777777783,0.39089743589743586,0.4421794871794872,0.36193575655114113,0.4316666666666667,0.5005603898364079,0.49107142857142855,0.5248323471400395,0.6070814479638009,0.6521604938271606,0.6661592707258343,0.8024999999999999,0.0,0.9305555555555555,0.8952380952380953,0.8257936507936509,0.6761111111111111,0.6577777777777778,0.6669047619047618],[0.3575,0.3513888888888889,0.3513888888888889,0.3783333333333334,0.39089743589743586,0.3780769230769231,0.2978331924485771,0.3721428571428572,0.43645782573384384,0.49107142857142855,0.4607297830374754,0.5376370035193565,0.5827160493827162,0.5967148262813898,0.7330555555555555,0.9305555555555555,0.0,0.8257936507936509,0.8952380952380953,0.6761111111111111,0.6577777777777778,0.6780158730158728],[0.37138888888888894,0.33749999999999997,0.33749999999999997,0.46166666666666667,0.3844871794871795,0.42615384615384616,0.40589180050718515,0.4435714285714286,0.509610163592064,0.5287698412698413,0.5405832628909553,0.621787330316742,0.5807319223985891,0.6926298589611285,0.7310714285714286,0.8952380952380953,0.8257936507936509,0.0,0.9305555555555555,0.6737301587301587,0.6887301587301587,0.7383333333333333],[0.37138888888888894,0.33749999999999997,0.33749999999999997,0.39222222222222225,0.3844871794871795,0.36205128205128206,0.34178923640462106,0.38404761904761914,0.4455075994895,0.5287698412698413,0.47648069878839117,0.5523428858722976,0.5112874779541446,0.623185414516684,0.6616269841269843,0.8257936507936509,0.8952380952380953,0.9305555555555555,0.0,0.6737301587301587,0.6887301587301587,0.7494444444444444],[0.3593189964157706,0.3517025089605735,0.3517025089605735,0.40098566308243716,0.4662944582299421,0.41501240694789077,0.34576300457193754,0.3511904761904762,0.4432538882884203,0.6459293394777266,0.47154037029967544,0.5453177962665628,0.5035493827160494,0.6002321981424147,0.6357961053837342,0.6761111111111111,0.6761111111111111,0.6737301587301587,0.6737301587301587,0.0,0.747874149659864,0.6390331890331891],[0.3579931972789116,0.33758503401360546,0.33758503401360546,0.4135487528344672,0.42660910518053374,0.3753270538984825,0.3442015859598277,0.39091350826044696,0.43830194799813416,0.4987244897959184,0.530604194340458,0.6067022963031367,0.6092592592592593,0.6141210870313036,0.6700963718820862,0.6577777777777778,0.6577777777777778,0.6887301587301587,0.6887301587301587,0.747874149659864,0.0,0.7507756132756134],[0.3815536315536316,0.3613516113516113,0.3613516113516113,0.424013949013949,0.4324231324231325,0.39780774780774786,0.35562984024522487,0.3811688311688312,0.40293572691762736,0.5014430014430014,0.5628798551875476,0.6140624625918744,0.5609788359788359,0.5990417219519387,0.641065416065416,0.6669047619047618,0.6780158730158728,0.7383333333333333,0.7494444444444444,0.6390331890331891,0.7507756132756134,0.0]],"method":"field-level | link: text (links uninformative) | order: UPGMA leaf traversal","folder":"Horizontal Grid Cells","meta":[{"label":"g107","tags":[]},{"label":"g103","tags":[]},{"label":"g104","tags":[]},{"label":"g119","tags":[]},{"label":"g118","tags":[]},{"label":"g116","tags":[]},{"label":"g122","tags":[]},{"label":"g120","tags":[]},{"label":"g101","tags":[]},{"label":"g112","tags":[]},{"label":"g121","tags":[]},{"label":"g114","tags":[]},{"label":"g117","tags":[]},{"label":"g105","tags":[]},{"label":"g111","tags":[]},{"label":"g115","tags":[]},{"label":"g109","tags":[]},{"label":"g108","tags":[]},{"label":"g110","tags":[]},{"label":"g106","tags":[]},{"label":"g100","tags":[]},{"label":"g113","tags":[]}],"tree":{"name":"","leaf":false,"children":[{"name":"","leaf":false,"children":[{"name":"","leaf":false,"children":[{"name":"g107","leaf":true,"spectral_index":0,"value":0.0},{"name":"","leaf":false,"children":[{"name":"g103","leaf":true,"spectral_index":1,"value":0.0},{"name":"g104","leaf":true,"spectral_index":2,"value":0.0}],"value":0.024456521739130377}],"value":0.22010869565217395},{"name":"","leaf":false,"children":[{"name":"g119","leaf":true,"spectral_index":3,"value":0.0},{"name":"","leaf":false,"children":[{"name":"g118","leaf":true,"spectral_index":4,"value":0.0},{"name":"g116","leaf":true,"spectral_index":5,"value":0.0}],"value":0.10606060606060597}],"value":0.23106060606060602}],"value":0.36398038354560097},{"name":"","leaf":false,"children":[{"name":"g122","leaf":true,"spectral_index":6,"value":0.0},{"name":"","leaf":false,"children":[{"name":"","leaf":false,"children":[{"name":"g120","leaf":true,"spectral_index":7,"value":0.0},{"name":"g101","leaf":true,"spectral_index":8,"value":0.0}],"value":0.48071833996756597},{"name":"","leaf":false,"children":[{"name":"g112","leaf":true,"spectral_index":9,"value":0.0},{"name":"","leaf":false,"children":[{"name":"","leaf":false,"children":[{"name":"g121","leaf":true,"spectral_index":10,"value":0.0},{"name":"g114","leaf":true,"spectral_index":11,"value":0.0}],"value":0.33404511329164344},{"name":"","leaf":false,"children":[{"name":"g117","leaf":true,"spectral_index":12,"value":0.0},{"name":"","leaf":false,"children":[{"name":"g105","leaf":true,"spectral_index":13,"value":0.0},{"name":"","leaf":false,"children":[{"name":"","leaf":false,"children":[{"name":"g111","leaf":true,"spectral_index":14,"value":0.0},{"name":"","leaf":false,"children":[{"name":"","leaf":false,"children":[{"name":"g115","leaf":true,"spectral_index":15,"value":0.0},{"name":"g109","leaf":true,"spectral_index":16,"value":0.0}],"value":0.06944444444444453},{"name":"","leaf":false,"children":[{"name":"g108","leaf":true,"spectral_index":17,"value":0.0},{"name":"g110","leaf":true,"spectral_index":18,"value":0.0}],"value":0.06944444444444453}],"value":0.13948412698412693}],"value":0.2679365079365079},{"name":"","leaf":false,"children":[{"name":"g106","leaf":true,"spectral_index":19,"value":0.0},{"name":"","leaf":false,"children":[{"name":"g100","leaf":true,"spectral_index":20,"value":0.0},{"name":"g113","leaf":true,"spectral_index":21,"value":0.0}],"value":0.24922438672438663}],"value":0.3065463306534735}],"value":0.3218430187514626}],"value":0.3665865030222615}],"value":0.4218082879675587}],"value":0.4538217522028318}],"value":0.49897042529176744}],"value":0.5522659263580151}],"value":0.6186969973985231}],"value":0.6348435445816432}};
var EMD_ENTRIES = [{"label":"g107","url":"../Horizontal_Grid_Cells/g107/"},{"label":"g103","url":"../Horizontal_Grid_Cells/g103/"},{"label":"g104","url":"../Horizontal_Grid_Cells/g104/"},{"label":"g119","url":"../Horizontal_Grid_Cells/g119/"},{"label":"g118","url":"../Horizontal_Grid_Cells/g118/"},{"label":"g116","url":"../Horizontal_Grid_Cells/g116/"},{"label":"g122","url":"../Horizontal_Grid_Cells/g122/"},{"label":"g120","url":"../Horizontal_Grid_Cells/g120/"},{"label":"g101","url":"../Horizontal_Grid_Cells/g101/"},{"label":"g112","url":"../Horizontal_Grid_Cells/g112/"},{"label":"g121","url":"../Horizontal_Grid_Cells/g121/"},{"label":"g114","url":"../Horizontal_Grid_Cells/g114/"},{"label":"g117","url":"../Horizontal_Grid_Cells/g117/"},{"label":"g105","url":"../Horizontal_Grid_Cells/g105/"},{"label":"g111","url":"../Horizontal_Grid_Cells/g111/"},{"label":"g115","url":"../Horizontal_Grid_Cells/g115/"},{"label":"g109","url":"../Horizontal_Grid_Cells/g109/"},{"label":"g108","url":"../Horizontal_Grid_Cells/g108/"},{"label":"g110","url":"../Horizontal_Grid_Cells/g110/"},{"label":"g106","url":"../Horizontal_Grid_Cells/g106/"},{"label":"g100","url":"../Horizontal_Grid_Cells/g100/"},{"label":"g113","url":"../Horizontal_Grid_Cells/g113/"}];
var EMD_SCHEMA  = {"name":"record","children":[{"name":"alias","type":"scalar"},{"name":"description","type":"scalar"},{"name":"grid_mapping","type":"scalar"},{"name":"grid_type","type":"scalar"},{"name":"n_cells","type":"scalar"},{"name":"region","type":"scalar"},{"name":"southernmost_latitude","type":"scalar"},{"name":"temporal_refinement","type":"scalar"},{"name":"truncation_method","type":"scalar"},{"name":"truncation_number","type":"scalar"},{"name":"ui_label","type":"scalar"},{"name":"units","type":"scalar"},{"name":"validation_key","type":"scalar"},{"name":"westernmost_longitude","type":"scalar"},{"name":"x_resolution","type":"scalar"},{"name":"y_resolution","type":"scalar"}]};

var ids    = EMD_DATA.ids;
var link   = EMD_DATA.link;
var text   = EMD_DATA.text;
var method = EMD_DATA.method;
var meta   = EMD_DATA.meta;
var tree   = EMD_DATA.tree;
var n      = ids.length;

var FONT    = "'Source Code Pro', monospace";
var RED     = '#a40e4c';
var MUSTARD = '#f2b30d';
var NAVY    = '#0d1035';
var WHITE   = '#ffffff';

/* ── entry selector ────────────────────────────────────────────────────── */
window.emdGotoEntry = function () {
  var v = document.getElementById('emd-entry-select').value;
  if (v) window.location.href = v;
};

/* ── filter buttons ────────────────────────────────────────────────────── */
var allTags = Array.from(new Set(meta.flatMap(function (m) { return m.tags || []; }))).sort();
var activeFilter = null;

function itemVisible(i) {
  return !activeFilter || (meta[i].tags || []).indexOf(activeFilter) >= 0;
}

var matG, dendG;   // assigned below; needed by applyFilter

function applyFilter() {
  if (!matG) return;
  matG.selectAll('.emd-cell').attr('opacity', function (d) {
    if (d.i === d.j) return itemVisible(d.i) ? 1 : 0.08;
    return (itemVisible(d.i) && itemVisible(d.j)) ? 1 : 0.06;
  });
  matG.selectAll('.emd-val').attr('opacity', function (d) {
    return (itemVisible(d.i) && itemVisible(d.j)) ? 1 : 0;
  });
  matG.selectAll('.emd-diag').attr('opacity', function (d, i) { return itemVisible(i) ? 1 : 0.1; });
  matG.selectAll('.emd-xlabel').attr('opacity', function (d, i) { return itemVisible(i) ? 1 : 0.1; });
  matG.selectAll('.emd-ylabel').attr('opacity', function (d, i) { return itemVisible(i) ? 1 : 0.1; });
}

if (allTags.length > 0) {
  var bar = document.getElementById('emd-filter-bar');
  var allBtn = document.createElement('button');
  allBtn.className = 'emd-fbtn active'; allBtn.textContent = 'All';
  allBtn.onclick = function () {
    activeFilter = null;
    document.querySelectorAll('.emd-fbtn').forEach(function (b) { b.classList.remove('active'); });
    allBtn.classList.add('active'); applyFilter();
  };
  bar.appendChild(allBtn);
  allTags.forEach(function (tag) {
    var btn = document.createElement('button');
    btn.className = 'emd-fbtn';
    btn.textContent = tag.replace(/[-_]/g, ' ');
    btn.onclick = function () {
      activeFilter = tag;
      document.querySelectorAll('.emd-fbtn').forEach(function (b) { b.classList.remove('active'); });
      btn.classList.add('active'); applyFilter();
    };
    bar.appendChild(btn);
  });
}

/* ── font toggle ──────────────────────────────────────────────────────── */
window.emdToggleFont = function () {
  var viz = document.querySelector('.emd-viz');
  var btn = document.getElementById('emd-font-toggle');
  viz.classList.toggle('pretty');
  btn.classList.toggle('active');
};

/* ── layout constants ──────────────────────────────────────────────────── */
var cellSize = Math.min(60, Math.floor(Math.min(window.innerWidth * 0.65, 440) / n));
var gap      = Math.max(2, Math.round(cellSize * 0.055));
var inner    = cellSize - gap;
var rad      = Math.round(inner * 0.14);
var lblFs    = Math.max(8, Math.round(cellSize * 0.145));
var maxLLen  = Math.max.apply(null, meta.map(function (m) { return Math.min(m.label.length, 50); }));
var XLBL_H   = Math.ceil(maxLLen * lblFs * 0.62) + 12;
var YLBL_W   = Math.ceil(maxLLen * lblFs * 0.62) + 16;
var LEG_H    = 62;
var DEND_W   = Math.max(60, Math.round(n * cellSize * 0.18));  /* narrow right-side dendrogram */
var matW     = n * cellSize;
var margin   = { top: 30, right: DEND_W + 8, bottom: XLBL_H + LEG_H + 16, left: YLBL_W };
var totalW   = matW + margin.left + margin.right;
var totalH   = matW + margin.top + margin.bottom;

/* ── root SVG ──────────────────────────────────────────────────────────── */
var svg = d3.select('#emd-combined-chart').append('svg')
  .attr('width', totalW).attr('height', totalH);

var defs = svg.append('defs');
[['emd-leg-red', RED], ['emd-leg-mustard', MUSTARD]].forEach(function (pair) {
  var gr = defs.append('linearGradient').attr('id', pair[0]).attr('x1','0%').attr('x2','100%');
  gr.append('stop').attr('offset','0%').attr('stop-color', WHITE);
  gr.append('stop').attr('offset','100%').attr('stop-color', pair[1]);
});

/* Clip the dendrogram to its column */
defs.append('clipPath').attr('id','emd-dend-clip')
  .append('rect').attr('x', 0).attr('y', 0).attr('width', DEND_W).attr('height', matW);

/* Matrix is at left; dendrogram is to the RIGHT of the matrix */
matG = svg.append('g')
  .attr('transform', 'translate(' + margin.left + ',' + margin.top + ')');

dendG = svg.append('g')
  .attr('transform', 'translate(' + (margin.left + matW) + ',' + margin.top + ')')
  .attr('clip-path', 'url(#emd-dend-clip)');

/* ── colour helpers ────────────────────────────────────────────────────── */
function hexToRgb(h) {
  return [parseInt(h.slice(1,3),16)/255, parseInt(h.slice(3,5),16)/255, parseInt(h.slice(5,7),16)/255];
}
function blend(hex, a) {
  var c = hexToRgb(hex);
  return 'rgb(' + Math.round((1-a+c[0]*a)*255) + ',' +
                  Math.round((1-a+c[1]*a)*255) + ',' +
                  Math.round((1-a+c[2]*a)*255) + ')';
}

/* ── method subtitle ───────────────────────────────────────────────────── */
svg.append('text')
  .attr('x', margin.left + matW / 2).attr('y', margin.top - 12)
  .attr('text-anchor','middle').attr('font-family', FONT).attr('font-size', 9).attr('fill','#aaa')
  .text(n + ' items  ·  UPGMA leaf order  ·  ' + method);

/* ── similarity matrix ─────────────────────────────────────────────────── */
var cellData = [];
for (var i = 0; i < n; i++) for (var j = 0; j < n; j++) cellData.push({i: i, j: j});

var tip = d3.select('#emd-tip');

matG.selectAll('.emd-cell').data(cellData).join('rect')
  .attr('class','emd-cell')
  .attr('x', function (d) { return d.j * cellSize + gap / 2; })
  .attr('y', function (d) { return d.i * cellSize + gap / 2; })
  .attr('width', inner).attr('height', inner).attr('rx', rad)
  .attr('fill', function (d) {
    if (d.i === d.j) return NAVY;
    return d.i < d.j ? blend(RED, link[d.i][d.j]) : blend(MUSTARD, text[d.i][d.j]);
  })
  .style('cursor', function (d) { return d.i === d.j ? 'default' : 'pointer'; })
  .on('mouseover', function (event, d) {
    if (d.i === d.j) return;
    var li = Math.min(d.i, d.j), lj = Math.max(d.i, d.j);
    tip.style('opacity', 1).html(
      '<div class="emd-tip-head">' + meta[d.i].label + ' ↔ ' + meta[d.j].label + '</div>' +
      '<span class="emd-tip-link">▲ Link</span>&nbsp;' + (link[li][lj]*100).toFixed(1) + '%<br>' +
      '<span class="emd-tip-text">▼ Content</span>&nbsp;' + (text[lj][li]*100).toFixed(1) + '%'
    );
    d3.select(this).attr('stroke', NAVY).attr('stroke-width', 2);
    matG.selectAll('.emd-cell').filter(function (e) { return e.i !== d.i && e.j !== d.j; })
      .attr('opacity', function (e) { return (itemVisible(e.i) && itemVisible(e.j)) ? 0.35 : 0.04; });
  })
  .on('mousemove', function (ev) {
    tip.style('left', (ev.clientX + 14) + 'px').style('top', (ev.clientY - 10) + 'px');
  })
  .on('mouseout', function () {
    tip.style('opacity', 0); d3.select(this).attr('stroke', 'none'); applyFilter();
  });

var maxDiagFs = Math.max(9, Math.round(cellSize * 0.18));
function diagText(label) {
  for (var fs = maxDiagFs; fs >= 6; fs--) {
    var mc = Math.floor(inner / (0.58 * fs));
    if (label.length <= mc) return {fs: fs, t: label};
  }
  var mc2 = Math.floor(inner / (0.58 * 6));
  return {fs: 6, t: label.slice(0, Math.max(1, mc2 - 1)) + '…'};
}

matG.selectAll('.emd-val').data(cellData.filter(function (d) { return d.i !== d.j; })).join('text')
  .attr('class','emd-val')
  .attr('x', function (d) { return d.j * cellSize + cellSize / 2; })
  .attr('y', function (d) { return d.i * cellSize + cellSize / 2; })
  .attr('dy','0.35em').attr('text-anchor','middle')
  .attr('font-family', FONT).attr('font-size', Math.max(8, Math.round(cellSize * 0.16)))
  .attr('font-weight', 600).attr('pointer-events','none')
  .attr('fill', function (d) {
    var v = d.i < d.j ? link[d.i][d.j] : text[d.i][d.j];
    if (v < 0.08) return 'none';
    var c = hexToRgb(d.i < d.j ? RED : MUSTARD);
    return (0.299*(1-v+c[0]*v) + 0.587*(1-v+c[1]*v) + 0.114*(1-v+c[2]*v)) < 0.55 ? WHITE : NAVY;
  })
  .text(function (d) {
    var v = d.i < d.j ? link[d.i][d.j] : text[d.i][d.j];
    return v >= 0.08 ? Math.round(v * 100) + '%' : '';
  });

matG.selectAll('.emd-diag').data(meta).join('text')
  .attr('class','emd-diag')
  .attr('x', function (d, i) { return i * cellSize + cellSize / 2; })
  .attr('y', function (d, i) { return i * cellSize + cellSize / 2; })
  .attr('dy','0.35em').attr('text-anchor','middle')
  .attr('font-family', FONT).attr('font-size', function (d) { return diagText(d.label).fs; })
  .attr('font-weight', 700).attr('fill', WHITE).attr('pointer-events','none')
  .text(function (d) { return diagText(d.label).t; });

var pivotY = matW + 4;
matG.selectAll('.emd-xlabel').data(meta).join('text')
  .attr('class','emd-xlabel')
  .attr('transform', function (d, i) {
    return 'translate(' + (i * cellSize + cellSize / 2) + ',' + pivotY + ') rotate(-90)';
  })
  .attr('text-anchor','end').attr('dy','0.35em')
  .attr('font-family', FONT).attr('font-size', lblFs).attr('font-weight', 600).attr('fill', NAVY)
  .text(function (d) { return d.label.length > 50 ? d.label.slice(0,50) + '…' : d.label; });

matG.selectAll('.emd-ylabel').data(meta).join('text')
  .attr('class','emd-ylabel').attr('x', -6)
  .attr('y', function (d, i) { return i * cellSize + cellSize / 2; })
  .attr('text-anchor','end').attr('dominant-baseline','middle')
  .attr('font-family', FONT).attr('font-size', lblFs).attr('font-weight', 600).attr('fill', NAVY)
  .text(function (d) { return d.label.length > 50 ? d.label.slice(0,50) + '…' : d.label; });

matG.append('line')
  .attr('x1',0).attr('y1',0).attr('x2',matW).attr('y2',matW)
  .attr('stroke', NAVY).attr('stroke-width', 1.5).attr('stroke-dasharray','5,4').attr('opacity',0.22);

/* ── legend ────────────────────────────────────────────────────────────── */
var legY  = matW + XLBL_H + 16;
var barW  = Math.floor(matW * 0.43);
var barH  = 13;
var legFs = Math.max(9, Math.round(cellSize * 0.16));

matG.append('text').attr('x',0).attr('y',legY-8)
