{
  "stem": "Horizontal_Grid_Cells",
  "singular": "Grid Cell",
  "endpoint": "horizontal_grid_cell",
  "count": 36,
  "method": "field-level | link: field-level (links uninformative) | order: spectral graph components",
  "entries": [
    {
      "id": "g115",
      "label": "g115",
      "spectral_rank": 0
    },
    {
      "id": "g109",
      "label": "g109",
      "spectral_rank": 1
    },
    {
      "id": "g108",
      "label": "g108",
      "spectral_rank": 2
    },
    {
      "id": "g110",
      "label": "g110",
      "spectral_rank": 3
    },
    {
      "id": "g134",
      "label": "g134",
      "spectral_rank": 4
    },
    {
      "id": "g101",
      "label": "g101",
      "spectral_rank": 5
    },
    {
      "id": "g105",
      "label": "g105",
      "spectral_rank": 6
    },
    {
      "id": "g123",
      "label": "g123",
      "spectral_rank": 7
    },
    {
      "id": "g111",
      "label": "g111",
      "spectral_rank": 8
    },
    {
      "id": "g117",
      "label": "g117",
      "spectral_rank": 9
    },
    {
      "id": "g106",
      "label": "g106",
      "spectral_rank": 10
    },
    {
      "id": "g129",
      "label": "g129",
      "spectral_rank": 11
    },
    {
      "id": "g113",
      "label": "g113",
      "spectral_rank": 12
    },
    {
      "id": "g131",
      "label": "g131",
      "spectral_rank": 13
    },
    {
      "id": "g100",
      "label": "g100",
      "spectral_rank": 14
    },
    {
      "id": "g133",
      "label": "g133",
      "spectral_rank": 15
    },
    {
      "id": "g103",
      "label": "g103",
      "spectral_rank": 16
    },
    {
      "id": "g104",
      "label": "g104",
      "spectral_rank": 17
    },
    {
      "id": "g102",
      "label": "g102",
      "spectral_rank": 18
    },
    {
      "id": "g107",
      "label": "g107",
      "spectral_rank": 19
    },
    {
      "id": "g124",
      "label": "g124",
      "spectral_rank": 20
    },
    {
      "id": "g126",
      "label": "g126",
      "spectral_rank": 21
    },
    {
      "id": "g125",
      "label": "g125",
      "spectral_rank": 22
    },
    {
      "id": "g127",
      "label": "g127",
      "spectral_rank": 23
    },
    {
      "id": "g128",
      "label": "g128",
      "spectral_rank": 24
    },
    {
      "id": "g119",
      "label": "g119",
      "spectral_rank": 25
    },
    {
      "id": "g118",
      "label": "g118",
      "spectral_rank": 26
    },
    {
      "id": "g135",
      "label": "g135",
      "spectral_rank": 27
    },
    {
      "id": "g116",
      "label": "g116",
      "spectral_rank": 28
    },
    {
      "id": "g132",
      "label": "g132",
      "spectral_rank": 29
    },
    {
      "id": "g130",
      "label": "g130",
      "spectral_rank": 30
    },
    {
      "id": "g114",
      "label": "g114",
      "spectral_rank": 31
    },
    {
      "id": "g112",
      "label": "g112",
      "spectral_rank": 32
    },
    {
      "id": "g122",
      "label": "g122",
      "spectral_rank": 33
    },
    {
      "id": "g120",
      "label": "g120",
      "spectral_rank": 34
    },
    {
      "id": "g121",
      "label": "g121",
      "spectral_rank": 35
    }
  ],
  "link_matrix": [
    [
      0.0,
      0.9358974358974359,
      0.9032967032967034,
      0.8391941391941392,
      0.7415384615384616,
      0.4648060762766645,
      0.6149162499007701,
      0.6861538461538461,
      0.7407692307692307,
      0.601994301994302,
      0.6241025641025642,
      0.5923076923076923,
      0.6156043956043955,
      0.6100000000000001,
      0.6071794871794872,
      0.47358974358974365,
      0.3243589743589744,
      0.3243589743589744,
      0.2976190476190476,
      0.33,
      0.3641880341880342,
      0.3641880341880342,
      0.36333333333333334,
      0.3628205128205128,
      0.36205128205128206,
      0.4133333333333334,
      0.36297619047619045,
      0.4179120879120879,
      0.41059523809523807,
      0.3915486194477791,
      0.3873469387755102,
      0.5603828750435086,
      0.45329670329670324,
      0.3360832025117739,
      0.4028888888888889,
      0.4873443223443224
    ],
    [
      0.9358974358974359,
      0.0,
      0.8391941391941392,
      0.9032967032967034,
      0.6774358974358974,
      0.405282266752855,
      0.550813685798206,
      0.622051282051282,
      0.6766666666666665,
      0.5378917378917379,
      0.6241025641025642,
      0.617948717948718,
      0.6258608058608057,
      0.6164102564102565,
      0.6071794871794872,
      0.47358974358974365,
      0.3243589743589744,
      0.3243589743589744,
      0.2976190476190476,
      0.33,
      0.3834188034188034,
      0.3812820512820513,
      0.37188034188034186,
      0.3628205128205128,
      0.36205128205128206,
      0.3492307692307693,
      0.36297619047619045,
      0.3538095238095238,
      0.3510714285714286,
      0.3320248099239696,
      0.3278231292517007,
      0.4962803109409445,
      0.45329670329670324,
      0.27655939298796445,
      0.3473333333333334,
      0.42782051282051287
    ],
    [
      0.9032967032967034,
      0.8391941391941392,
      0.0,
      0.9358974358974359,
      0.6909890109890111,
      0.4732094376212023,
      0.6393506390410416,
      0.6048351648351648,
      0.6748351648351648,
      0.5360602360602361,
      0.621904761904762,
      0.6153846153846154,
      0.6815384615384615,
      0.6283150183150182,
      0.6357509157509157,
      0.5021611721611722,
      0.31153846153846154,
      0.31153846153846154,
      0.2857142857142857,
      0.34282051282051285,
      0.3556410256410257,
      0.3556410256410257,
      0.35307692307692307,
      0.3756410256410256,
      0.3684615384615384,
      0.42615384615384616,
      0.3570238095238095,
      0.46186813186813186,
      0.39571428571428574,
      0.38554621848739495,
      0.39755102040816326,
      0.5739575356769927,
      0.4880952380952381,
      0.3768995290423862,
      0.41400000000000003,
      0.5019701726844584
    ],
    [
      0.8391941391941392,
      0.9032967032967034,
      0.9358974358974359,
      0.0,
      0.6268864468864469,
      0.41368562809739284,
      0.5752480749384775,
      0.5407326007326007,
      0.6107326007326008,
      0.471957671957672,
      0.621904761904762,
      0.6410256410256411,
      0.6917948717948718,
      0.6347252747252747,
      0.6357509157509157,
      0.5021611721611722,
      0.31153846153846154,
      0.31153846153846154,
      0.2857142857142857,
      0.34282051282051285,
      0.3748717948717949,
      0.37273504273504277,
      0.3616239316239316,
      0.3756410256410256,
      0.3684615384615384,
      0.36205128205128206,
      0.3570238095238095,
      0.3977655677655678,
      0.3361904761904762,
      0.3260224089635854,
      0.3380272108843538,
      0.5098549715744286,
      0.4880952380952381,
      0.31737571951857674,
      0.3584444444444445,
      0.44244636316064895
    ],
    [
      0.7415384615384616,
      0.6774358974358974,
      0.6909890109890111,
      0.6268864468864469,
      0.0,
      0.5290402441706262,
      0.7771294752718902,
      0.6740681998413958,
      0.7668517049960349,
      0.6096866096866097,
      0.6133227597145122,
      0.568864468864469,
      0.6027417027417028,
      0.6186227861485593,
      0.6231815803244375,
      0.4742796722178166,
      0.31165741475019826,
      0.31165741475019826,
      0.2857142857142857,
      0.35940787734602164,
      0.33923693717508147,
      0.33923693717508147,
      0.3383822363203806,
      0.3635342320909331,
      0.362741210679355,
      0.4140232619614063,
      0.33980731467844866,
      0.44058003851818284,
      0.38742636229749633,
      0.39216717614880997,
      0.4083736587418473,
      0.5842263854849571,
      0.49939503795173884,
      0.35451962862861247,
      0.40395189003436427,
      0.46205958989464146
    ],
    [
      0.4648060762766645,
      0.405282266752855,
      0.4732094376212023,
      0.41368562809739284,
      0.5290402441706262,
      0.0,
      0.648110661268556,
      0.4024376552240329,
      0.5004688155991976,
      0.43728248875307696,
      0.4115928962678188,
      0.3579893495859883,
      0.37415460356636826,
      0.4005388436104021,
      0.4069946659982674,
      0.37519902697921276,
      0.24185463659147868,
      0.24185463659147868,
      0.2222222222222222,
      0.23533834586466165,
      0.24794338788146836,
      0.24794338788146836,
      0.24794338788146836,
      0.28591331269349846,
      0.2836576735957541,
      0.3312767212148017,
      0.24971448228414175,
      0.3277753206545776,
      0.2941589267285862,
      0.29808049535603715,
      0.3020020639834881,
      0.44337313872917583,
      0.3692466460268317,
      0.4034571723426213,
      0.4846628826969384,
      0.5344095532950022
    ],
    [
      0.6149162499007701,
      0.550813685798206,
      0.6393506390410416,
      0.5752480749384775,
      0.7771294752718902,
      0.648110661268556,
      0.0,
      0.5450107168373421,
      0.6232833214257363,
      0.5200444550289751,
      0.5540604905929982,
      0.5299561119994558,
      0.5529615894940972,
      0.548999761848059,
      0.566881003413511,
      0.4535206795268714,
      0.3097165991902834,
      0.3097165991902834,
      0.28696741854636587,
      0.3346828609986504,
      0.3226164959911089,
      0.3226164959911089,
      0.3226164959911089,
      0.34960704929745173,
      0.3482575216321345,
      0.39953957291418585,
      0.31918030370042744,
      0.43056736864786394,
      0.3667993513194751,
      0.3812051136243971,
      0.39561087592931904,
      0.5588968069320533,
      0.4778121775025799,
      0.3264666190362785,
      0.39755761953904367,
      0.43332029167942476
    ],
    [
      0.6861538461538461,
      0.622051282051282,
      0.6048351648351648,
      0.5407326007326007,
      0.6740681998413958,
      0.4024376552240329,
      0.5450107168373421,
      0.0,
      0.7005022468939995,
      0.5584045584045584,
      0.6239867659222499,
      0.5326007326007326,
      0.5525141525141526,
      0.5650938408670367,
      0.5575091575091575,
      0.4529363110008271,
      0.3374689826302729,
      0.3374689826302729,
      0.3095238095238095,
      0.3444995864350703,
      0.36783949439036284,
      0.36783949439036284,
      0.36953729382571887,
      0.39019851116625304,
      0.3893713813068651,
      0.44065343258891637,
      0.3764400921658986,
      0.43058017251565633,
      0.4240591397849462,
      0.39305399579186506,
      0.39905639675224924,
      0.5538981769459072,
      0.43323880420654615,
      0.3380724498236019,
      0.40555555555555556,
      0.45452558194493686
    ],
    [
      0.7407692307692307,
      0.6766666666666665,
      0.6748351648351648,
      0.6107326007326008,
      0.7668517049960349,
      0.5004688155991976,
      0.6232833214257363,
      0.7005022468939995,
      0.0,
      0.6396604938271605,
      0.6357961053837342,
      0.6023809523809525,
      0.641065416065416,
      0.7127004581901489,
      0.6700963718820862,
      0.5304696449026346,
      0.33729844039122386,
      0.33729844039122386,
      0.3095238095238095,
      0.33068992862807295,
      0.33923693717508147,
      0.33923693717508147,
      0.3383822363203806,
      0.3763547449114459,
      0.3755617234998678,
      0.462414089347079,
      0.378766851704996,
      0.45348551791850755,
      0.43004890298704734,
      0.42233388200641075,
      0.4178089951285827,
      0.5780725393311109,
      0.44503606359276454,
      0.34880534291432674,
      0.45661512027491413,
      0.5104231480916652
    ],
    [
      0.601994301994302,
      0.5378917378917379,
      0.5360602360602361,
      0.471957671957672,
      0.6096866096866097,
      0.43728248875307696,
      0.5200444550289751,
      0.5584045584045584,
      0.6396604938271605,
      0.0,
      0.5035493827160494,
      0.5096560846560846,
      0.5609788359788359,
      0.5216049382716049,
      0.6092592592592593,
      0.5398148148148149,
      0.30982905982905984,
      0.30982905982905984,
      0.2857142857142857,
      0.32763532763532766,
      0.33618233618233617,
      0.33618233618233617,
      0.3353276353276353,
      0.3611111111111111,
      0.3596866096866097,
      0.44521604938271614,
      0.3628917378917379,
      0.45017636684303347,
      0.4141737891737892,
      0.4158820482349894,
      0.42234617234617233,
      0.5330149153678565,
      0.43620268620268615,
      0.3164210128495843,
      0.4226791726791727,
      0.48475783475783474
    ],
    [
      0.6241025641025642,
      0.6241025641025642,
      0.621904761904762,
      0.621904761904762,
      0.6133227597145122,
      0.4115928962678188,
      0.5540604905929982,
      0.6239867659222499,
      0.6357961053837342,
      0.5035493827160494,
      0.0,
      0.6158730158730159,
      0.6390331890331891,
      0.6746849942726231,
      0.747874149659864,
      0.6129032258064516,
      0.32464846980976014,
      0.32464846980976014,
      0.2976190476190476,
      0.33167907361455745,
      0.3915081334436173,
      0.3829611248966087,
      0.38039702233250616,
      0.4222497932175351,
      0.42142266335814715,
      0.40098566308243716,
      0.4662944582299421,
      0.4228110599078341,
      0.41501240694789077,
      0.38752076512987327,
      0.37847099137421714,
      0.5033702734768272,
      0.5962424672102091,
      0.3210656471025134,
      0.3511904761904762,
      0.47154037029967544
    ],
    [
      0.5923076923076923,
      0.617948717948718,
      0.6153846153846154,
      0.6410256410256411,
      0.568864468864469,
      0.3579893495859883,
      0.5299561119994558,
      0.5326007326007326,
      0.6023809523809525,
      0.5096560846560846,
      0.6158730158730159,
      0.0,
      0.7238095238095238,
      0.7019841269841272,
      0.6666666666666666,
      0.5603174603174603,
      0.31135531135531136,
      0.31135531135531136,
      0.2857142857142857,
      0.34175824175824177,
      0.3725274725274725,
      0.3725274725274725,
      0.37338217338217333,
      0.380952380952381,
      0.38021978021978026,
      0.3980158730158731,
      0.3904761904761905,
      0.3952380952380952,
      0.3776556776556777,
      0.3610644257703081,
      0.3564102564102564,
      0.5176205393399964,
      0.45018315018315014,
      0.31815803244374674,
      0.3867346938775511,
      0.4647224570301493
    ],
    [
      0.6156043956043955,
      0.6258608058608057,
      0.6815384615384615,
      0.6917948717948718,
      0.6027417027417028,
      0.37415460356636826,
      0.5529615894940972,
      0.5525141525141526,
      0.641065416065416,
      0.5609788359788359,
      0.6390331890331891,
      0.7238095238095238,
      0.0,
      0.735954785954786,
      0.7507756132756134,
      0.5775853775853775,
      0.3335553335553335,
      0.3335553335553335,
      0.30612244897959184,
      0.3522033522033522,
      0.37784437784437785,
      0.37784437784437785,
      0.3752802752802753,
      0.4075591075591075,
      0.4067821067821068,
      0.424013949013949,
      0.4324231324231325,
      0.4577441077441078,
      0.39780774780774786,
      0.36487172957761194,
      0.3777999777999778,
      0.5668268885463456,
      0.4628704628704628,
      0.3302277087991374,
      0.3811688311688312,
      0.5628798551875476
    ],
    [
      0.6100000000000001,
      0.6164102564102565,
      0.6283150183150182,
      0.6347252747252747,
      0.6186227861485593,
      0.4005388436104021,
      0.548999761848059,
      0.5650938408670367,
      0.7127004581901489,
      0.5216049382716049,
      0.6746849942726231,
      0.7019841269841272,
      0.735954785954786,
      0.0,
      0.7478741496598639,
      0.6082474226804123,
      0.3244779275707111,
      0.3244779275707111,
      0.2976190476190476,
      0.33068992862807295,
      0.3905189884571328,
      0.38197197991012416,
      0.3794078773460216,
      0.3955855141422152,
      0.3947924927306371,
      0.40685853379152354,
      0.41402326196140626,
      0.41479504172803144,
      0.41402326196140626,
      0.36916646119193114,
      0.371105698425286,
      0.5852369435543388,
      0.4523620709187719,
      0.3360502408735104,
      0.41494845360824734,
      0.5527308403993575
    ],
    [
      0.6071794871794872,
      0.6071794871794872,
      0.6357509157509157,
      0.6357509157509157,
      0.6231815803244375,
      0.4069946659982674,
      0.566881003413511,
      0.5575091575091575,
      0.6700963718820862,
      0.6092592592592593,
      0.747874149659864,
      0.6666666666666666,
      0.7507756132756134,
      0.7478741496598639,
      0.0,
      0.7468820861678004,
      0.3116169544740973,
      0.3116169544740973,
      0.2857142857142857,
      0.3304552590266876,
      0.36464329321472183,
      0.3560962846677133,
      0.3535321821036107,
      0.4338042909471481,
      0.43301936159079024,
      0.4135487528344672,
      0.42660910518053374,
      0.4214852607709751,
      0.3753270538984825,
      0.3863391510450334,
      0.3772893772893772,
      0.5600328888952031,
      0.46036106750392464,
      0.3196157583912686,
      0.39091350826044696,
      0.530604194340458
    ],
    [
      0.47358974358974365,
      0.47358974358974365,
      0.5021611721611722,
      0.5021611721611722,
      0.4742796722178166,
      0.37519902697921276,
      0.4535206795268714,
      0.4529363110008271,
      0.5304696449026346,
      0.5398148148148149,
      0.6129032258064516,
      0.5603174603174603,
      0.5775853775853775,
      0.6082474226804123,
      0.7468820861678004,
      0.0,
      0.31028522039757994,
      0.31028522039757994,
      0.2857142857142857,
      0.3327571305099395,
      0.3669451646979737,
      0.3583981561509652,
      0.3558340535868626,
      0.43791414577931437,
      0.43532123307404214,
      0.41604244694132336,
      0.42891097666378564,
      0.42397895487783127,
      0.37762892538173437,
      0.3911545603548247,
      0.3821047865991686,
      0.5047028318674055,
      0.44524015310532167,
      0.30459374761140406,
      0.37687265917602997,
      0.49023336214347446
    ],
    [
      0.3243589743589744,
      0.3243589743589744,
      0.31153846153846154,
      0.31153846153846154,
      0.31165741475019826,
      0.24185463659147868,
      0.3097165991902834,
      0.3374689826302729,
      0.33729844039122386,
      0.30982905982905984,
      0.32464846980976014,
      0.31135531135531136,
      0.3335553335553335,
      0.3244779275707111,
      0.3116169544740973,
      0.31028522039757994,
      0.0,
      0.9643719806763286,
      0.7597826086956523,
      0.6932367149758454,
      0.5823451910408433,
      0.5823451910408433,
      0.5823451910408433,
      0.5993939393939395,
      0.5974967061923584,
      0.5974967061923584,
      0.5477053140096618,
      0.5650291737248259,
      0.5477053140096618,
      0.4309868875086266,
      0.41908212560386476,
      0.32581786030061893,
      0.4046153846153846,
      0.21957671957671956,
      0.20619429590017824,
      0.25481540930979135
    ],
    [
      0.3243589743589744,
      0.3243589743589744,
      0.31153846153846154,
      0.31153846153846154,
      0.31165741475019826,
      0.24185463659147868,
      0.3097165991902834,
      0.3374689826302729,
      0.33729844039122386,
      0.30982905982905984,
      0.32464846980976014,
      0.31135531135531136,
      0.3335553335553335,
      0.3244779275707111,
      0.3116169544740973,
      0.31028522039757994,
      0.9643719806763286,
      0.0,
      0.7597826086956523,
      0.6932367149758454,
      0.5823451910408433,
      0.5823451910408433,
      0.5823451910408433,
      0.5993939393939395,
      0.5974967061923584,
      0.5974967061923584,
      0.5477053140096618,
      0.5650291737248259,
      0.5477053140096618,
      0.43219461697722567,
      0.43219461697722567,
      0.32581786030061893,
      0.4046153846153846,
      0.21957671957671956,
      0.20619429590017824,
      0.25481540930979135
    ],
    [
      0.2976190476190476,
      0.2976190476190476,
      0.2857142857142857,
      0.2857142857142857,
      0.2857142857142857,
      0.2222222222222222,
      0.28696741854636587,
      0.3095238095238095,
      0.3095238095238095,
      0.2857142857142857,
      0.2976190476190476,
      0.2857142857142857,
      0.30612244897959184,
      0.2976190476190476,
      0.2857142857142857,
      0.2857142857142857,
      0.7597826086956523,
      0.7597826086956523,
      0.0,
      0.6333333333333334,
      0.5277777777777778,
      0.5277777777777778,
      0.5277777777777778,
      0.5416666666666666,
      0.5416666666666666,
      0.5416666666666666,
      0.5416666666666666,
      0.5238095238095238,
      0.5416666666666666,
      0.42989417989417983,
      0.41798941798941797,
      0.2976190476190476,
      0.380952380952381,
      0.20164609053497942,
      0.2051265716780916,
      0.23333333333333334
    ],
    [
      0.33,
      0.33,
      0.34282051282051285,
      0.34282051282051285,
      0.35940787734602164,
      0.23533834586466165,
      0.3346828609986504,
      0.3444995864350703,
      0.33068992862807295,
      0.32763532763532766,
      0.33167907361455745,
      0.34175824175824177,
      0.3522033522033522,
      0.33068992862807295,
      0.3304552590266876,
      0.3327571305099395,
      0.6932367149758454,
      0.6932367149758454,
      0.6333333333333334,
      0.0,
      0.6515151515151515,
      0.6515151515151515,
      0.6515151515151515,
      0.6220454545454545,
      0.6571969696969696,
      0.6515151515151515,
      0.5972222222222222,
      0.6883116883116883,
      0.5972222222222222,
      0.46620583717357905,
      0.4543010752688172,
      0.3452696728558798,
      0.5856410256410256,
      0.26278659611992944,
      0.22740641711229947,
      0.24866238630283574
    ],
    [
      0.3641880341880342,
      0.3834188034188034,
      0.3556410256410257,
      0.3748717948717949,
      0.33923693717508147,
      0.24794338788146836,
      0.3226164959911089,
      0.36783949439036284,
      0.33923693717508147,
      0.33618233618233617,
      0.3915081334436173,
      0.3725274725274725,
      0.37784437784437785,
      0.3905189884571328,
      0.36464329321472183,
      0.3669451646979737,
      0.5823451910408433,
      0.5823451910408433,
      0.5277777777777778,
      0.6515151515151515,
      0.0,
      0.9168609168609169,
      0.8403263403263405,
      0.6466666666666666,
      0.696969696969697,
      0.6818181818181818,
      0.6574074074074074,
      0.6796536796536796,
      0.6666666666666666,
      0.4760097587422065,
      0.48472435569209765,
      0.3653416069549632,
      0.4884188034188034,
      0.27652285985619324,
      0.25518419489007726,
      0.30818619582664525
    ],
    [
      0.3641880341880342,
      0.3812820512820513,
      0.3556410256410257,
      0.37273504273504277,
      0.33923693717508147,
      0.24794338788146836,
      0.3226164959911089,
      0.36783949439036284,
      0.33923693717508147,
      0.33618233618233617,
      0.3829611248966087,
      0.3725274725274725,
      0.37784437784437785,
      0.38197197991012416,
      0.3560962846677133,
      0.3583981561509652,
      0.5823451910408433,
      0.5823451910408433,
      0.5277777777777778,
      0.6515151515151515,
      0.9168609168609169,
      0.0,
      0.8888111888111889,
      0.6466666666666666,
      0.6818181818181818,
      0.6818181818181818,
      0.6574074074074074,
      0.6897546897546897,
      0.6574074074074074,
      0.48091171952652023,
      0.49398361495135684,
      0.36081672007713517,
      0.4873504273504273,
      0.27652285985619324,
      0.25518419489007726,
      0.30818619582664525
    ],
    [
      0.36333333333333334,
      0.37188034188034186,
      0.35307692307692307,
      0.3616239316239316,
      0.3383822363203806,
      0.24794338788146836,
      0.3226164959911089,
      0.36953729382571887,
      0.3383822363203806,
      0.3353276353276353,
      0.38039702233250616,
      0.37338217338217333,
      0.3752802752802753,
      0.3794078773460216,
      0.3535321821036107,
      0.3558340535868626,
      0.5823451910408433,
      0.5823451910408433,
      0.5277777777777778,
      0.6515151515151515,
      0.8403263403263405,
      0.8888111888111889,
      0.0,
      0.6542424242424243,
      0.6893939393939394,
      0.6893939393939394,
      0.6555555555555556,
      0.6857142857142857,
      0.6555555555555556,
      0.48091171952652023,
      0.4912058371735791,
      0.361106776928278,
      0.48393162393162387,
      0.27441124597987343,
      0.25518419489007726,
      0.3058052434456929
    ],
    [
      0.3628205128205128,
      0.3628205128205128,
      0.3756410256410256,
      0.3756410256410256,
      0.3635342320909331,
      0.28591331269349846,
      0.34960704929745173,
      0.39019851116625304,
      0.3763547449114459,
      0.3611111111111111,
      0.4222497932175351,
      0.380952380952381,
      0.4075591075591075,
      0.3955855141422152,
      0.4338042909471481,
      0.43791414577931437,
      0.5993939393939395,
      0.5993939393939395,
      0.5416666666666666,
      0.6220454545454545,
      0.6466666666666666,
      0.6466666666666666,
      0.6542424242424243,
      0.0,
      0.911818181818182,
      0.8133333333333334,
      0.6969444444444445,
      0.6672294372294372,
      0.6483333333333333,
      0.49627450980392157,
      0.5163492063492063,
      0.3862537057263224,
      0.49198717948717946,
      0.28924162257495595,
      0.2685680332739156,
      0.298689138576779
    ],
    [
      0.36205128205128206,
      0.36205128205128206,
      0.3684615384615384,
      0.3684615384615384,
      0.362741210679355,
      0.2836576735957541,
      0.3482575216321345,
      0.3893713813068651,
      0.3755617234998678,
      0.3596866096866097,
      0.42142266335814715,
      0.38021978021978026,
      0.4067821067821068,
      0.3947924927306371,
      0.43301936159079024,
      0.43532123307404214,
      0.5974967061923584,
      0.5974967061923584,
      0.5416666666666666,
      0.6571969696969696,
      0.696969696969697,
      0.6818181818181818,
      0.6893939393939394,
      0.911818181818182,
      0.0,
      0.7954545454545456,
      0.7291666666666666,
      0.7023809523809523,
      0.6736111111111112,
      0.5114906177524773,
      0.5217613927291346,
      0.38448535913038956,
      0.4622435897435897,
      0.2865961199294533,
      0.26073975044563275,
      0.29628143392188333
    ],
    [
      0.4133333333333334,
      0.3492307692307693,
      0.42615384615384616,
      0.36205128205128206,
      0.4140232619614063,
      0.3312767212148017,
      0.39953957291418585,
      0.44065343258891637,
      0.462414089347079,
      0.44521604938271614,
      0.40098566308243716,
      0.3980158730158731,
      0.424013949013949,
      0.40685853379152354,
      0.4135487528344672,
      0.41604244694132336,
      0.5974967061923584,
      0.5974967061923584,
      0.5416666666666666,
      0.6515151515151515,
      0.6818181818181818,
      0.6818181818181818,
      0.6893939393939394,
      0.8133333333333334,
      0.7954545454545456,
      0.0,
      0.7348484848484849,
      0.8392857142857142,
      0.8030303030303031,
      0.6079006382611696,
      0.6298003072196621,
      0.4357674104124409,
      0.4574358974358974,
      0.3342151675485009,
      0.33293544690603516,
      0.3703543647363872
    ],
    [
      0.36297619047619045,
      0.36297619047619045,
      0.3570238095238095,
      0.3570238095238095,
      0.33980731467844866,
      0.24971448228414175,
      0.31918030370042744,
      0.3764400921658986,
      0.378766851704996,
      0.3628917378917379,
      0.4662944582299421,
      0.3904761904761905,
      0.4324231324231325,
      0.41402326196140626,
      0.42660910518053374,
      0.42891097666378564,
      0.5477053140096618,
      0.5477053140096618,
      0.5416666666666666,
      0.5972222222222222,
      0.6574074074074074,
      0.6574074074074074,
      0.6555555555555556,
      0.6969444444444445,
      0.7291666666666666,
      0.7348484848484849,
      0.0,
      0.7023809523809523,
      0.893939393939394,
      0.5555580869281753,
      0.5719828386470447,
      0.36472520042499756,
      0.43071428571428566,
      0.2730452674897119,
      0.2932302055417549,
      0.3141385767790262
    ],
    [
      0.4179120879120879,
      0.3538095238095238,
      0.46186813186813186,
      0.3977655677655678,
      0.44058003851818284,
      0.3277753206545776,
      0.43056736864786394,
      0.43058017251565633,
      0.45348551791850755,
      0.45017636684303347,
      0.4228110599078341,
      0.3952380952380952,
      0.4577441077441078,
      0.41479504172803144,
      0.4214852607709751,
      0.42397895487783127,
      0.5650291737248259,
      0.5650291737248259,
      0.5238095238095238,
      0.6883116883116883,
      0.6796536796536796,
      0.6897546897546897,
      0.6857142857142857,
      0.6672294372294372,
      0.7023809523809523,
      0.8392857142857142,
      0.7023809523809523,
      0.0,
      0.762987012987013,
      0.6208876512481826,
      0.6514453288646836,
      0.433935908580939,
      0.5087179487179487,
      0.36142605190224236,
      0.33293544690603516,
      0.3758488702308927
    ],
    [
      0.41059523809523807,
      0.3510714285714286,
      0.39571428571428574,
      0.3361904761904762,
      0.38742636229749633,
      0.2941589267285862,
      0.3667993513194751,
      0.4240591397849462,
      0.43004890298704734,
      0.4141737891737892,
      0.41501240694789077,
      0.3776556776556777,
      0.39780774780774786,
      0.41402326196140626,
      0.3753270538984825,
      0.37762892538173437,
      0.5477053140096618,
      0.5477053140096618,
      0.5416666666666666,
      0.5972222222222222,
      0.6666666666666666,
      0.6574074074074074,
      0.6555555555555556,
      0.6483333333333333,
      0.6736111111111112,
      0.8030303030303031,
      0.893939393939394,
      0.762987012987013,
      0.0,
      0.616164147534236,
      0.621225262889469,
      0.41234424804404524,
      0.4396428571428571,
      0.32582304526748973,
      0.3408492531608025,
      0.36175762439807385
    ],
    [
      0.3915486194477791,
      0.3320248099239696,
      0.38554621848739495,
      0.3260224089635854,
      0.39216717614880997,
      0.29808049535603715,
      0.3812051136243971,
      0.39305399579186506,
      0.42233388200641075,
      0.4158820482349894,
      0.38752076512987327,
      0.3610644257703081,
      0.36487172957761194,
      0.36916646119193114,
      0.3863391510450334,
      0.3911545603548247,
      0.4309868875086266,
      0.43219461697722567,
      0.42989417989417983,
      0.46620583717357905,
      0.4760097587422065,
      0.48091171952652023,
      0.48091171952652023,
      0.49627450980392157,
      0.5114906177524773,
      0.6079006382611696,
      0.5555580869281753,
      0.6208876512481826,
      0.616164147534236,
      0.0,
      0.8449197860962566,
      0.40294048653944337,
      0.3319407763105242,
      0.30707888093509006,
      0.3203858419511795,
      0.3267936388038361
    ],
    [
      0.3873469387755102,
      0.3278231292517007,
      0.39755102040816326,
      0.3380272108843538,
      0.4083736587418473,
      0.3020020639834881,
      0.39561087592931904,
      0.39905639675224924,
      0.4178089951285827,
      0.42234617234617233,
      0.37847099137421714,
      0.3564102564102564,
      0.3777999777999778,
      0.371105698425286,
      0.3772893772893772,
      0.3821047865991686,
      0.41908212560386476,
      0.43219461697722567,
      0.41798941798941797,
      0.4543010752688172,
      0.48472435569209765,
      0.49398361495135684,
      0.4912058371735791,
      0.5163492063492063,
      0.5217613927291346,
      0.6298003072196621,
      0.5719828386470447,
      0.6514453288646836,
      0.621225262889469,
      0.8449197860962566,
      0.0,
      0.3987388058671745,
      0.33374149659863944,
      0.3087595532039976,
      0.3340913241440567,
      0.33879844072460447
    ],
    [
      0.5603828750435086,
      0.4962803109409445,
      0.5739575356769927,
      0.5098549715744286,
      0.5842263854849571,
      0.44337313872917583,
      0.5588968069320533,
      0.5538981769459072,
      0.5780725393311109,
      0.5330149153678565,
      0.5033702734768272,
      0.5176205393399964,
      0.5668268885463456,
      0.5852369435543388,
      0.5600328888952031,
      0.5047028318674055,
      0.32581786030061893,
      0.32581786030061893,
      0.2976190476190476,
      0.3452696728558798,
      0.3653416069549632,
      0.36081672007713517,
      0.361106776928278,
      0.3862537057263224,
      0.38448535913038956,
      0.4357674104124409,
      0.36472520042499756,
      0.433935908580939,
      0.41234424804404524,
      0.40294048653944337,
      0.3987388058671745,
      0.0,
      0.4375357570083737,
      0.46226033516855025,
      0.42011289364230536,
      0.6183866805149025
    ],
    [
      0.45329670329670324,
      0.45329670329670324,
      0.4880952380952381,
      0.4880952380952381,
      0.49939503795173884,
      0.3692466460268317,
      0.4778121775025799,
      0.43323880420654615,
      0.44503606359276454,
      0.43620268620268615,
      0.5962424672102091,
      0.45018315018315014,
      0.4628704628704628,
      0.4523620709187719,
      0.46036106750392464,
      0.44524015310532167,
      0.4046153846153846,
      0.4046153846153846,
      0.380952380952381,
      0.5856410256410256,
      0.4884188034188034,
      0.4873504273504273,
      0.48393162393162387,
      0.49198717948717946,
      0.4622435897435897,
      0.4574358974358974,
      0.43071428571428566,
      0.5087179487179487,
      0.4396428571428571,
      0.3319407763105242,
      0.33374149659863944,
      0.4375357570083737,
      0.0,
      0.31645250692869736,
      0.3130124777183601,
      0.35311090728426203
    ],
    [
      0.3360832025117739,
      0.27655939298796445,
      0.3768995290423862,
      0.31737571951857674,
      0.35451962862861247,
      0.4034571723426213,
      0.3264666190362785,
      0.3380724498236019,
      0.34880534291432674,
      0.3164210128495843,
      0.3210656471025134,
      0.31815803244374674,
      0.3302277087991374,
      0.3360502408735104,
      0.3196157583912686,
      0.30459374761140406,
      0.21957671957671956,
      0.21957671957671956,
      0.20164609053497942,
      0.26278659611992944,
      0.27652285985619324,
      0.27652285985619324,
      0.27441124597987343,
      0.28924162257495595,
      0.2865961199294533,
      0.3342151675485009,
      0.2730452674897119,
      0.36142605190224236,
      0.32582304526748973,
      0.30707888093509006,
      0.3087595532039976,
      0.46226033516855025,
      0.31645250692869736,
      0.0,
      0.3781639928698752,
      0.5321887181839028
    ],
    [
      0.4028888888888889,
      0.3473333333333334,
      0.41400000000000003,
      0.3584444444444445,
      0.40395189003436427,
      0.4846628826969384,
      0.39755761953904367,
      0.40555555555555556,
      0.45661512027491413,
      0.4226791726791727,
      0.3511904761904762,
      0.3867346938775511,
      0.3811688311688312,
      0.41494845360824734,
      0.39091350826044696,
      0.37687265917602997,
      0.20619429590017824,
      0.20619429590017824,
      0.2051265716780916,
      0.22740641711229947,
      0.25518419489007726,
      0.25518419489007726,
      0.25518419489007726,
      0.2685680332739156,
      0.26073975044563275,
      0.33293544690603516,
      0.2932302055417549,
      0.33293544690603516,
      0.3408492531608025,
      0.3203858419511795,
      0.3340913241440567,
      0.42011289364230536,
      0.3130124777183601,
      0.3781639928698752,
      0.0,
      0.5374413810468007
    ],
    [
      0.4873443223443224,
      0.42782051282051287,
      0.5019701726844584,
      0.44244636316064895,
      0.46205958989464146,
      0.5344095532950022,
      0.43332029167942476,
      0.45452558194493686,
      0.5104231480916652,
      0.48475783475783474,
      0.47154037029967544,
      0.4647224570301493,
      0.5628798551875476,
      0.5527308403993575,
      0.530604194340458,
      0.49023336214347446,
      0.25481540930979135,
      0.25481540930979135,
      0.23333333333333334,
      0.24866238630283574,
      0.30818619582664525,
      0.30818619582664525,
      0.3058052434456929,
      0.298689138576779,
      0.29628143392188333,
      0.3703543647363872,
      0.3141385767790262,
      0.3758488702308927,
      0.36175762439807385,
      0.3267936388038361,
      0.33879844072460447,
      0.6183866805149025,
      0.35311090728426203,
      0.5321887181839028,
      0.5374413810468007,
      0.0
    ]
  ],
  "text_matrix": [
    [
      0.0,
      0.9358974358974359,
      0.9032967032967034,
      0.8391941391941392,
      0.7415384615384616,
      0.4648060762766645,
      0.6149162499007701,
      0.6861538461538461,
      0.7407692307692307,
      0.601994301994302,
      0.6241025641025642,
      0.5923076923076923,
      0.6156043956043955,
      0.6100000000000001,
      0.6071794871794872,
      0.47358974358974365,
      0.3243589743589744,
      0.3243589743589744,
      0.2976190476190476,
      0.33,
      0.3641880341880342,
      0.3641880341880342,
      0.36333333333333334,
      0.3628205128205128,
      0.36205128205128206,
      0.4133333333333334,
      0.36297619047619045,
      0.4179120879120879,
      0.41059523809523807,
      0.3915486194477791,
      0.3873469387755102,
      0.5603828750435086,
      0.45329670329670324,
      0.3360832025117739,
      0.4028888888888889,
      0.4873443223443224
    ],
    [
      0.9358974358974359,
      0.0,
      0.8391941391941392,
      0.9032967032967034,
      0.6774358974358974,
      0.405282266752855,
      0.550813685798206,
      0.622051282051282,
      0.6766666666666665,
      0.5378917378917379,
      0.6241025641025642,
      0.617948717948718,
      0.6258608058608057,
      0.6164102564102565,
      0.6071794871794872,
      0.47358974358974365,
      0.3243589743589744,
      0.3243589743589744,
      0.2976190476190476,
      0.33,
      0.3834188034188034,
      0.3812820512820513,
      0.37188034188034186,
      0.3628205128205128,
      0.36205128205128206,
      0.3492307692307693,
      0.36297619047619045,
      0.3538095238095238,
      0.3510714285714286,
      0.3320248099239696,
      0.3278231292517007,
      0.4962803109409445,
      0.45329670329670324,
      0.27655939298796445,
      0.3473333333333334,
      0.42782051282051287
    ],
    [
      0.9032967032967034,
      0.8391941391941392,
      0.0,
      0.9358974358974359,
      0.6909890109890111,
      0.4732094376212023,
      0.6393506390410416,
      0.6048351648351648,
      0.6748351648351648,
      0.5360602360602361,
      0.621904761904762,
      0.6153846153846154,
      0.6815384615384615,
      0.6283150183150182,
      0.6357509157509157,
      0.5021611721611722,
      0.31153846153846154,
      0.31153846153846154,
      0.2857142857142857,
      0.34282051282051285,
      0.3556410256410257,
      0.3556410256410257,
      0.35307692307692307,
      0.3756410256410256,
      0.3684615384615384,
      0.42615384615384616,
      0.3570238095238095,
      0.46186813186813186,
      0.39571428571428574,
      0.38554621848739495,
      0.39755102040816326,
      0.5739575356769927,
      0.4880952380952381,
      0.3768995290423862,
      0.41400000000000003,
      0.5019701726844584
    ],
    [
      0.8391941391941392,
      0.9032967032967034,
      0.9358974358974359,
      0.0,
      0.6268864468864469,
