{
  "stem": "Horizontal_Grid_Cells",
  "singular": "Grid Cell",
  "endpoint": "horizontal_grid_cell",
  "count": 20,
  "method": "field-level | link: text (links uninformative) | order: UPGMA leaf traversal",
  "entries": [
    {
      "id": "g120",
      "label": "g120",
      "spectral_rank": 0
    },
    {
      "id": "g107",
      "label": "g107",
      "spectral_rank": 1
    },
    {
      "id": "g103",
      "label": "g103",
      "spectral_rank": 2
    },
    {
      "id": "g104",
      "label": "g104",
      "spectral_rank": 3
    },
    {
      "id": "g119",
      "label": "g119",
      "spectral_rank": 4
    },
    {
      "id": "g118",
      "label": "g118",
      "spectral_rank": 5
    },
    {
      "id": "g116",
      "label": "g116",
      "spectral_rank": 6
    },
    {
      "id": "g101",
      "label": "g101",
      "spectral_rank": 7
    },
    {
      "id": "g112",
      "label": "g112",
      "spectral_rank": 8
    },
    {
      "id": "g117",
      "label": "g117",
      "spectral_rank": 9
    },
    {
      "id": "g114",
      "label": "g114",
      "spectral_rank": 10
    },
    {
      "id": "g105",
      "label": "g105",
      "spectral_rank": 11
    },
    {
      "id": "g111",
      "label": "g111",
      "spectral_rank": 12
    },
    {
      "id": "g115",
      "label": "g115",
      "spectral_rank": 13
    },
    {
      "id": "g109",
      "label": "g109",
      "spectral_rank": 14
    },
    {
      "id": "g108",
      "label": "g108",
      "spectral_rank": 15
    },
    {
      "id": "g110",
      "label": "g110",
      "spectral_rank": 16
    },
    {
      "id": "g106",
      "label": "g106",
      "spectral_rank": 17
    },
    {
      "id": "g100",
      "label": "g100",
      "spectral_rank": 18
    },
    {
      "id": "g113",
      "label": "g113",
      "spectral_rank": 19
    }
  ],
  "link_matrix": [
    [
      0.0,
      0.22740641711229947,
      0.20619429590017824,
      0.20619429590017824,
      0.37740641711229944,
      0.27368152517230454,
      0.318125969616749,
      0.4846628826969384,
      0.3130124777183601,
      0.39450056116722787,
      0.42011289364230536,
      0.39755761953904367,
      0.4261741122565865,
      0.4028888888888889,
      0.3473333333333334,
      0.41400000000000003,
      0.3584444444444445,
      0.3277777777777778,
      0.36485260770975053,
      0.3557575757575758
    ],
    [
      0.22740641711229947,
      0.0,
      0.874223602484472,
      0.874223602484472,
      0.7444444444444444,
      0.7261904761904762,
      0.7261904761904762,
      0.3067669172932331,
      0.6152380952380953,
      0.4470899470899471,
      0.4634646962233169,
      0.4536340852130326,
      0.44992636229749633,
      0.4492857142857143,
      0.4492857142857143,
      0.46119047619047615,
      0.46119047619047615,
      0.4508448540706605,
      0.44970845481049565,
      0.46990311276025565
    ],
    [
      0.20619429590017824,
      0.874223602484472,
      0.0,
      0.9860248447204969,
      0.7048309178743961,
      0.6837474120082815,
      0.6837474120082815,
      0.31328320802005016,
      0.5185714285714286,
      0.4305555555555555,
      0.44540229885057464,
      0.43045112781954886,
      0.4560628375061365,
      0.44404761904761897,
      0.44404761904761897,
      0.4321428571428571,
      0.4321428571428571,
      0.4443164362519201,
      0.4322157434402332,
      0.45258709544423825
    ],
    [
      0.20619429590017824,
      0.874223602484472,
      0.9860248447204969,
      0.0,
      0.7048309178743961,
      0.6837474120082815,
      0.6837474120082815,
      0.31328320802005016,
      0.5185714285714286,
      0.4305555555555555,
      0.44540229885057464,
      0.43045112781954886,
      0.4560628375061365,
      0.44404761904761897,
      0.44404761904761897,
      0.4321428571428571,
      0.4321428571428571,
      0.4443164362519201,
      0.4322157434402332,
      0.45258709544423825
    ],
    [
      0.37740641711229944,
      0.7444444444444444,
      0.7048309178743961,
      0.7048309178743961,
      0.0,
      0.7388888888888889,
      0.788888888888889,
      0.3758582731338149,
      0.5297777777777778,
      0.4895061728395062,
      0.5109984223574487,
      0.4796009631922944,
      0.5032646048109966,
      0.4915555555555556,
      0.43600000000000005,
      0.5026666666666667,
      0.4471111111111111,
      0.4541218637992831,
      0.464172335600907,
      0.47254449254449254
    ],
    [
      0.27368152517230454,
      0.7261904761904762,
      0.6837474120082815,
      0.6837474120082815,
      0.7388888888888889,
      0.0,
      0.9166666666666667,
      0.2675512310187233,
      0.5021428571428571,
      0.4083994708994709,
      0.436153771853569,
      0.3906088751289989,
      0.42314064801178203,
      0.43440476190476185,
      0.43440476190476185,
      0.4284523809523809,
      0.4284523809523809,
      0.504416282642089,
      0.4675655976676385,
      0.4729643372500516
    ],
    [
      0.318125969616749,
      0.7261904761904762,
      0.6837474120082815,
      0.6837474120082815,
      0.788888888888889,
      0.9166666666666667,
      0.0,
      0.3151702786377709,
      0.5110714285714285,
      0.45601851851851855,
      0.48377281947261663,
      0.4382279227480465,
      0.47075969563082964,
      0.4820238095238095,
      0.4225,
      0.46714285714285714,
      0.40761904761904766,
      0.4567972350230414,
      0.4199465500485909,
      0.44082148010719446
    ],
    [
      0.4846628826969384,
      0.3067669172932331,
      0.31328320802005016,
      0.31328320802005016,
      0.3758582731338149,
      0.2675512310187233,
      0.3151702786377709,
      0.0,
      0.4406752174554031,
      0.5087110601816484,
      0.5148017101577472,
      0.648110661268556,
      0.5718973870277689,
      0.5362346477052359,
      0.4767108381814264,
      0.5446380090497738,
      0.4851141995259643,
      0.48302146769639026,
      0.4784232374268388,
      0.44558317499493966
    ],
    [
      0.3130124777183601,
      0.6152380952380953,
      0.5185714285714286,
      0.5185714285714286,
      0.5297777777777778,
      0.5021428571428571,
      0.5110714285714285,
      0.4406752174554031,
      0.0,
      0.5479024943310657,
      0.5491403457934898,
      0.5865398791095385,
      0.5561049161932814,
      0.5637755102040816,
      0.5637755102040816,
      0.5960884353741497,
      0.5960884353741497,
      0.6965108624094799,
      0.5703352769679301,
      0.5726654298082868
    ],
    [
      0.39450056116722787,
      0.4470899470899471,
      0.4305555555555555,
      0.4305555555555555,
      0.4895061728395062,
      0.4083994708994709,
      0.45601851851851855,
      0.5087110601816484,
      0.5479024943310657,
      0.0,
      0.6377995642701526,
      0.6257555653840484,
      0.6911375661375662,
      0.7018518518518518,
      0.6423280423280423,
      0.6406273620559334,
      0.581103552532124,
      0.5744708994708995,
      0.665079365079365,
      0.6236961451247166
    ],
    [
      0.42011289364230536,
      0.4634646962233169,
      0.44540229885057464,
      0.44540229885057464,
      0.5109984223574487,
      0.436153771853569,
      0.48377281947261663,
      0.5148017101577472,
      0.5491403457934898,
      0.6377995642701526,
      0.0,
      0.6618327492940497,
      0.679638786521746,
      0.6632126696832579,
      0.6036888601594483,
      0.6758177117000645,
      0.616293902176255,
      0.6102723967999111,
      0.6628876825455458,
      0.6691963965073209
    ],
    [
      0.39755761953904367,
      0.4536340852130326,
      0.43045112781954886,
      0.43045112781954886,
      0.4796009631922944,
      0.3906088751289989,
      0.4382279227480465,
      0.648110661268556,
      0.5865398791095385,
      0.6257555653840484,
      0.6618327492940497,
      0.0,
      0.7216202270381837,
      0.7138508034792865,
      0.654326993955477,
      0.7365398791095386,
      0.677016069585729,
      0.6573418841220701,
      0.6692466460268319,
      0.6563214759588044
    ],
    [
      0.4261741122565865,
      0.44992636229749633,
      0.4560628375061365,
      0.4560628375061365,
      0.5032646048109966,
      0.42314064801178203,
      0.47075969563082964,
      0.5718973870277689,
      0.5561049161932814,
      0.6911375661375662,
      0.679638786521746,
      0.7216202270381837,
      0.0,
      0.8307142857142856,
      0.7711904761904761,
      0.7694897959183674,
      0.7099659863945578,
      0.687825233186058,
      0.7172254616132169,
      0.692341785198928
    ],
    [
      0.4028888888888889,
      0.4492857142857143,
      0.44404761904761897,
      0.44404761904761897,
      0.4915555555555556,
      0.43440476190476185,
      0.4820238095238095,
      0.5362346477052359,
      0.5637755102040816,
      0.7018518518518518,
      0.6632126696832579,
      0.7138508034792865,
      0.8307142857142856,
      0.0,
      0.9404761904761905,
      0.9102040816326531,
      0.8506802721088436,
      0.7223809523809523,
      0.7066666666666668,
      0.7144897959183673
    ],
    [
      0.3473333333333334,
      0.4492857142857143,
      0.44404761904761897,
      0.44404761904761897,
      0.43600000000000005,
      0.43440476190476185,
      0.4225,
      0.4767108381814264,
      0.5637755102040816,
      0.6423280423280423,
      0.6036888601594483,
      0.654326993955477,
      0.7711904761904761,
      0.9404761904761905,
      0.0,
      0.8506802721088436,
      0.9102040816326531,
      0.7223809523809523,
      0.7066666666666668,
      0.7240136054421769
    ],
    [
      0.41400000000000003,
      0.46119047619047615,
      0.4321428571428571,
      0.4321428571428571,
      0.5026666666666667,
      0.4284523809523809,
      0.46714285714285714,
      0.5446380090497738,
      0.5960884353741497,
      0.6406273620559334,
      0.6758177117000645,
      0.7365398791095386,
      0.7694897959183674,
      0.9102040816326531,
      0.8506802721088436,
      0.0,
      0.9404761904761905,
      0.7203401360544218,
      0.7331972789115646,
      0.7757142857142856
    ],
    [
      0.3584444444444445,
      0.46119047619047615,
      0.4321428571428571,
      0.4321428571428571,
      0.4471111111111111,
      0.4284523809523809,
      0.40761904761904766,
      0.4851141995259643,
      0.5960884353741497,
      0.581103552532124,
      0.616293902176255,
      0.677016069585729,
      0.7099659863945578,
      0.8506802721088436,
      0.9102040816326531,
      0.9404761904761905,
      0.0,
      0.7203401360544218,
      0.7331972789115646,
      0.7852380952380952
    ],
    [
      0.3277777777777778,
      0.4508448540706605,
      0.4443164362519201,
      0.4443164362519201,
      0.4541218637992831,
      0.504416282642089,
      0.4567972350230414,
      0.48302146769639026,
      0.6965108624094799,
      0.5744708994708995,
      0.6102723967999111,
      0.6573418841220701,
      0.687825233186058,
      0.7223809523809523,
      0.7223809523809523,
      0.7203401360544218,
      0.7203401360544218,
      0.0,
      0.7838921282798834,
      0.6905998763141621
    ],
    [
      0.36485260770975053,
      0.44970845481049565,
      0.4322157434402332,
      0.4322157434402332,
      0.464172335600907,
      0.4675655976676385,
      0.4199465500485909,
      0.4784232374268388,
      0.5703352769679301,
      0.665079365079365,
      0.6628876825455458,
      0.6692466460268319,
      0.7172254616132169,
      0.7066666666666668,
      0.7066666666666668,
      0.7331972789115646,
      0.7331972789115646,
      0.7838921282798834,
      0.0,
      0.7863790970933827
    ],
    [
      0.3557575757575758,
      0.46990311276025565,
      0.45258709544423825,
      0.45258709544423825,
      0.47254449254449254,
      0.4729643372500516,
      0.44082148010719446,
      0.44558317499493966,
      0.5726654298082868,
      0.6236961451247166,
      0.6691963965073209,
      0.6563214759588044,
      0.692341785198928,
      0.7144897959183673,
      0.7240136054421769,
      0.7757142857142856,
      0.7852380952380952,
      0.6905998763141621,
      0.7863790970933827,
      0.0
    ]
  ],
  "text_matrix": [
    [
      0.0,
      0.22740641711229947,
      0.20619429590017824,
      0.20619429590017824,
      0.37740641711229944,
      0.27368152517230454,
      0.318125969616749,
      0.4846628826969384,
      0.3130124777183601,
      0.39450056116722787,
      0.42011289364230536,
      0.39755761953904367,
      0.4261741122565865,
      0.4028888888888889,
      0.3473333333333334,
      0.41400000000000003,
      0.3584444444444445,
      0.3277777777777778,
      0.36485260770975053,
      0.3557575757575758
    ],
    [
      0.22740641711229947,
      0.0,
      0.874223602484472,
      0.874223602484472,
      0.7444444444444444,
      0.7261904761904762,
      0.7261904761904762,
      0.3067669172932331,
      0.6152380952380953,
      0.4470899470899471,
      0.4634646962233169,
      0.4536340852130326,
      0.44992636229749633,
      0.4492857142857143,
      0.4492857142857143,
      0.46119047619047615,
      0.46119047619047615,
      0.4508448540706605,
      0.44970845481049565,
      0.46990311276025565
    ],
    [
      0.20619429590017824,
      0.874223602484472,
      0.0,
      0.9860248447204969,
      0.7048309178743961,
      0.6837474120082815,
      0.6837474120082815,
      0.31328320802005016,
      0.5185714285714286,
      0.4305555555555555,
      0.44540229885057464,
      0.43045112781954886,
      0.4560628375061365,
      0.44404761904761897,
      0.44404761904761897,
      0.4321428571428571,
      0.4321428571428571,
      0.4443164362519201,
      0.4322157434402332,
      0.45258709544423825
    ],
    [
      0.20619429590017824,
      0.874223602484472,
      0.9860248447204969,
      0.0,
      0.7048309178743961,
      0.6837474120082815,
      0.6837474120082815,
      0.31328320802005016,
      0.5185714285714286,
      0.4305555555555555,
      0.44540229885057464,
      0.43045112781954886,
      0.4560628375061365,
      0.44404761904761897,
      0.44404761904761897,
      0.4321428571428571,
      0.4321428571428571,
      0.4443164362519201,
      0.4322157434402332,
      0.45258709544423825
    ],
    [
      0.37740641711229944,
      0.7444444444444444,
      0.7048309178743961,
      0.7048309178743961,
      0.0,
      0.7388888888888889,
      0.788888888888889,
      0.3758582731338149,
      0.5297777777777778,
      0.4895061728395062,
      0.5109984223574487,
      0.4796009631922944,
      0.5032646048109966,
      0.4915555555555556,
      0.43600000000000005,
      0.5026666666666667,
      0.4471111111111111,
      0.4541218637992831,
      0.464172335600907,
      0.47254449254449254
    ],
    [
      0.27368152517230454,
      0.7261904761904762,
      0.6837474120082815,
      0.6837474120082815,
      0.7388888888888889,
      0.0,
      0.9166666666666667,
      0.2675512310187233,
      0.5021428571428571,
      0.4083994708994709,
      0.436153771853569,
      0.3906088751289989,
      0.42314064801178203,
      0.43440476190476185,
      0.43440476190476185,
      0.4284523809523809,
      0.4284523809523809,
      0.504416282642089,
      0.4675655976676385,
      0.4729643372500516
    ],
    [
      0.318125969616749,
      0.7261904761904762,
      0.6837474120082815,
      0.6837474120082815,
      0.788888888888889,
      0.9166666666666667,
      0.0,
      0.3151702786377709,
      0.5110714285714285,
      0.45601851851851855,
      0.48377281947261663,
      0.4382279227480465,
      0.47075969563082964,
      0.4820238095238095,
      0.4225,
      0.46714285714285714,
      0.40761904761904766,
      0.4567972350230414,
      0.4199465500485909,
      0.44082148010719446
    ],
    [
      0.4846628826969384,
      0.3067669172932331,
      0.31328320802005016,
      0.31328320802005016,
      0.3758582731338149,
      0.2675512310187233,
      0.3151702786377709,
      0.0,
      0.4406752174554031,
      0.5087110601816484,
      0.5148017101577472,
      0.648110661268556,
      0.5718973870277689,
      0.5362346477052359,
      0.4767108381814264,
      0.5446380090497738,
      0.4851141995259643,
      0.48302146769639026,
      0.4784232374268388,
      0.44558317499493966
    ],
    [
      0.3130124777183601,
      0.6152380952380953,
      0.5185714285714286,
      0.5185714285714286,
      0.5297777777777778,
      0.5021428571428571,
      0.5110714285714285,
      0.4406752174554031,
      0.0,
      0.5479024943310657,
      0.5491403457934898,
      0.5865398791095385,
      0.5561049161932814,
      0.5637755102040816,
      0.5637755102040816,
      0.5960884353741497,
      0.5960884353741497,
      0.6965108624094799,
      0.5703352769679301,
      0.5726654298082868
    ],
    [
      0.39450056116722787,
      0.4470899470899471,
      0.4305555555555555,
      0.4305555555555555,
      0.4895061728395062,
      0.4083994708994709,
      0.45601851851851855,
      0.5087110601816484,
      0.5479024943310657,
      0.0,
      0.6377995642701526,
      0.6257555653840484,
      0.6911375661375662,
      0.7018518518518518,
      0.6423280423280423,
      0.6406273620559334,
      0.581103552532124,
      0.5744708994708995,
      0.665079365079365,
      0.6236961451247166
    ],
    [
      0.42011289364230536,
      0.4634646962233169,
      0.44540229885057464,
      0.44540229885057464,
      0.5109984223574487,
      0.436153771853569,
      0.48377281947261663,
      0.5148017101577472,
      0.5491403457934898,
      0.6377995642701526,
      0.0,
      0.6618327492940497,
      0.679638786521746,
      0.6632126696832579,
      0.6036888601594483,
      0.6758177117000645,
      0.616293902176255,
      0.6102723967999111,
      0.6628876825455458,
      0.6691963965073209
    ],
    [
      0.39755761953904367,
      0.4536340852130326,
      0.43045112781954886,
      0.43045112781954886,
      0.4796009631922944,
      0.3906088751289989,
      0.4382279227480465,
      0.648110661268556,
      0.5865398791095385,
      0.6257555653840484,
      0.6618327492940497,
      0.0,
      0.7216202270381837,
      0.7138508034792865,
      0.654326993955477,
      0.7365398791095386,
      0.677016069585729,
      0.6573418841220701,
      0.6692466460268319,
      0.6563214759588044
    ],
    [
      0.4261741122565865,
      0.44992636229749633,
      0.4560628375061365,
      0.4560628375061365,
      0.5032646048109966,
      0.42314064801178203,
      0.47075969563082964,
      0.5718973870277689,
      0.5561049161932814,
      0.6911375661375662,
      0.679638786521746,
      0.7216202270381837,
      0.0,
      0.8307142857142856,
      0.7711904761904761,
      0.7694897959183674,
      0.7099659863945578,
      0.687825233186058,
      0.7172254616132169,
      0.692341785198928
    ],
    [
      0.4028888888888889,
      0.4492857142857143,
      0.44404761904761897,
      0.44404761904761897,
      0.4915555555555556,
      0.43440476190476185,
      0.4820238095238095,
      0.5362346477052359,
      0.5637755102040816,
      0.7018518518518518,
      0.6632126696832579,
      0.7138508034792865,
      0.8307142857142856,
      0.0,
      0.9404761904761905,
      0.9102040816326531,
      0.8506802721088436,
      0.7223809523809523,
      0.7066666666666668,
      0.7144897959183673
    ],
    [
      0.3473333333333334,
      0.4492857142857143,
      0.44404761904761897,
      0.44404761904761897,
      0.43600000000000005,
      0.43440476190476185,
      0.4225,
      0.4767108381814264,
      0.5637755102040816,
      0.6423280423280423,
      0.6036888601594483,
      0.654326993955477,
      0.7711904761904761,
      0.9404761904761905,
      0.0,
      0.8506802721088436,
      0.9102040816326531,
      0.7223809523809523,
      0.7066666666666668,
      0.7240136054421769
    ],
    [
      0.41400000000000003,
      0.46119047619047615,
      0.4321428571428571,
      0.4321428571428571,
      0.5026666666666667,
      0.4284523809523809,
      0.46714285714285714,
      0.5446380090497738,
      0.5960884353741497,
      0.6406273620559334,
      0.6758177117000645,
      0.7365398791095386,
      0.7694897959183674,
      0.9102040816326531,
      0.8506802721088436,
      0.0,
      0.9404761904761905,
      0.7203401360544218,
      0.7331972789115646,
      0.7757142857142856
    ],
    [
      0.3584444444444445,
      0.46119047619047615,
      0.4321428571428571,
      0.4321428571428571,
      0.4471111111111111,
      0.4284523809523809,
      0.40761904761904766,
      0.4851141995259643,
      0.5960884353741497,
      0.581103552532124,
      0.616293902176255,
      0.677016069585729,
      0.7099659863945578,
      0.8506802721088436,
      0.9102040816326531,
      0.9404761904761905,
      0.0,
      0.7203401360544218,
      0.7331972789115646,
      0.7852380952380952
    ],
    [
      0.3277777777777778,
      0.4508448540706605,
      0.4443164362519201,
      0.4443164362519201,
      0.4541218637992831,
      0.504416282642089,
      0.4567972350230414,
      0.48302146769639026,
      0.6965108624094799,
      0.5744708994708995,
      0.6102723967999111,
      0.6573418841220701,
      0.687825233186058,
      0.7223809523809523,
      0.7223809523809523,
      0.7203401360544218,
      0.7203401360544218,
      0.0,
      0.7838921282798834,
      0.6905998763141621
    ],
    [
      0.36485260770975053,
      0.44970845481049565,
      0.4322157434402332,
      0.4322157434402332,
      0.464172335600907,
      0.4675655976676385,
      0.4199465500485909,
      0.4784232374268388,
      0.5703352769679301,
      0.665079365079365,
      0.6628876825455458,
      0.6692466460268319,
      0.7172254616132169,
      0.7066666666666668,
      0.7066666666666668,
      0.7331972789115646,
      0.7331972789115646,
      0.7838921282798834,
      0.0,
      0.7863790970933827
    ],
    [
      0.3557575757575758,
      0.46990311276025565,
      0.45258709544423825,
      0.45258709544423825,
      0.47254449254449254,
      0.4729643372500516,
      0.44082148010719446,
      0.44558317499493966,
      0.5726654298082868,
      0.6236961451247166,
      0.6691963965073209,
      0.6563214759588044,
      0.692341785198928,
      0.7144897959183673,
      0.7240136054421769,
      0.7757142857142856,
      0.7852380952380952,
      0.6905998763141621,
      0.7863790970933827,
      0.0
    ]
  ],
  "dendrogram": {
    "name": "",
    "leaf": false,
    "children": [
      {
        "name": "g120",
        "leaf": true,
        "spectral_index": 0,
        "value": 0.0
      },
      {
        "name": "",
        "leaf": false,
        "children": [
          {
            "name": "",
            "leaf": false,
            "children": [
              {
                "name": "",
                "leaf": false,
                "children": [
                  {
                    "name": "g107",
                    "leaf": true,
                    "spectral_index": 1,
                    "value": 0.0
                  },
                  {
                    "name": "",
                    "leaf": false,
                    "children": [
                      {
                        "name": "g103",
                        "leaf": true,
                        "spectral_index": 2,
                        "value": 0.0
                      },
                      {
                        "name": "g104",
                        "leaf": true,
                        "spectral_index": 3,
                        "value": 0.0
                      }
                    ],
                    "value": 0.013975155279503104
                  }
                ],
                "value": 0.12577639751552805
              },
              {
                "name": "",
                "leaf": false,
                "children": [
                  {
                    "name": "g119",
                    "leaf": true,
                    "spectral_index": 4,
                    "value": 0.0
                  },
                  {
                    "name": "",
                    "leaf": false,
                    "children": [
                      {
                        "name": "g118",
                        "leaf": true,
                        "spectral_index": 5,
                        "value": 0.0
                      },
                      {
                        "name": "g116",
                        "leaf": true,
                        "spectral_index": 6,
                        "value": 0.0
                      }
                    ],
                    "value": 0.08333333333333326
                  }
                ],
                "value": 0.23611111111111105
              }
            ],
            "value": 0.29539145771029834
          },
          {
            "name": "",
            "leaf": false,
            "children": [
              {
                "name": "g101",
                "leaf": true,
                "spectral_index": 7,
                "value": 0.0
              },
              {
                "name": "",
                "leaf": false,
                "children": [
                  {
                    "name": "g112",
                    "leaf": true,
                    "spectral_index": 8,
                    "value": 0.0
                  },
                  {
                    "name": "",
                    "leaf": false,
                    "children": [
                      {
                        "name": "g117",
                        "leaf": true,
                        "spectral_index": 9,
                        "value": 0.0
                      },
                      {
                        "name": "",
                        "leaf": false,
                        "children": [
                          {
                            "name": "g114",
                            "leaf": true,
                            "spectral_index": 10,
                            "value": 0.0
                          },
                          {
                            "name": "",
                            "leaf": false,
                            "children": [
                              {
                                "name": "g105",
                                "leaf": true,
                                "spectral_index": 11,
                                "value": 0.0
                              },
                              {
                                "name": "",
                                "leaf": false,
                                "children": [
                                  {
                                    "name": "",
                                    "leaf": false,
                                    "children": [
                                      {
                                        "name": "g111",
                                        "leaf": true,
                                        "spectral_index": 12,
                                        "value": 0.0
                                      },
                                      {
                                        "name": "",
                                        "leaf": false,
                                        "children": [
                                          {
                                            "name": "",
                                            "leaf": false,
                                            "children": [
                                              {
                                                "name": "g115",
                                                "leaf": true,
                                                "spectral_index": 13,
                                                "value": 0.0
                                              },
                                              {
                                                "name": "g109",
                                                "leaf": true,
                                                "spectral_index": 14,
                                                "value": 0.0
                                              }
                                            ],
                                            "value": 0.059523809523809534
                                          },
                                          {
                                            "name": "",
                                            "leaf": false,
                                            "children": [
                                              {
                                                "name": "g108",
                                                "leaf": true,
                                                "spectral_index": 15,
                                                "value": 0.0
                                              },
                                              {
                                                "name": "g110",
                                                "leaf": true,
                                                "spectral_index": 16,
                                                "value": 0.0
                                              }
                                            ],
                                            "value": 0.059523809523809534
                                          }
                                        ],
                                        "value": 0.11955782312925167
                                      }
                                    ],
                                    "value": 0.22965986394557827
                                  },
                                  {
                                    "name": "",
                                    "leaf": false,
                                    "children": [
                                      {
                                        "name": "g106",
                                        "leaf": true,
                                        "spectral_index": 17,
                                        "value": 0.0
                                      },
                                      {
                                        "name": "",
                                        "leaf": false,
                                        "children": [
                                          {
                                            "name": "g100",
                                            "leaf": true,
                                            "spectral_index": 18,
                                            "value": 0.0
                                          },
                                          {
                                            "name": "g113",
                                            "leaf": true,
                                            "spectral_index": 19,
                                            "value": 0.0
                                          }
                                        ],
                                        "value": 0.21362090290661728
                                      }
                                    ],
                                    "value": 0.26275399770297725
                                  }
                                ],
                                "value": 0.2758654446441107
                              }
                            ],
                            "value": 0.3142170025905099
                          }
                        ],
                        "value": 0.3507954271791556
                      }
                    ],
                    "value": 0.36161500857653006
                  }
                ],
                "value": 0.41827935493004226
              }
            ],
            "value": 0.488839865777359
          }
        ],
        "value": 0.5537578267513684
      }
    ],
    "value": 0.651785047592303
  },
  "schema": {
    "name": "record",
    "children": [
      {
        "name": "alias",
        "type": "scalar"
      },
      {
        "name": "description",
        "type": "scalar"
      },
      {
        "name": "grid_mapping",
        "type": "scalar"
      },
      {
        "name": "grid_type",
        "type": "scalar"
      },
      {
        "name": "n_cells",
        "type": "scalar"
      },
      {
        "name": "region",
        "type": "scalar"
      },
      {
        "name": "southernmost_latitude",
        "type": "scalar"
      },
      {
        "name": "temporal_refinement",
        "type": "scalar"
      },
      {
        "name": "truncation_method",
        "type": "scalar"
      },
      {
        "name": "truncation_number",
        "type": "scalar"
      },
      {
        "name": "ui_label",
        "type": "scalar"
      },
      {
        "name": "units",
        "type": "scalar"
      },
      {
        "name": "validation_key",
        "type": "scalar"
      },
      {
        "name": "westernmost_longitude",
        "type": "scalar"
      },
      {
        "name": "x_resolution",
        "type": "scalar"
      },
      {
        "name": "y_resolution",
        "type": "scalar"
      }
    ]
  }
}