# Horizontal Grid Cells

**Stage 1.** Grid cells define the fundamental 2D horizontal geometry — the shape, resolution, and extent of a single tile. A regular 1° atmosphere grid and a tripolar ocean grid are each their own record. Every grid cell is assigned a `g###` ID used in Stage 2.

---

!!! info "Generated files"
    This page is auto-generated during the build from live registry data. Three files are produced for each record type:

    - **`Horizontal_Grid_Cells.md`** — this page, embedded in the MkDocs site layout
    - **`Horizontal_Grid_Cells_data.json`** — processed similarity matrices, dendrogram tree, and key schema
    - **`Horizontal_Grid_Cells_raw.json`** — raw JSON-LD records as fetched from the cmipld registry (depth 2)

---

<link href="https://fonts.googleapis.com/css2?family=Source+Code+Pro:wght@400;600;700&family=Pacifico&display=swap" rel="stylesheet">

<style>
.emd-viz { font-family: 'Source Code Pro', monospace; width: 100%; }
.emd-section { margin-bottom: 2.5rem; }
.emd-section-label {
  font-size: 11px; font-weight: 700; color: #0d1035;
  text-transform: uppercase; letter-spacing: 0.09em;
  margin-bottom: 12px; display: block;
}
.emd-selector-row { display: flex; gap: 10px; align-items: center; flex-wrap: wrap; }
#emd-entry-select {
  flex: 1; min-width: 240px; padding: 8px 12px;
  border: 1.5px solid #ccc; border-radius: 6px;
  font-family: 'Source Code Pro', monospace; font-size: 12px;
  color: #0d1035; background: #fff; cursor: pointer;
}
#emd-entry-select:focus { outline: none; border-color: #0d1035; }
#emd-go-btn {
  padding: 8px 18px; border: 1.5px solid #0d1035; border-radius: 6px;
  background: #0d1035; color: #fff;
  font-family: 'Source Code Pro', monospace; font-size: 12px;
  font-weight: 600; cursor: pointer; transition: background .15s;
}
#emd-go-btn:hover { background: #1a2080; }
.emd-stats {
  margin-top: 10px; font-size: 11px; color: #888;
  display: flex; gap: 20px; flex-wrap: wrap;
}
.emd-stats b { color: #0d1035; }
.emd-filter-bar { display: flex; flex-wrap: wrap; gap: 6px; margin-bottom: 10px; }
.emd-fbtn {
  padding: 4px 11px; border-radius: 20px; border: 1.5px solid #ccc;
  background: #fff; cursor: pointer; font-family: 'Source Code Pro', monospace;
  font-size: 11px; color: #555; transition: all .15s;
}
.emd-fbtn:hover  { border-color: #0d1035; color: #0d1035; }
.emd-fbtn.active { background: #0d1035; border-color: #0d1035; color: #fff; font-weight: 600; }
.emd-tip {
  position: fixed; background: #0d1035; color: #fff;
  padding: 10px 14px; border-radius: 8px; font-size: 12px;
  font-family: 'Source Code Pro', monospace; pointer-events: none;
  opacity: 0; transition: opacity .12s; line-height: 1.9;
  box-shadow: 0 6px 24px rgba(0,0,0,.25); max-width: 280px; z-index: 999;
}
.emd-tip-link { color: #e8607e; font-weight: 600; }
.emd-tip-text { color: #f5c842; font-weight: 600; }
.emd-tip-head { font-weight: 700; font-size: 13px;
  border-bottom: 1px solid rgba(255,255,255,.2); padding-bottom: 5px; margin-bottom: 5px; }
/* ── font toggle ── */
.emd-font-btn {
  padding: 5px 12px; border-radius: 20px; border: 1.5px solid #ccc;
  background: #fff; font-size: 11px; cursor: pointer;
  font-family: 'Source Code Pro', monospace; color: #888;
  transition: all .2s; white-space: nowrap;
}
.emd-font-btn:hover { border-color: #a060c0; color: #602080; }
.emd-font-btn.active { background: #f3e8ff; border-color: #a060c0;
  color: #602080; font-family: 'Pacifico', cursive; }
.emd-viz.pretty svg text { font-family: 'Pacifico', cursive !important; }
.emd-viz.pretty #emd-entry-select,
.emd-viz.pretty .emd-stats,
.emd-viz.pretty .emd-section-label { font-family: 'Pacifico', cursive !important; }
</style>

<div class="emd-viz">

<div class="emd-section">
<span class="emd-section-label">View a specific Grid Cell</span>
<div class="emd-selector-row">
  <select id="emd-entry-select">
    <option value="">Select an entry…</option>
    <option value="../Horizontal_Grid_Cells/g118/">g118</option>
    <option value="../Horizontal_Grid_Cells/g116/">g116</option>
    <option value="../Horizontal_Grid_Cells/g102/">g102</option>
    <option value="../Horizontal_Grid_Cells/g107/">g107</option>
    <option value="../Horizontal_Grid_Cells/g103/">g103</option>
    <option value="../Horizontal_Grid_Cells/g104/">g104</option>
    <option value="../Horizontal_Grid_Cells/g101/">g101</option>
    <option value="../Horizontal_Grid_Cells/g117/">g117</option>
    <option value="../Horizontal_Grid_Cells/g114/">g114</option>
    <option value="../Horizontal_Grid_Cells/g112/">g112</option>
    <option value="../Horizontal_Grid_Cells/g105/">g105</option>
    <option value="../Horizontal_Grid_Cells/g111/">g111</option>
    <option value="../Horizontal_Grid_Cells/g115/">g115</option>
    <option value="../Horizontal_Grid_Cells/g109/">g109</option>
    <option value="../Horizontal_Grid_Cells/g108/">g108</option>
    <option value="../Horizontal_Grid_Cells/g110/">g110</option>
    <option value="../Horizontal_Grid_Cells/g106/">g106</option>
    <option value="../Horizontal_Grid_Cells/g100/">g100</option>
    <option value="../Horizontal_Grid_Cells/g113/">g113</option>
  </select>
  <button id="emd-go-btn" onclick="emdGotoEntry()">Open →</button>
  <button class="emd-font-btn" id="emd-font-toggle" onclick="emdToggleFont()">✨ Pretty font</button>
</div>
<div class="emd-stats">
  <span><b>19</b> registered entries</span>
  <span>Endpoint: <b>horizontal_grid_cell</b></span>
</div>
</div>

<div class="emd-section">
<span class="emd-section-label">Similarity &amp; Hierarchical Clustering</span>
<div class="emd-filter-bar" id="emd-filter-bar"></div>
<div id="emd-combined-chart" style="overflow-x:auto; display:flex; justify-content:center;"></div>
<div class="emd-tip" id="emd-tip"></div>
</div>

<div class="emd-section">
<span class="emd-section-label">Record Key Schema</span>
<div id="emd-key-graph"></div>
</div>

</div>

<script src="https://d3js.org/d3.v7.min.js"></script>
<script>
(function () {
'use strict';

/* ── injected data ─────────────────────────────────────────────────────── */
var EMD_DATA    = {"ids":["g118","g116","g102","g107","g103","g104","g101","g117","g114","g112","g105","g111","g115","g109","g108","g110","g106","g100","g113"],"link":[[0.0,0.9166666666666667,0.5695035460992908,0.611111111111111,0.5714975845410628,0.5714975845410628,0.24971448228414175,0.4083994708994709,0.436153771853569,0.4686666666666666,0.3645682834537323,0.3949312714776632,0.4054444444444444,0.4054444444444444,0.39988888888888885,0.39988888888888885,0.4707885304659498,0.43639455782312925,0.4414333814333815],[0.9166666666666667,0.0,0.5695035460992908,0.611111111111111,0.5714975845410628,0.5714975845410628,0.2941589267285862,0.45601851851851855,0.48377281947261663,0.477,0.4090127278981768,0.43937571592210767,0.4498888888888889,0.3943333333333333,0.436,0.3804444444444445,0.42634408602150536,0.3919501133786848,0.4114333814333815],[0.5695035460992908,0.5695035460992908,0.0,0.8125633232016211,0.8452380952380952,0.8452380952380952,0.23809523809523808,0.33395061728395065,0.34444444444444444,0.4533333333333334,0.35776942355889724,0.38095238095238093,0.36904761904761907,0.36904761904761907,0.35714285714285715,0.35714285714285715,0.36904761904761907,0.35714285714285715,0.37755102040816324],[0.611111111111111,0.611111111111111,0.8125633232016211,0.0,0.8742236024844721,0.8742236024844721,0.3067669172932331,0.41728395061728396,0.4325670498084291,0.6152380952380953,0.4536340852130326,0.44992636229749633,0.4492857142857143,0.4492857142857143,0.46119047619047615,0.46119047619047615,0.4508448540706605,0.44970845481049565,0.46990311276025565],[0.5714975845410628,0.5714975845410628,0.8452380952380952,0.8742236024844721,0.0,0.9860248447204968,0.31328320802005016,0.40185185185185185,0.41570881226053635,0.5185714285714286,0.43045112781954886,0.4560628375061365,0.44404761904761897,0.44404761904761897,0.4321428571428571,0.4321428571428571,0.4443164362519201,0.4322157434402332,0.45258709544423825],[0.5714975845410628,0.5714975845410628,0.8452380952380952,0.8742236024844721,0.9860248447204968,0.0,0.31328320802005016,0.40185185185185185,0.41570881226053635,0.5185714285714286,0.43045112781954886,0.4560628375061365,0.44404761904761897,0.44404761904761897,0.4321428571428571,0.4321428571428571,0.4443164362519201,0.4322157434402332,0.45258709544423825],[0.24971448228414175,0.2941589267285862,0.23809523809523808,0.3067669172932331,0.31328320802005016,0.31328320802005016,0.0,0.40813032283620515,0.4138149294805641,0.44067521745540317,0.648110661268556,0.5718973870277689,0.5362346477052359,0.4767108381814264,0.5446380090497738,0.4851141995259643,0.48302146769639026,0.47842323742683884,0.44558317499493977],[0.4083994708994709,0.45601851851851855,0.33395061728395065,0.41728395061728396,0.40185185185185185,0.40185185185185185,0.40813032283620515,0.0,0.6377995642701526,0.44470899470899466,0.5173718610251118,0.578395061728395,0.5883950617283951,0.5328395061728396,0.5312522045855379,0.47569664902998243,0.4695061728395062,0.554074074074074,0.5154497354497354],[0.436153771853569,0.48377281947261663,0.34444444444444444,0.4325670498084291,0.41570881226053635,0.41570881226053635,0.4138149294805641,0.6377995642701526,0.0,0.44586432274059046,0.551043899341113,0.5676628674202963,0.5523318250377074,0.49677626948215187,0.5640965309200603,0.5085409753645048,0.5029209036799169,0.5520285037091759,0.5579166367401662],[0.4686666666666666,0.477,0.4533333333333334,0.6152380952380953,0.5185714285714286,0.5185714285714286,0.44067521745540317,0.44470899470899466,0.44586432274059046,0.0,0.5865398791095385,0.5561049161932814,0.5637755102040817,0.5637755102040817,0.5960884353741497,0.5960884353741497,0.6965108624094799,0.5703352769679301,0.572665429808287],[0.3645682834537323,0.4090127278981768,0.35776942355889724,0.4536340852130326,0.43045112781954886,0.43045112781954886,0.648110661268556,0.5173718610251118,0.551043899341113,0.5865398791095385,0.0,0.7216202270381836,0.7138508034792864,0.6543269939554769,0.7365398791095386,0.677016069585729,0.6573418841220701,0.6692466460268319,0.6563214759588046],[0.3949312714776632,0.43937571592210767,0.38095238095238093,0.44992636229749633,0.4560628375061365,0.4560628375061365,0.5718973870277689,0.578395061728395,0.5676628674202963,0.5561049161932814,0.7216202270381836,0.0,0.8307142857142856,0.7711904761904761,0.7694897959183674,0.7099659863945578,0.687825233186058,0.7172254616132169,0.6923417851989281],[0.4054444444444444,0.4498888888888889,0.36904761904761907,0.4492857142857143,0.44404761904761897,0.44404761904761897,0.5362346477052359,0.5883950617283951,0.5523318250377074,0.5637755102040817,0.7138508034792864,0.8307142857142856,0.0,0.9404761904761905,0.9102040816326531,0.8506802721088436,0.7223809523809525,0.7066666666666668,0.7144897959183673],[0.4054444444444444,0.3943333333333333,0.36904761904761907,0.4492857142857143,0.44404761904761897,0.44404761904761897,0.4767108381814264,0.5328395061728396,0.49677626948215187,0.5637755102040817,0.6543269939554769,0.7711904761904761,0.9404761904761905,0.0,0.8506802721088436,0.9102040816326531,0.7223809523809525,0.7066666666666668,0.7240136054421769],[0.39988888888888885,0.436,0.35714285714285715,0.46119047619047615,0.4321428571428571,0.4321428571428571,0.5446380090497738,0.5312522045855379,0.5640965309200603,0.5960884353741497,0.7365398791095386,0.7694897959183674,0.9102040816326531,0.8506802721088436,0.0,0.9404761904761905,0.7203401360544218,0.7331972789115646,0.7757142857142857],[0.39988888888888885,0.3804444444444445,0.35714285714285715,0.46119047619047615,0.4321428571428571,0.4321428571428571,0.4851141995259643,0.47569664902998243,0.5085409753645048,0.5960884353741497,0.677016069585729,0.7099659863945578,0.8506802721088436,0.9102040816326531,0.9404761904761905,0.0,0.7203401360544218,0.7331972789115646,0.7852380952380953],[0.4707885304659498,0.42634408602150536,0.36904761904761907,0.4508448540706605,0.4443164362519201,0.4443164362519201,0.48302146769639026,0.4695061728395062,0.5029209036799169,0.6965108624094799,0.6573418841220701,0.687825233186058,0.7223809523809525,0.7223809523809525,0.7203401360544218,0.7203401360544218,0.0,0.7838921282798834,0.6905998763141621],[0.43639455782312925,0.3919501133786848,0.35714285714285715,0.44970845481049565,0.4322157434402332,0.4322157434402332,0.47842323742683884,0.554074074074074,0.5520285037091759,0.5703352769679301,0.6692466460268319,0.7172254616132169,0.7066666666666668,0.7066666666666668,0.7331972789115646,0.7331972789115646,0.7838921282798834,0.0,0.7863790970933827],[0.4414333814333815,0.4114333814333815,0.37755102040816324,0.46990311276025565,0.45258709544423825,0.45258709544423825,0.44558317499493977,0.5154497354497354,0.5579166367401662,0.572665429808287,0.6563214759588046,0.6923417851989281,0.7144897959183673,0.7240136054421769,0.7757142857142857,0.7852380952380953,0.6905998763141621,0.7863790970933827,0.0]],"text":[[0.0,0.9166666666666667,0.5695035460992908,0.611111111111111,0.5714975845410628,0.5714975845410628,0.24971448228414175,0.4083994708994709,0.436153771853569,0.4686666666666666,0.3645682834537323,0.3949312714776632,0.4054444444444444,0.4054444444444444,0.39988888888888885,0.39988888888888885,0.4707885304659498,0.43639455782312925,0.4414333814333815],[0.9166666666666667,0.0,0.5695035460992908,0.611111111111111,0.5714975845410628,0.5714975845410628,0.2941589267285862,0.45601851851851855,0.48377281947261663,0.477,0.4090127278981768,0.43937571592210767,0.4498888888888889,0.3943333333333333,0.436,0.3804444444444445,0.42634408602150536,0.3919501133786848,0.4114333814333815],[0.5695035460992908,0.5695035460992908,0.0,0.8125633232016211,0.8452380952380952,0.8452380952380952,0.23809523809523808,0.33395061728395065,0.34444444444444444,0.4533333333333334,0.35776942355889724,0.38095238095238093,0.36904761904761907,0.36904761904761907,0.35714285714285715,0.35714285714285715,0.36904761904761907,0.35714285714285715,0.37755102040816324],[0.611111111111111,0.611111111111111,0.8125633232016211,0.0,0.8742236024844721,0.8742236024844721,0.3067669172932331,0.41728395061728396,0.4325670498084291,0.6152380952380953,0.4536340852130326,0.44992636229749633,0.4492857142857143,0.4492857142857143,0.46119047619047615,0.46119047619047615,0.4508448540706605,0.44970845481049565,0.46990311276025565],[0.5714975845410628,0.5714975845410628,0.8452380952380952,0.8742236024844721,0.0,0.9860248447204968,0.31328320802005016,0.40185185185185185,0.41570881226053635,0.5185714285714286,0.43045112781954886,0.4560628375061365,0.44404761904761897,0.44404761904761897,0.4321428571428571,0.4321428571428571,0.4443164362519201,0.4322157434402332,0.45258709544423825],[0.5714975845410628,0.5714975845410628,0.8452380952380952,0.8742236024844721,0.9860248447204968,0.0,0.31328320802005016,0.40185185185185185,0.41570881226053635,0.5185714285714286,0.43045112781954886,0.4560628375061365,0.44404761904761897,0.44404761904761897,0.4321428571428571,0.4321428571428571,0.4443164362519201,0.4322157434402332,0.45258709544423825],[0.24971448228414175,0.2941589267285862,0.23809523809523808,0.3067669172932331,0.31328320802005016,0.31328320802005016,0.0,0.40813032283620515,0.4138149294805641,0.44067521745540317,0.648110661268556,0.5718973870277689,0.5362346477052359,0.4767108381814264,0.5446380090497738,0.4851141995259643,0.48302146769639026,0.47842323742683884,0.44558317499493977],[0.4083994708994709,0.45601851851851855,0.33395061728395065,0.41728395061728396,0.40185185185185185,0.40185185185185185,0.40813032283620515,0.0,0.6377995642701526,0.44470899470899466,0.5173718610251118,0.578395061728395,0.5883950617283951,0.5328395061728396,0.5312522045855379,0.47569664902998243,0.4695061728395062,0.554074074074074,0.5154497354497354],[0.436153771853569,0.48377281947261663,0.34444444444444444,0.4325670498084291,0.41570881226053635,0.41570881226053635,0.4138149294805641,0.6377995642701526,0.0,0.44586432274059046,0.551043899341113,0.5676628674202963,0.5523318250377074,0.49677626948215187,0.5640965309200603,0.5085409753645048,0.5029209036799169,0.5520285037091759,0.5579166367401662],[0.4686666666666666,0.477,0.4533333333333334,0.6152380952380953,0.5185714285714286,0.5185714285714286,0.44067521745540317,0.44470899470899466,0.44586432274059046,0.0,0.5865398791095385,0.5561049161932814,0.5637755102040817,0.5637755102040817,0.5960884353741497,0.5960884353741497,0.6965108624094799,0.5703352769679301,0.572665429808287],[0.3645682834537323,0.4090127278981768,0.35776942355889724,0.4536340852130326,0.43045112781954886,0.43045112781954886,0.648110661268556,0.5173718610251118,0.551043899341113,0.5865398791095385,0.0,0.7216202270381836,0.7138508034792864,0.6543269939554769,0.7365398791095386,0.677016069585729,0.6573418841220701,0.6692466460268319,0.6563214759588046],[0.3949312714776632,0.43937571592210767,0.38095238095238093,0.44992636229749633,0.4560628375061365,0.4560628375061365,0.5718973870277689,0.578395061728395,0.5676628674202963,0.5561049161932814,0.7216202270381836,0.0,0.8307142857142856,0.7711904761904761,0.7694897959183674,0.7099659863945578,0.687825233186058,0.7172254616132169,0.6923417851989281],[0.4054444444444444,0.4498888888888889,0.36904761904761907,0.4492857142857143,0.44404761904761897,0.44404761904761897,0.5362346477052359,0.5883950617283951,0.5523318250377074,0.5637755102040817,0.7138508034792864,0.8307142857142856,0.0,0.9404761904761905,0.9102040816326531,0.8506802721088436,0.7223809523809525,0.7066666666666668,0.7144897959183673],[0.4054444444444444,0.3943333333333333,0.36904761904761907,0.4492857142857143,0.44404761904761897,0.44404761904761897,0.4767108381814264,0.5328395061728396,0.49677626948215187,0.5637755102040817,0.6543269939554769,0.7711904761904761,0.9404761904761905,0.0,0.8506802721088436,0.9102040816326531,0.7223809523809525,0.7066666666666668,0.7240136054421769],[0.39988888888888885,0.436,0.35714285714285715,0.46119047619047615,0.4321428571428571,0.4321428571428571,0.5446380090497738,0.5312522045855379,0.5640965309200603,0.5960884353741497,0.7365398791095386,0.7694897959183674,0.9102040816326531,0.8506802721088436,0.0,0.9404761904761905,0.7203401360544218,0.7331972789115646,0.7757142857142857],[0.39988888888888885,0.3804444444444445,0.35714285714285715,0.46119047619047615,0.4321428571428571,0.4321428571428571,0.4851141995259643,0.47569664902998243,0.5085409753645048,0.5960884353741497,0.677016069585729,0.7099659863945578,0.8506802721088436,0.9102040816326531,0.9404761904761905,0.0,0.7203401360544218,0.7331972789115646,0.7852380952380953],[0.4707885304659498,0.42634408602150536,0.36904761904761907,0.4508448540706605,0.4443164362519201,0.4443164362519201,0.48302146769639026,0.4695061728395062,0.5029209036799169,0.6965108624094799,0.6573418841220701,0.687825233186058,0.7223809523809525,0.7223809523809525,0.7203401360544218,0.7203401360544218,0.0,0.7838921282798834,0.6905998763141621],[0.43639455782312925,0.3919501133786848,0.35714285714285715,0.44970845481049565,0.4322157434402332,0.4322157434402332,0.47842323742683884,0.554074074074074,0.5520285037091759,0.5703352769679301,0.6692466460268319,0.7172254616132169,0.7066666666666668,0.7066666666666668,0.7331972789115646,0.7331972789115646,0.7838921282798834,0.0,0.7863790970933827],[0.4414333814333815,0.4114333814333815,0.37755102040816324,0.46990311276025565,0.45258709544423825,0.45258709544423825,0.44558317499493977,0.5154497354497354,0.5579166367401662,0.572665429808287,0.6563214759588046,0.6923417851989281,0.7144897959183673,0.7240136054421769,0.7757142857142857,0.7852380952380953,0.6905998763141621,0.7863790970933827,0.0]],"method":"field-level | link: text (links uninformative) | order: UPGMA leaf traversal","folder":"Horizontal Grid Cells","meta":[{"label":"g118","tags":[]},{"label":"g116","tags":[]},{"label":"g102","tags":[]},{"label":"g107","tags":[]},{"label":"g103","tags":[]},{"label":"g104","tags":[]},{"label":"g101","tags":[]},{"label":"g117","tags":[]},{"label":"g114","tags":[]},{"label":"g112","tags":[]},{"label":"g105","tags":[]},{"label":"g111","tags":[]},{"label":"g115","tags":[]},{"label":"g109","tags":[]},{"label":"g108","tags":[]},{"label":"g110","tags":[]},{"label":"g106","tags":[]},{"label":"g100","tags":[]},{"label":"g113","tags":[]}],"tree":{"name":"","leaf":false,"children":[{"name":"","leaf":false,"children":[{"name":"","leaf":false,"children":[{"name":"g118","leaf":true,"spectral_index":0,"value":0.0},{"name":"g116","leaf":true,"spectral_index":1,"value":0.0}],"value":0.08333333333333326},{"name":"","leaf":false,"children":[{"name":"g102","leaf":true,"spectral_index":2,"value":0.0},{"name":"","leaf":false,"children":[{"name":"g107","leaf":true,"spectral_index":3,"value":0.0},{"name":"","leaf":false,"children":[{"name":"g103","leaf":true,"spectral_index":4,"value":0.0},{"name":"g104","leaf":true,"spectral_index":5,"value":0.0}],"value":0.013975155279503215}],"value":0.12577639751552794}],"value":0.1656534954407295}],"value":0.4190975434268681},{"name":"","leaf":false,"children":[{"name":"g101","leaf":true,"spectral_index":6,"value":0.0},{"name":"","leaf":false,"children":[{"name":"","leaf":false,"children":[{"name":"g117","leaf":true,"spectral_index":7,"value":0.0},{"name":"g114","leaf":true,"spectral_index":8,"value":0.0}],"value":0.3622004357298474},{"name":"","leaf":false,"children":[{"name":"g112","leaf":true,"spectral_index":9,"value":0.0},{"name":"","leaf":false,"children":[{"name":"g105","leaf":true,"spectral_index":10,"value":0.0},{"name":"","leaf":false,"children":[{"name":"","leaf":false,"children":[{"name":"g111","leaf":true,"spectral_index":11,"value":0.0},{"name":"","leaf":false,"children":[{"name":"","leaf":false,"children":[{"name":"g115","leaf":true,"spectral_index":12,"value":0.0},{"name":"g109","leaf":true,"spectral_index":13,"value":0.0}],"value":0.059523809523809534},{"name":"","leaf":false,"children":[{"name":"g108","leaf":true,"spectral_index":14,"value":0.0},{"name":"g110","leaf":true,"spectral_index":15,"value":0.0}],"value":0.059523809523809534}],"value":0.11955782312925167}],"value":0.22965986394557827},{"name":"","leaf":false,"children":[{"name":"g106","leaf":true,"spectral_index":16,"value":0.0},{"name":"","leaf":false,"children":[{"name":"g100","leaf":true,"spectral_index":17,"value":0.0},{"name":"g113","leaf":true,"spectral_index":18,"value":0.0}],"value":0.21362090290661728}],"value":0.26275399770297725}],"value":0.27586544464411067}],"value":0.31421700259050983}],"value":0.41090174937278}],"value":0.47465639721108727}],"value":0.5056371589459111}],"value":0.5833615105658}};
var EMD_ENTRIES = [{"label":"g118","url":"../Horizontal_Grid_Cells/g118/"},{"label":"g116","url":"../Horizontal_Grid_Cells/g116/"},{"label":"g102","url":"../Horizontal_Grid_Cells/g102/"},{"label":"g107","url":"../Horizontal_Grid_Cells/g107/"},{"label":"g103","url":"../Horizontal_Grid_Cells/g103/"},{"label":"g104","url":"../Horizontal_Grid_Cells/g104/"},{"label":"g101","url":"../Horizontal_Grid_Cells/g101/"},{"label":"g117","url":"../Horizontal_Grid_Cells/g117/"},{"label":"g114","url":"../Horizontal_Grid_Cells/g114/"},{"label":"g112","url":"../Horizontal_Grid_Cells/g112/"},{"label":"g105","url":"../Horizontal_Grid_Cells/g105/"},{"label":"g111","url":"../Horizontal_Grid_Cells/g111/"},{"label":"g115","url":"../Horizontal_Grid_Cells/g115/"},{"label":"g109","url":"../Horizontal_Grid_Cells/g109/"},{"label":"g108","url":"../Horizontal_Grid_Cells/g108/"},{"label":"g110","url":"../Horizontal_Grid_Cells/g110/"},{"label":"g106","url":"../Horizontal_Grid_Cells/g106/"},{"label":"g100","url":"../Horizontal_Grid_Cells/g100/"},{"label":"g113","url":"../Horizontal_Grid_Cells/g113/"}];
var EMD_SCHEMA  = {"name":"record","children":[{"name":"description","type":"scalar"},{"name":"grid_mapping","type":"scalar"},{"name":"grid_type","type":"scalar"},{"name":"horizontal_units","type":"scalar"},{"name":"n_cells","type":"scalar"},{"name":"region","type":"scalar"},{"name":"southernmost_latitude","type":"scalar"},{"name":"temporal_refinement","type":"scalar"},{"name":"truncation_method","type":"scalar"},{"name":"truncation_number","type":"scalar"},{"name":"ui_label","type":"scalar"},{"name":"validation_key","type":"scalar"},{"name":"westernmost_longitude","type":"scalar"},{"name":"x_resolution","type":"scalar"},{"name":"y_resolution","type":"scalar"}]};

var ids    = EMD_DATA.ids;
var link   = EMD_DATA.link;
var text   = EMD_DATA.text;
var method = EMD_DATA.method;
var meta   = EMD_DATA.meta;
var tree   = EMD_DATA.tree;
var n      = ids.length;

var FONT    = "'Source Code Pro', monospace";
var RED     = '#a40e4c';
var MUSTARD = '#f2b30d';
var NAVY    = '#0d1035';
var WHITE   = '#ffffff';

/* ── entry selector ────────────────────────────────────────────────────── */
window.emdGotoEntry = function () {
  var v = document.getElementById('emd-entry-select').value;
  if (v) window.location.href = v;
};

/* ── filter buttons ────────────────────────────────────────────────────── */
var allTags = Array.from(new Set(meta.flatMap(function (m) { return m.tags || []; }))).sort();
var activeFilter = null;

function itemVisible(i) {
  return !activeFilter || (meta[i].tags || []).indexOf(activeFilter) >= 0;
}

var matG, dendG;   // assigned below; needed by applyFilter

function applyFilter() {
  if (!matG) return;
  matG.selectAll('.emd-cell').attr('opacity', function (d) {
    if (d.i === d.j) return itemVisible(d.i) ? 1 : 0.08;
    return (itemVisible(d.i) && itemVisible(d.j)) ? 1 : 0.06;
  });
  matG.selectAll('.emd-val').attr('opacity', function (d) {
    return (itemVisible(d.i) && itemVisible(d.j)) ? 1 : 0;
  });
  matG.selectAll('.emd-diag').attr('opacity', function (d, i) { return itemVisible(i) ? 1 : 0.1; });
  matG.selectAll('.emd-xlabel').attr('opacity', function (d, i) { return itemVisible(i) ? 1 : 0.1; });
  matG.selectAll('.emd-ylabel').attr('opacity', function (d, i) { return itemVisible(i) ? 1 : 0.1; });
}

if (allTags.length > 0) {
  var bar = document.getElementById('emd-filter-bar');
  var allBtn = document.createElement('button');
  allBtn.className = 'emd-fbtn active'; allBtn.textContent = 'All';
  allBtn.onclick = function () {
    activeFilter = null;
    document.querySelectorAll('.emd-fbtn').forEach(function (b) { b.classList.remove('active'); });
    allBtn.classList.add('active'); applyFilter();
  };
  bar.appendChild(allBtn);
  allTags.forEach(function (tag) {
    var btn = document.createElement('button');
    btn.className = 'emd-fbtn';
    btn.textContent = tag.replace(/[-_]/g, ' ');
    btn.onclick = function () {
      activeFilter = tag;
      document.querySelectorAll('.emd-fbtn').forEach(function (b) { b.classList.remove('active'); });
      btn.classList.add('active'); applyFilter();
    };
    bar.appendChild(btn);
  });
}

/* ── font toggle ──────────────────────────────────────────────────────── */
window.emdToggleFont = function () {
  var viz = document.querySelector('.emd-viz');
  var btn = document.getElementById('emd-font-toggle');
  viz.classList.toggle('pretty');
  btn.classList.toggle('active');
};

/* ── layout constants ──────────────────────────────────────────────────── */
var cellSize = Math.min(60, Math.floor(Math.min(window.innerWidth * 0.65, 440) / n));
var gap      = Math.max(2, Math.round(cellSize * 0.055));
var inner    = cellSize - gap;
var rad      = Math.round(inner * 0.14);
var lblFs    = Math.max(8, Math.round(cellSize * 0.145));
var maxLLen  = Math.max.apply(null, meta.map(function (m) { return Math.min(m.label.length, 50); }));
var XLBL_H   = Math.ceil(maxLLen * lblFs * 0.62) + 12;
var YLBL_W   = Math.ceil(maxLLen * lblFs * 0.62) + 16;
var LEG_H    = 62;
var DEND_W   = Math.max(60, Math.round(n * cellSize * 0.18));  /* narrow right-side dendrogram */
var matW     = n * cellSize;
var margin   = { top: 30, right: DEND_W + 8, bottom: XLBL_H + LEG_H + 16, left: YLBL_W };
var totalW   = matW + margin.left + margin.right;
var totalH   = matW + margin.top + margin.bottom;

/* ── root SVG ──────────────────────────────────────────────────────────── */
var svg = d3.select('#emd-combined-chart').append('svg')
  .attr('width', totalW).attr('height', totalH);

var defs = svg.append('defs');
[['emd-leg-red', RED], ['emd-leg-mustard', MUSTARD]].forEach(function (pair) {
  var gr = defs.append('linearGradient').attr('id', pair[0]).attr('x1','0%').attr('x2','100%');
  gr.append('stop').attr('offset','0%').attr('stop-color', WHITE);
  gr.append('stop').attr('offset','100%').attr('stop-color', pair[1]);
});

/* Clip the dendrogram to its column */
defs.append('clipPath').attr('id','emd-dend-clip')
  .append('rect').attr('x', 0).attr('y', 0).attr('width', DEND_W).attr('height', matW);

/* Matrix is at left; dendrogram is to the RIGHT of the matrix */
matG = svg.append('g')
  .attr('transform', 'translate(' + margin.left + ',' + margin.top + ')');

dendG = svg.append('g')
  .attr('transform', 'translate(' + (margin.left + matW) + ',' + margin.top + ')')
  .attr('clip-path', 'url(#emd-dend-clip)');

/* ── colour helpers ────────────────────────────────────────────────────── */
function hexToRgb(h) {
  return [parseInt(h.slice(1,3),16)/255, parseInt(h.slice(3,5),16)/255, parseInt(h.slice(5,7),16)/255];
}
function blend(hex, a) {
  var c = hexToRgb(hex);
  return 'rgb(' + Math.round((1-a+c[0]*a)*255) + ',' +
                  Math.round((1-a+c[1]*a)*255) + ',' +
                  Math.round((1-a+c[2]*a)*255) + ')';
}

/* ── method subtitle ───────────────────────────────────────────────────── */
svg.append('text')
  .attr('x', margin.left + matW / 2).attr('y', margin.top - 12)
  .attr('text-anchor','middle').attr('font-family', FONT).attr('font-size', 9).attr('fill','#aaa')
  .text(n + ' items  ·  UPGMA leaf order  ·  ' + method);

/* ── similarity matrix ─────────────────────────────────────────────────── */
var cellData = [];
for (var i = 0; i < n; i++) for (var j = 0; j < n; j++) cellData.push({i: i, j: j});

var tip = d3.select('#emd-tip');

matG.selectAll('.emd-cell').data(cellData).join('rect')
  .attr('class','emd-cell')
  .attr('x', function (d) { return d.j * cellSize + gap / 2; })
  .attr('y', function (d) { return d.i * cellSize + gap / 2; })
  .attr('width', inner).attr('height', inner).attr('rx', rad)
  .attr('fill', function (d) {
    if (d.i === d.j) return NAVY;
    return d.i < d.j ? blend(RED, link[d.i][d.j]) : blend(MUSTARD, text[d.i][d.j]);
  })
  .style('cursor', function (d) { return d.i === d.j ? 'default' : 'pointer'; })
  .on('mouseover', function (event, d) {
    if (d.i === d.j) return;
    var li = Math.min(d.i, d.j), lj = Math.max(d.i, d.j);
    tip.style('opacity', 1).html(
      '<div class="emd-tip-head">' + meta[d.i].label + ' ↔ ' + meta[d.j].label + '</div>' +
      '<span class="emd-tip-link">▲ Link</span>&nbsp;' + (link[li][lj]*100).toFixed(1) + '%<br>' +
      '<span class="emd-tip-text">▼ Content</span>&nbsp;' + (text[lj][li]*100).toFixed(1) + '%'
    );
    d3.select(this).attr('stroke', NAVY).attr('stroke-width', 2);
    matG.selectAll('.emd-cell').filter(function (e) { return e.i !== d.i && e.j !== d.j; })
      .attr('opacity', function (e) { return (itemVisible(e.i) && itemVisible(e.j)) ? 0.35 : 0.04; });
  })
  .on('mousemove', function (ev) {
    tip.style('left', (ev.clientX + 14) + 'px').style('top', (ev.clientY - 10) + 'px');
  })
  .on('mouseout', function () {
    tip.style('opacity', 0); d3.select(this).attr('stroke', 'none'); applyFilter();
  });

var maxDiagFs = Math.max(9, Math.round(cellSize * 0.18));
function diagText(label) {
  for (var fs = maxDiagFs; fs >= 6; fs--) {
    var mc = Math.floor(inner / (0.58 * fs));
    if (label.length <= mc) return {fs: fs, t: label};
  }
  var mc2 = Math.floor(inner / (0.58 * 6));
  return {fs: 6, t: label.slice(0, Math.max(1, mc2 - 1)) + '…'};
}

matG.selectAll('.emd-val').data(cellData.filter(function (d) { return d.i !== d.j; })).join('text')
  .attr('class','emd-val')
  .attr('x', function (d) { return d.j * cellSize + cellSize / 2; })
  .attr('y', function (d) { return d.i * cellSize + cellSize / 2; })
  .attr('dy','0.35em').attr('text-anchor','middle')
  .attr('font-family', FONT).attr('font-size', Math.max(8, Math.round(cellSize * 0.16)))
  .attr('font-weight', 600).attr('pointer-events','none')
  .attr('fill', function (d) {
    var v = d.i < d.j ? link[d.i][d.j] : text[d.i][d.j];
    if (v < 0.08) return 'none';
    var c = hexToRgb(d.i < d.j ? RED : MUSTARD);
    return (0.299*(1-v+c[0]*v) + 0.587*(1-v+c[1]*v) + 0.114*(1-v+c[2]*v)) < 0.55 ? WHITE : NAVY;
  })
  .text(function (d) {
    var v = d.i < d.j ? link[d.i][d.j] : text[d.i][d.j];
    return v >= 0.08 ? Math.round(v * 100) + '%' : '';
  });

matG.selectAll('.emd-diag').data(meta).join('text')
  .attr('class','emd-diag')
  .attr('x', function (d, i) { return i * cellSize + cellSize / 2; })
  .attr('y', function (d, i) { return i * cellSize + cellSize / 2; })
  .attr('dy','0.35em').attr('text-anchor','middle')
  .attr('font-family', FONT).attr('font-size', function (d) { return diagText(d.label).fs; })
  .attr('font-weight', 700).attr('fill', WHITE).attr('pointer-events','none')
  .text(function (d) { return diagText(d.label).t; });

var pivotY = matW + 4;
matG.selectAll('.emd-xlabel').data(meta).join('text')
  .attr('class','emd-xlabel')
  .attr('transform', function (d, i) {
    return 'translate(' + (i * cellSize + cellSize / 2) + ',' + pivotY + ') rotate(-90)';
  })
  .attr('text-anchor','end').attr('dy','0.35em')
  .attr('font-family', FONT).attr('font-size', lblFs).attr('font-weight', 600).attr('fill', NAVY)
  .text(function (d) { return d.label.length > 50 ? d.label.slice(0,50) + '…' : d.label; });

matG.selectAll('.emd-ylabel').data(meta).join('text')
  .attr('class','emd-ylabel').attr('x', -6)
  .attr('y', function (d, i) { return i * cellSize + cellSize / 2; })
  .attr('text-anchor','end').attr('dominant-baseline','middle')
  .attr('font-family', FONT).attr('font-size', lblFs).attr('font-weight', 600).attr('fill', NAVY)
  .text(function (d) { return d.label.length > 50 ? d.label.slice(0,50) + '…' : d.label; });

matG.append('line')
  .attr('x1',0).attr('y1',0).attr('x2',matW).attr('y2',matW)
  .attr('stroke', NAVY).attr('stroke-width', 1.5).attr('stroke-dasharray','5,4').attr('opacity',0.22);

/* ── legend ────────────────────────────────────────────────────────────── */
var legY  = matW + XLBL_H + 16;
var barW  = Math.floor(matW * 0.43);
var barH  = 13;
var legFs = Math.max(9, Math.round(cellSize * 0.16));

matG.append('text').attr('x',0).attr('y',legY-8)
  .attr('font-family',FONT).attr('font-size',legFs).attr('font-weight',700).attr('fill',RED)
  .text('▲  link similarity');
matG.append('rect').attr('x',0).attr('y',legY).attr('width',barW).attr('height',barH)
  .attr('rx',3).attr('fill','url(#emd-leg-red)');
matG.append('text').attr('x',0).attr('y',legY+barH+9)
  .attr('font-size',legFs-1).attr('fill','#bbb').attr('font-family',FONT).text('0%');
matG.append('text').attr('x',barW).attr('y',legY+barH+9).attr('text-anchor','end')
  .attr('font-size',legFs-1).attr('fill','#bbb').attr('font-family',FONT).text('100%');

var mustX = matW - barW;
matG.append('text').attr('x',mustX).attr('y',legY-8)
  .attr('font-family',FONT).attr('font-size',legFs).attr('font-weight',700).attr('fill','#c49000')
  .text('▼  content similarity');
matG.append('rect').attr('x',mustX).attr('y',legY).attr('width',barW).attr('height',barH)
  .attr('rx',3).attr('fill','url(#emd-leg-mustard)');
matG.append('text').attr('x',mustX).attr('y',legY+barH+9)
  .attr('font-size',legFs-1).attr('fill','#bbb').attr('font-family',FONT).text('0%');
matG.append('text').attr('x',mustX+barW).attr('y',legY+barH+9).attr('text-anchor','end')
  .attr('font-size',legFs-1).attr('fill','#bbb').attr('font-family',FONT).text('100%');

/* ── dendrogram (orthogonal, spectral-ordered leaves) ──────────────────── */
(function () {
  var root = d3.hierarchy(tree);

  /* max merge distance for x-scaling */
  var maxDist = 0;
  root.each(function (d) { if (d.data.value > maxDist) maxDist = d.data.value; });
  if (maxDist < 1e-9) maxDist = 1;

  /* 1. y-positions: each leaf pins to its spectral_index matrix row */
  function assignY(node) {
    if (!node.children) {
      node.dendY = (node.data.spectral_index || 0) * cellSize + cellSize / 2;
    } else {
      node.children.forEach(assignY);
      node.dendY = d3.mean(node.children, function (c) { return c.dendY; });
    }
  }
  assignY(root);

  /* 2. x-positions for RIGHT-SIDE dendrogram:
        Leaf x = 2  (touching matrix right edge = left edge of dendG)
        Root x = DEND_W-2  (rightmost — furthest from matrix)
        Internal nodes: scaled by merge distance — larger distance → further right */
  function assignX(node) {
    if (!node.children) {
      node.dendX = 2;
    } else {
      /* distance 0 → x=2 (at matrix), distance=maxDist → x=DEND_W-2 (far right) */
      node.dendX = node.data.value / maxDist * (DEND_W - 4) + 2;
      node.children.forEach(assignX);
    }
  }
  assignX(root);

  /* 3. Collect parent→child pairs */
  var links = [];
  root.each(function (d) {
    if (d.children) d.children.forEach(function (c) { links.push({src: d, tgt: c}); });
  });

  /* 4. Orthogonal elbow paths: M px,py V cy H cx
        Parent (further right) → vertical to child's y → horizontal left to child. */
  dendG.selectAll('.emd-dend-branch')
    .data(links).join('path')
    .attr('class','emd-dend-branch')
    .attr('fill','none')
    .attr('stroke', NAVY).attr('stroke-width', 1.1).attr('opacity', 0.55)
    .attr('d', function (d) {
      return 'M ' + d.src.dendX + ',' + d.src.dendY +
             ' V ' + d.tgt.dendY +
             ' H ' + d.tgt.dendX;
    });

  /* 5. Dashed connector: matrix right edge → leaf left-edge
        (small tick showing which row the leaf belongs to) */
  root.leaves().forEach(function (d) {
    dendG.append('line')
      .attr('x1', 0).attr('y1', d.dendY)
      .attr('x2', d.dendX).attr('y2', d.dendY)
      .attr('stroke', NAVY).attr('stroke-width', 0.5)
      .attr('stroke-dasharray','1,3').attr('opacity', 0.18);
  });

  /* No leaf labels — rows are already labelled by the matrix y-axis */

  /* 6. Internal node dots */
  root.each(function (d) {
    if (!d.children) return;
    dendG.append('circle')
      .attr('cx', d.dendX).attr('cy', d.dendY).attr('r', 1.8)
      .attr('fill', WHITE).attr('stroke', NAVY).attr('stroke-width', 1).attr('opacity', 0.65);
  });
}());

/* ── key schema radial graph ───────────────────────────────────────────── */
(function () {
  var w  = Math.min(window.innerWidth - 48, 720);
  var h  = Math.max(360, Math.round(w * 0.6));
  var cx = w / 2, cy = h / 2;
  var R  = Math.min(cx, cy) - 90;

  var root = d3.hierarchy(EMD_SCHEMA).sum(function () { return 1; });

  var treeLayout = d3.tree()
    .size([2 * Math.PI, R])
    .separation(function (a, b) { return (a.parent === b.parent ? 1 : 1.5) / a.depth; });
  treeLayout(root);

  var svg2 = d3.select('#emd-key-graph').append('svg').attr('width', w).attr('height', h);
  var g2   = svg2.append('g').attr('transform', 'translate(' + cx + ',' + cy + ')');

  /* Radial curved links */
  g2.selectAll('.emd-klink')
    .data(root.links()).join('path')
    .attr('class','emd-klink')
    .attr('fill','none').attr('stroke', NAVY).attr('stroke-width', 1.1).attr('opacity', 0.3)
    .attr('d', d3.linkRadial().angle(function (d) { return d.x; }).radius(function (d) { return d.y; }));

  var typeColor = { scalar: NAVY, link: RED, links: RED, list: MUSTARD };

  var knode = g2.selectAll('.emd-knode')
    .data(root.descendants()).join('g')
    .attr('class','emd-knode')
    .attr('transform', function (d) {
      return 'rotate(' + (d.x * 180 / Math.PI - 90) + ') translate(' + d.y + ',0)';
    });

  knode.append('circle')
    .attr('r', function (d) { return d.depth === 0 ? 6 : (d.depth === 1 ? 4 : 3); })
    .attr('fill', function (d) { return d.depth === 0 ? NAVY : (typeColor[d.data.type] || NAVY); })
    .attr('stroke', WHITE).attr('stroke-width', 1);

  knode.append('text')
