# Horizontal Grid Cells

**Stage 1.** Grid cells define the fundamental 2D horizontal geometry — the shape, resolution, and extent of a single tile. A regular 1° atmosphere grid and a tripolar ocean grid are each their own record. Every grid cell is assigned a `g###` ID used in Stage 2.

---

<link href="https://fonts.googleapis.com/css2?family=Source+Code+Pro:wght@400;600;700&display=swap" rel="stylesheet">

<style>
.emd-viz { font-family: 'Source Code Pro', monospace; width: 100%; }
.emd-section { margin-bottom: 2.5rem; }
.emd-section-label {
  font-size: 11px; font-weight: 700; color: #0d1035;
  text-transform: uppercase; letter-spacing: 0.09em;
  margin-bottom: 12px; display: block;
}
.emd-selector-row { display: flex; gap: 10px; align-items: center; flex-wrap: wrap; }
#emd-entry-select {
  flex: 1; min-width: 240px; padding: 8px 12px;
  border: 1.5px solid #ccc; border-radius: 6px;
  font-family: 'Source Code Pro', monospace; font-size: 12px;
  color: #0d1035; background: #fff; cursor: pointer;
}
#emd-entry-select:focus { outline: none; border-color: #0d1035; }
#emd-go-btn {
  padding: 8px 18px; border: 1.5px solid #0d1035; border-radius: 6px;
  background: #0d1035; color: #fff;
  font-family: 'Source Code Pro', monospace; font-size: 12px;
  font-weight: 600; cursor: pointer; transition: background .15s;
}
#emd-go-btn:hover { background: #1a2080; }
.emd-stats {
  margin-top: 10px; font-size: 11px; color: #888;
  display: flex; gap: 20px; flex-wrap: wrap;
}
.emd-stats b { color: #0d1035; }
.emd-filter-bar { display: flex; flex-wrap: wrap; gap: 6px; margin-bottom: 10px; }
.emd-fbtn {
  padding: 4px 11px; border-radius: 20px; border: 1.5px solid #ccc;
  background: #fff; cursor: pointer; font-family: 'Source Code Pro', monospace;
  font-size: 11px; color: #555; transition: all .15s;
}
.emd-fbtn:hover  { border-color: #0d1035; color: #0d1035; }
.emd-fbtn.active { background: #0d1035; border-color: #0d1035; color: #fff; font-weight: 600; }
.emd-tip {
  position: fixed; background: #0d1035; color: #fff;
  padding: 10px 14px; border-radius: 8px; font-size: 12px;
  font-family: 'Source Code Pro', monospace; pointer-events: none;
  opacity: 0; transition: opacity .12s; line-height: 1.9;
  box-shadow: 0 6px 24px rgba(0,0,0,.25); max-width: 280px; z-index: 999;
}
.emd-tip-link { color: #e8607e; font-weight: 600; }
.emd-tip-text { color: #f5c842; font-weight: 600; }
.emd-tip-head { font-weight: 700; font-size: 13px;
  border-bottom: 1px solid rgba(255,255,255,.2); padding-bottom: 5px; margin-bottom: 5px; }
/* ── accessible font toggle ── */
.emd-font-btn {
  padding: 5px 12px; border-radius: 20px; border: 1.5px solid #ccc;
  background: #fff; font-size: 11px; cursor: pointer;
  font-family: 'Source Code Pro', monospace; color: #888;
  transition: all .2s; white-space: nowrap;
}
.emd-font-btn:hover { border-color: #2065a0; color: #1a4a80; }
.emd-font-btn.active { background: #e8f0ff; border-color: #2065a0;
  color: #1a4a80; font-family: inherit; font-weight: 600; }
/* Accessible mode: also switch the UI controls (the SVGs are already on the
   accessible/sans-serif font by default via the JS `FONT` constant). */
.emd-viz.accessible { font-family: inherit; }
.emd-viz.accessible #emd-entry-select,
.emd-viz.accessible .emd-stats,
.emd-viz.accessible .emd-stats-grid,
.emd-viz.accessible .emd-stat-label,
.emd-viz.accessible .emd-stat-value,
.emd-viz.accessible .emd-section-label,
.emd-viz.accessible .emd-fbtn,
.emd-viz.accessible #emd-go-btn { font-family: inherit !important; }
/* ── stats grid ── */
.emd-stats-grid {
  display: grid;
  grid-template-columns: repeat(auto-fit, minmax(150px, 1fr));
  gap: 12px;
  margin: 10px 0 18px;
  padding: 14px 16px;
  background: #f7f8fa;
  border-left: 3px solid #0d1035;
  border-radius: 4px;
}
.emd-stat-item { display: flex; flex-direction: column; gap: 3px; }
.emd-stat-label {
  font-family: 'Source Code Pro', monospace;
  color: #888; font-size: 10px;
  text-transform: uppercase; letter-spacing: 0.06em;
}
.emd-stat-value {
  font-family: 'Source Code Pro', monospace;
  color: #0d1035; font-weight: 600; font-size: 13px;
}
</style>

<div class="emd-viz">

<!-- Status / stats box pinned to the top of the page -->
<div class="emd-stats-grid">
  <div class="emd-stat-item">
    <span class="emd-stat-label">Total Records</span>
    <span class="emd-stat-value">76</span>
  </div>
  <div class="emd-stat-item">
    <span class="emd-stat-label">Endpoint</span>
    <span class="emd-stat-value">horizontal_grid_cell</span>
  </div>
  <div class="emd-stat-item">
    <span class="emd-stat-label">Raw Data</span>
    <span class="emd-stat-value">52.6 KB</span>
  </div>
  <div class="emd-stat-item">
    <span class="emd-stat-label">Processed Data</span>
    <span class="emd-stat-value">307.8 KB</span>
  </div>
  <div class="emd-stat-item">
    <span class="emd-stat-label">Last Updated</span>
    <span class="emd-stat-value">2026-06-18 13:05 UTC</span>
  </div>
</div>

<div class="emd-section">
<span class="emd-section-label">View a specific Grid Cell</span>
<div class="emd-selector-row">
  <select id="emd-entry-select">
    <option value="">Select an entry…</option>
    <option value="../view_horizontal_grid_cells/?id=g134">g134</option>
    <option value="../view_horizontal_grid_cells/?id=g115">g115</option>
    <option value="../view_horizontal_grid_cells/?id=g109">g109</option>
    <option value="../view_horizontal_grid_cells/?id=g151">g151</option>
    <option value="../view_horizontal_grid_cells/?id=g167">g167</option>
    <option value="../view_horizontal_grid_cells/?id=g108">g108</option>
    <option value="../view_horizontal_grid_cells/?id=g110">g110</option>
    <option value="../view_horizontal_grid_cells/?id=g152">g152</option>
    <option value="../view_horizontal_grid_cells/?id=g138">g138</option>
    <option value="../view_horizontal_grid_cells/?id=g159">g159</option>
    <option value="../view_horizontal_grid_cells/?id=g163">g163</option>
    <option value="../view_horizontal_grid_cells/?id=g140">g140</option>
    <option value="../view_horizontal_grid_cells/?id=g100">g100</option>
    <option value="../view_horizontal_grid_cells/?id=g158">g158</option>
    <option value="../view_horizontal_grid_cells/?id=g139">g139</option>
    <option value="../view_horizontal_grid_cells/?id=g111">g111</option>
    <option value="../view_horizontal_grid_cells/?id=g131">g131</option>
    <option value="../view_horizontal_grid_cells/?id=g137">g137</option>
    <option value="../view_horizontal_grid_cells/?id=g105">g105</option>
    <option value="../view_horizontal_grid_cells/?id=g150">g150</option>
    <option value="../view_horizontal_grid_cells/?id=g106">g106</option>
    <option value="../view_horizontal_grid_cells/?id=g129">g129</option>
    <option value="../view_horizontal_grid_cells/?id=g101">g101</option>
    <option value="../view_horizontal_grid_cells/?id=g113">g113</option>
    <option value="../view_horizontal_grid_cells/?id=g117">g117</option>
    <option value="../view_horizontal_grid_cells/?id=g123">g123</option>
    <option value="../view_horizontal_grid_cells/?id=g133">g133</option>
    <option value="../view_horizontal_grid_cells/?id=g173">g173</option>
    <option value="../view_horizontal_grid_cells/?id=g175">g175</option>
    <option value="../view_horizontal_grid_cells/?id=g174">g174</option>
    <option value="../view_horizontal_grid_cells/?id=g146">g146</option>
    <option value="../view_horizontal_grid_cells/?id=g145">g145</option>
    <option value="../view_horizontal_grid_cells/?id=g144">g144</option>
    <option value="../view_horizontal_grid_cells/?id=g160">g160</option>
    <option value="../view_horizontal_grid_cells/?id=g171">g171</option>
    <option value="../view_horizontal_grid_cells/?id=g170">g170</option>
    <option value="../view_horizontal_grid_cells/?id=g172">g172</option>
    <option value="../view_horizontal_grid_cells/?id=g161">g161</option>
    <option value="../view_horizontal_grid_cells/?id=g165">g165</option>
    <option value="../view_horizontal_grid_cells/?id=g166">g166</option>
    <option value="../view_horizontal_grid_cells/?id=g164">g164</option>
    <option value="../view_horizontal_grid_cells/?id=g127">g127</option>
    <option value="../view_horizontal_grid_cells/?id=g143">g143</option>
    <option value="../view_horizontal_grid_cells/?id=g112">g112</option>
    <option value="../view_horizontal_grid_cells/?id=g116">g116</option>
    <option value="../view_horizontal_grid_cells/?id=g118">g118</option>
    <option value="../view_horizontal_grid_cells/?id=g135">g135</option>
    <option value="../view_horizontal_grid_cells/?id=g102">g102</option>
    <option value="../view_horizontal_grid_cells/?id=g119">g119</option>
    <option value="../view_horizontal_grid_cells/?id=g103">g103</option>
    <option value="../view_horizontal_grid_cells/?id=g104">g104</option>
    <option value="../view_horizontal_grid_cells/?id=g128">g128</option>
    <option value="../view_horizontal_grid_cells/?id=g147">g147</option>
    <option value="../view_horizontal_grid_cells/?id=g169">g169</option>
    <option value="../view_horizontal_grid_cells/?id=g148">g148</option>
    <option value="../view_horizontal_grid_cells/?id=g157">g157</option>
    <option value="../view_horizontal_grid_cells/?id=g149">g149</option>
    <option value="../view_horizontal_grid_cells/?id=g153">g153</option>
    <option value="../view_horizontal_grid_cells/?id=g168">g168</option>
    <option value="../view_horizontal_grid_cells/?id=g154">g154</option>
    <option value="../view_horizontal_grid_cells/?id=g124">g124</option>
    <option value="../view_horizontal_grid_cells/?id=g155">g155</option>
    <option value="../view_horizontal_grid_cells/?id=g126">g126</option>
    <option value="../view_horizontal_grid_cells/?id=g125">g125</option>
    <option value="../view_horizontal_grid_cells/?id=g156">g156</option>
    <option value="../view_horizontal_grid_cells/?id=g162">g162</option>
    <option value="../view_horizontal_grid_cells/?id=g107">g107</option>
    <option value="../view_horizontal_grid_cells/?id=g136">g136</option>
    <option value="../view_horizontal_grid_cells/?id=g142">g142</option>
    <option value="../view_horizontal_grid_cells/?id=g141">g141</option>
    <option value="../view_horizontal_grid_cells/?id=g132">g132</option>
    <option value="../view_horizontal_grid_cells/?id=g130">g130</option>
    <option value="../view_horizontal_grid_cells/?id=g120">g120</option>
    <option value="../view_horizontal_grid_cells/?id=g122">g122</option>
    <option value="../view_horizontal_grid_cells/?id=g114">g114</option>
    <option value="../view_horizontal_grid_cells/?id=g121">g121</option>
  </select>
  <button id="emd-go-btn" onclick="emdGotoEntry()">Open →</button>
  <button class="emd-font-btn" id="emd-font-toggle" onclick="emdToggleFont()" title="Switch to the page's default font for improved readability">Accessible font</button>
</div>
</div>

<div class="emd-section">
<span class="emd-section-label">Similarity &amp; Hierarchical Clustering</span>
<div class="emd-filter-bar" id="emd-filter-bar"></div>
<div id="emd-combined-chart" style="overflow-x:auto; display:flex; justify-content:center;"></div>
<div class="emd-tip" id="emd-tip"></div>
</div>

<div class="emd-section">
<span class="emd-section-label">Record Key Schema</span>
<div id="emd-key-graph"></div>
</div>

</div>

<script src="https://d3js.org/d3.v7.min.js"></script>
<script>
(function () {
'use strict';

/* ── injected data ─────────────────────────────────────────────────────── */
var EMD_DATA    = {"ids":["g134","g115","g109","g151","g167","g108","g110","g152","g138","g159","g163","g140","g100","g158","g139","g111","g131","g137","g105","g150","g106","g129","g101","g113","g117","g123","g133","g173","g175","g174","g146","g145","g144","g160","g171","g170","g172","g161","g165","g166","g164","g127","g143","g112","g116","g118","g135","g102","g119","g103","g104","g128","g147","g169","g148","g157","g149","g153","g168","g154","g124","g155","g126","g125","g156","g162","g107","g136","g142","g141","g132","g130","g120","g122","g114","g121"],"link":[[0.0,0.7415384615384616,0.6774358974358974,0.9487179487179488,0.7230261487687228,0.6909890109890111,0.6268864468864469,0.8923076923076925,0.7041772330233868,0.7722478966702216,0.7196484271742005,0.6368695407156945,0.6231815803244375,0.713238170763944,0.6467901756363295,0.7668517049960349,0.6186227861485593,0.5794824833286373,0.7771294752718902,0.6646048109965637,0.6133227597145122,0.568864468864469,0.5290402441706262,0.6027417027417028,0.6096866096866097,0.6740681998413958,0.4742796722178166,0.5233028712410156,0.4589866319247763,0.4589866319247763,0.48309779919613377,0.49848241458074916,0.48334918180045755,0.5714619770924291,0.5504701484082928,0.48893168686983124,0.48935434113863935,0.5213549337260677,0.47373588610702005,0.485640648011782,0.4380216003927343,0.3635342320909331,0.3475454099165439,0.3698162833729844,0.38742636229749633,0.33980731467844866,0.44058003851818284,0.2857142857142857,0.4140232619614063,0.31165741475019826,0.31165741475019826,0.362741210679355,0.34409319203133637,0.3691514670896114,0.34409319203133637,0.44180103973918405,0.3453752433133876,0.3488523217904661,0.3659463388844832,0.34799762093576525,0.33923693717508147,0.34799762093576525,0.33923693717508147,0.3383822363203806,0.3758669738051182,0.3758669738051182,0.35940787734602164,0.4241851196648975,0.4840141794939574,0.33651539918108403,0.39216717614880997,0.4083736587418473,0.40395189003436427,0.35451962862861247,0.5842263854849571,0.46205958989464146],[0.7415384615384616,0.0,0.9358974358974359,0.6902564102564104,0.7138106118304138,0.9032967032967034,0.8391941391941392,0.6799999999999999,0.704916877993801,0.7189743589743589,0.6612820512820512,0.6376091856861087,0.6071794871794872,0.6676923076923077,0.6255517986287218,0.7407692307692307,0.6100000000000001,0.5582441063210294,0.6149162499007701,0.6753846153846154,0.6241025641025642,0.5923076923076923,0.4648060762766645,0.6156043956043955,0.601994301994302,0.6861538461538461,0.47358974358974365,0.5204761904761905,0.4563736263736264,0.4563736263736264,0.4503090072320841,0.4656936226166995,0.4505603898364079,0.5825641025641026,0.523956043956044,0.4624175824175824,0.4628402366863905,0.4873809523809524,0.4397619047619048,0.47547619047619044,0.4278571428571428,0.3628205128205128,0.35880952380952374,0.3403846153846154,0.41059523809523807,0.36297619047619045,0.4179120879120879,0.2976190476190476,0.4133333333333334,0.3243589743589744,0.3243589743589744,0.36205128205128206,0.34340326340326344,0.3428205128205128,0.34340326340326344,0.41547008547008546,0.34468531468531466,0.33854700854700853,0.3396153846153846,0.3376923076923077,0.3641880341880342,0.3376923076923077,0.3641880341880342,0.36333333333333334,0.34953601953601954,0.34953601953601954,0.33,0.4234714003944772,0.49868507560815256,0.3336656200941915,0.3915486194477791,0.3873469387755102,0.4028888888888889,0.3360832025117739,0.5603828750435086,0.4873443223443224],[0.6774358974358974,0.9358974358974359,0.0,0.6902564102564104,0.6497080477278497,0.8391941391941392,0.9032967032967034,0.615897435897436,0.6408143138912368,0.6548717948717948,0.6676923076923077,0.6472245703014933,0.6071794871794872,0.6035897435897437,0.5614492345261577,0.6766666666666665,0.6164102564102565,0.5678594909364141,0.550813685798206,0.6112820512820514,0.6241025641025642,0.617948717948718,0.405282266752855,0.6258608058608057,0.5378917378917379,0.622051282051282,0.47358974358974365,0.5314652014652015,0.46736263736263733,0.46736263736263733,0.4503090072320841,0.47050131492439184,0.45483389410991215,0.5184615384615385,0.45985347985347985,0.4726739926739926,0.47309664694280074,0.42785714285714294,0.4397619047619048,0.41595238095238096,0.4278571428571428,0.3628205128205128,0.35880952380952374,0.3403846153846154,0.3510714285714286,0.36297619047619045,0.3538095238095238,0.2976190476190476,0.3492307692307693,0.3243589743589744,0.3243589743589744,0.36205128205128206,0.3503962703962704,0.3428205128205128,0.3503962703962704,0.35136752136752136,0.35167832167832164,0.33854700854700853,0.34923076923076923,0.3376923076923077,0.3834188034188034,0.3376923076923077,0.3812820512820513,0.37188034188034186,0.3605250305250305,0.3605250305250305,0.33,0.3593688362919132,0.43458251150558846,0.274141810570382,0.3320248099239696,0.3278231292517007,0.3473333333333334,0.27655939298796445,0.4962803109409445,0.42782051282051287],[0.9487179487179488,0.6902564102564104,0.6902564102564104,0.0,0.6717440974866716,0.6397069597069598,0.6397069597069598,0.8410256410256411,0.6528951817413355,0.7209658453881704,0.7388791964049697,0.646484925331079,0.6488226059654632,0.6619561194818927,0.5955081243542782,0.7155696537139836,0.6378535553793285,0.5890978679440219,0.7258474239898388,0.6133227597145122,0.638963785355538,0.5816849816849817,0.48142119655157856,0.6181263181263181,0.5584045584045584,0.6227861485593444,0.49992069785884224,0.5342918822300265,0.46997564291378724,0.46997564291378724,0.48309779919613377,0.49848241458074916,0.48334918180045755,0.5201799258103778,0.49918809712624146,0.5043163022544467,0.5047389565232547,0.47373588610702005,0.4975454099165439,0.4380216003927343,0.4618311242022582,0.3891752577319588,0.3475454099165439,0.37943166798836897,0.33980731467844866,0.3636168384879725,0.38929798723613157,0.2857142857142857,0.362741210679355,0.31165741475019826,0.31165741475019826,0.3883822363203807,0.35108619902434335,0.378766851704996,0.35108619902434335,0.3905189884571328,0.35236825030639457,0.3488523217904661,0.3659463388844832,0.34799762093576525,0.33923693717508147,0.34799762093576525,0.33923693717508147,0.3383822363203806,0.38685598479412914,0.38685598479412914,0.35940787734602164,0.37290306838284626,0.43273212821190615,0.28889635156203636,0.34454812852976235,0.3607546111227996,0.35950744558991976,0.3069005810095648,0.5329443342029058,0.4144405422755938],[0.7230261487687228,0.7138106118304138,0.6497080477278497,0.6717440974866716,0.0,0.6478765458963477,0.5837739817937838,0.6614876872302614,0.7767475579975581,0.7414953033764916,0.6838029956841839,0.7038308913308914,0.8196094609460945,0.6645722264534145,0.7145782458282458,0.7782865786578657,0.6574532453245324,0.6416615791615791,0.5969675319520521,0.6785891089108911,0.6230335533553355,0.6285714285714286,0.4322200319579469,0.6823805594845198,0.7754629629629629,0.6679360243716679,0.623927392739274,0.5612809632611614,0.4971783991585973,0.4971783991585973,0.4709123155905334,0.4709123155905334,0.4878513134118842,0.5925996445798426,0.5724531244333224,0.5109146628948609,0.511337317163669,0.5284970804772786,0.47721502919522724,0.5156765676567656,0.46439451637471435,0.37541254125412543,0.3605483625285606,0.3401561309977152,0.41631759329779133,0.36503554201574,0.45249882131070246,0.2857142857142857,0.46142739273927397,0.3115003808073115,0.3115003808073115,0.37465092663112465,0.356002907983106,0.3711496149614961,0.356002907983106,0.4152492172294152,0.35728495926515735,0.3479415249217229,0.36767739273927397,0.34708682406702207,0.33832614030633834,0.34708682406702207,0.33832614030633834,0.3374714394516375,0.34931515129534935,0.34931515129534935,0.3297791317593298,0.4732271304053483,0.4838335904596377,0.3444883372529983,0.43244350291525596,0.4169296050484169,0.4140735502121641,0.3358215334877287,0.5710734056350293,0.5219559825805066],[0.6909890109890111,0.9032967032967034,0.8391941391941392,0.6397069597069598,0.6478765458963477,0.0,0.9358974358974359,0.7195604395604396,0.6279938010707242,0.653040293040293,0.5953479853479853,0.5606861087630318,0.6357509157509157,0.686007326007326,0.6621818352587583,0.6748351648351648,0.6283150183150182,0.5948741429510661,0.6393506390410416,0.6731868131868132,0.621904761904762,0.6153846153846154,0.4732094376212023,0.6815384615384615,0.5360602360602361,0.6048351648351648,0.5021611721611722,0.45454212454212456,0.4984981684981686,0.4984981684981686,0.46312952005259694,0.47851413543721233,0.4686599373477201,0.5679120879120879,0.545934065934066,0.4843956043956045,0.4915807269653424,0.4856802721088436,0.43806122448979595,0.4839795918367347,0.43636054421768705,0.3756410256410256,0.33704081632653066,0.37243589743589745,0.39571428571428574,0.3570238095238095,0.46186813186813186,0.2857142857142857,0.42615384615384616,0.31153846153846154,0.31153846153846154,0.3684615384615384,0.3562237762237762,0.37578754578754575,0.3562237762237762,0.4453846153846154,0.36006993006993004,0.3556410256410257,0.3716666666666667,0.35307692307692307,0.3556410256410257,0.35307692307692307,0.3556410256410257,0.35307692307692307,0.37945054945054946,0.37945054945054946,0.34282051282051285,0.43262890955198646,0.41736639428947114,0.3642778649921507,0.38554621848739495,0.39755102040816326,0.41400000000000003,0.3768995290423862,0.5739575356769927,0.5019701726844584],[0.6268864468864469,0.8391941391941392,0.9032967032967034,0.6397069597069598,0.5837739817937838,0.9358974358974359,0.0,0.6554578754578755,0.5638912369681601,0.5889377289377289,0.6017582417582417,0.5703014933784165,0.6357509157509157,0.621904761904762,0.5980792711561943,0.6107326007326008,0.6347252747252747,0.6044895275664507,0.5752480749384775,0.6090842490842492,0.621904761904762,0.6410256410256411,0.41368562809739284,0.6917948717948718,0.471957671957672,0.5407326007326007,0.5021611721611722,0.4655311355311355,0.5094871794871796,0.5094871794871796,0.46312952005259694,0.4833218277449047,0.47293344162122436,0.5038095238095238,0.4818315018315019,0.4946520146520147,0.5018371372217526,0.4261564625850341,0.43806122448979595,0.4244557823129252,0.43636054421768705,0.3756410256410256,0.33704081632653066,0.37243589743589745,0.3361904761904762,0.3570238095238095,0.3977655677655678,0.2857142857142857,0.36205128205128206,0.31153846153846154,0.31153846153846154,0.3684615384615384,0.3632167832167832,0.37578754578754575,0.3632167832167832,0.3812820512820513,0.367062937062937,0.3556410256410257,0.3812820512820513,0.35307692307692307,0.3748717948717949,0.35307692307692307,0.37273504273504277,0.3616239316239316,0.3904395604395604,0.3904395604395604,0.34282051282051285,0.36852634544942237,0.3532638301869071,0.30475405546834117,0.3260224089635854,0.3380272108843538,0.3584444444444445,0.31737571951857674,0.5098549715744286,0.44244636316064895],[0.8923076923076925,0.6799999999999999,0.615897435897436,0.8410256410256411,0.6614876872302614,0.7195604395604396,0.6554578754578755,0.0,0.6426387714849253,0.723529947952273,0.6709304784562519,0.5753310791772331,0.6693354264782836,0.7516997092254825,0.6614421902883441,0.7360824742268041,0.6570843246100979,0.5941344979806519,0.7400254028737,0.7107586571504098,0.6594766058683584,0.5919413919413921,0.5660150340865926,0.6137307137307138,0.5481481481481482,0.6125297383029342,0.5204335183716627,0.4771490250871695,0.51283278577093,0.51283278577093,0.511302927401262,0.4959183120166466,0.48153922704932633,0.5612055668360189,0.5504701484082928,0.48893168686983124,0.49019964967625557,0.4880216003927344,0.44040255277368673,0.5094501718213058,0.4618311242022582,0.3763547449114459,0.3499263622974963,0.3890470526037536,0.3963549337260677,0.3487358861070201,0.4515690495071938,0.2976190476190476,0.4268437747819191,0.3244779275707111,0.3244779275707111,0.36915146708961133,0.36973421767236203,0.39479249273063705,0.36973421767236203,0.4588950568332011,0.37358037151851586,0.36594633888448325,0.3851771081152524,0.36338223632038064,0.3563309542690986,0.36338223632038064,0.3563309542690986,0.353766851704996,0.3929609908991352,0.3929609908991352,0.35940787734602164,0.44982614530592324,0.42247571795549593,0.3528419297933289,0.3963688568210789,0.4083736587418473,0.41506300114547534,0.4089413973360954,0.5978010461184412,0.5168214946565463],[0.7041772330233868,0.704916877993801,0.6408143138912368,0.6528951817413355,0.7767475579975581,0.6279938010707242,0.5638912369681601,0.6426387714849253,0.0,0.717737390814314,0.6600450831220063,0.9270833333333334,0.6529227716727716,0.6646238377007608,0.8783068783068783,0.7509539072039071,0.6575091575091575,0.8053902116402116,0.5811587793011942,0.6798992673992674,0.6243437118437118,0.6682539682539682,0.4074918428910026,0.6862713675213675,0.6588403880070547,0.6993871513102282,0.56371336996337,0.5672372499295577,0.5031346858269935,0.5031346858269935,0.46124592999593,0.46124592999593,0.4496134992458522,0.6119329388560157,0.5826289095519865,0.521090448013525,0.5215131022823332,0.51961820231051,0.4683361510284587,0.5067976894899971,0.4555156382079459,0.37292194984502675,0.38188926458157224,0.3614750633981403,0.4486475063398141,0.3973654550577628,0.4756181318681319,0.30612244897959184,0.45875305250305254,0.33336855452240066,0.33336855452240066,0.37218230487461257,0.35353428622659394,0.39426892551892556,0.35353428622659394,0.436590119282427,0.3548163375086452,0.34730440499671267,0.3907967032967033,0.3464497041420118,0.3596670423593501,0.3464497041420118,0.3596670423593501,0.35881234150464925,0.3706560533483611,0.3706560533483611,0.3511200338123415,0.45860042735042733,0.4941415422184653,0.3445688926458157,0.44281736363184326,0.4163144547759932,0.4064952904238619,0.34595761381475665,0.594092370676081,0.5265497323189631],[0.7722478966702216,0.7189743589743589,0.6548717948717948,0.7209658453881704,0.7414953033764916,0.653040293040293,0.5889377289377289,0.723529947952273,0.717737390814314,0.0,0.9025198938992042,0.6504296985066217,0.6544479330193617,0.8704686118479222,0.6603503334272566,0.8053132434575734,0.7756410256410255,0.5930426411195642,0.5976422957847106,0.6125297383029342,0.5612476870208829,0.6043956043956045,0.4576116727420548,0.6309912309912311,0.6032763532763533,0.6740681998413958,0.5255617234998677,0.5481334046922387,0.4853571005366242,0.4853571005366242,0.42925164534998,0.4164311325294671,0.4166825151337909,0.5950577447200269,0.5696061847857085,0.5054152033533477,0.5084903775160551,0.48564064801178203,0.43802160039273436,0.48564064801178203,0.43802160039273436,0.3763547449114459,0.3475454099165439,0.3424245946019853,0.39933112420225825,0.3517120765832106,0.4186020165401608,0.2857142857142857,0.4268437747819191,0.31165741475019826,0.31165741475019826,0.3755617234998678,0.3697342176723619,0.3435104414485857,0.3697342176723619,0.4161600140981584,0.3710162689544133,0.35017858173741573,0.3403053132434576,0.3493238808827149,0.35205744999559435,0.3493238808827149,0.35205744999559435,0.352529009087843,0.35022594816409247,0.35022594816409247,0.3320161885750226,0.4377986538969886,0.4976277137260483,0.32296606192040656,0.39216717614880997,0.3879654954765411,0.4150630011454754,0.3631731590062807,0.6320071105070615,0.5096786375136891],[0.7196484271742005,0.6612820512820512,0.6676923076923077,0.7388791964049697,0.6838029956841839,0.5953479853479853,0.6017582417582417,0.6709304784562519,0.6600450831220063,0.9025198938992042,0.0,0.6600450831220063,0.6672684458398744,0.8510256410256409,0.6026580257349488,0.7476209357652657,0.8333333333333333,0.6026580257349488,0.5399499880924029,0.5548374306106265,0.5740681998413957,0.6172161172161172,0.4040402441706262,0.6463758463758464,0.5455840455840456,0.6163758921490881,0.5383822363203806,0.5593346172727615,0.4952320531701974,0.4952320531701974,0.42925164534998,0.4164311325294671,0.4166825151337909,0.5401771081152524,0.5092613571995015,0.5207998187379631,0.5212224730067712,0.4320692194403534,0.44992636229749633,0.4320692194403534,0.44992636229749633,0.38917525773195877,0.3475454099165439,0.3426367961934972,0.34575969563082964,0.3636168384879725,0.3609097088478531,0.2857142857142857,0.3691514670896114,0.31165741475019826,0.31165741475019826,0.38838223632038066,0.3767272246653689,0.3435104414485857,0.3767272246653689,0.3584677064058507,0.38500228294042727,0.3488523217904661,0.3403053132434576,0.34799762093576525,0.35205744999559435,0.34799762093576525,0.35205744999559435,0.35274121067935504,0.3612149591531034,0.3612149591531034,0.33222839016653444,0.38010634620468087,0.440689553846712,0.26939463334897795,0.3385957475773814,0.33439406690511253,0.36506300114547535,0.3099958191048029,0.5747392059977776,0.45610720894226053],[0.6368695407156945,0.6376091856861087,0.6472245703014933,0.646484925331079,0.7038308913308914,0.5606861087630318,0.5703014933784165,0.5753310791772331,0.9270833333333334,0.6504296985066217,0.6600450831220063,0.0,0.6459783272283272,0.5973161453930684,0.8053902116402116,0.6780372405372406,0.6575091575091575,0.8783068783068783,0.5138510869935019,0.6069826007326008,0.6173992673992674,0.6856150793650794,0.3449918428910026,0.7008547008547009,0.585923721340388,0.6320794590025359,0.5567689255189255,0.5850943927867005,0.5209918286841364,0.530607213299521,0.46124592999593,0.4664542633292634,0.4542431288754818,0.5446252465483234,0.5153212172442942,0.5345519864750634,0.5349746407438716,0.45231051000281774,0.4619258946182023,0.43948999718230486,0.4491053817976895,0.36651169343477036,0.38188926458157224,0.3614750633981403,0.38133981403212175,0.3909551986475064,0.40270146520146527,0.30612244897959184,0.38583638583638585,0.33336855452240066,0.33336855452240066,0.3657720484643562,0.3605272932196009,0.39426892551892556,0.37451330720561493,0.36928242697473473,0.3688023514946592,0.34730440499671267,0.40121336996337,0.3464497041420118,0.36928242697473473,0.3464497041420118,0.3682140509063586,0.36735935005165776,0.3788978115901193,0.3788978115901193,0.3511200338123415,0.38568376068376065,0.426833849910773,0.2772612003381234,0.375509671324151,0.34900676246830087,0.3439952904238619,0.28345761381475665,0.5267846783683887,0.4592420400112708],[0.6231815803244375,0.6071794871794872,0.6071794871794872,0.6488226059654632,0.8196094609460945,0.6357509157509157,0.6357509157509157,0.6693354264782836,0.6529227716727716,0.6544479330193617,0.6672684458398744,0.6459783272283272,0.0,0.6775248560962847,0.6851979039479038,0.6700963718820862,0.7478741496598639,0.6782534595034595,0.566881003413511,0.6923185941043085,0.747874149659864,0.6666666666666666,0.4069946659982674,0.7507756132756134,0.6092592592592593,0.5575091575091575,0.7468820861678004,0.5114076399790686,0.5473050758765046,0.5473050758765046,0.4902138205709634,0.4855841909413338,0.5033401822267368,0.5445578231292517,0.5511512297226583,0.5562794348508635,0.5520528921627823,0.4676347462061748,0.5189167974882261,0.47789115646258506,0.5291732077446364,0.4338042909471481,0.37660910518053375,0.36008634222919933,0.3753270538984825,0.42660910518053374,0.4214852607709751,0.2857142857142857,0.4135487528344672,0.3116169544740973,0.3116169544740973,0.43301936159079024,0.37649255506398366,0.39965986394557823,0.37649255506398366,0.3817373103087389,0.3803387089101375,0.3657116692830979,0.3892431972789116,0.3631475667189953,0.36464329321472183,0.3631475667189953,0.3560962846677133,0.3535321821036107,0.37807430664573527,0.37807430664573527,0.3304552590266876,0.44623233908948196,0.371735834373197,0.326872760938695,0.3863391510450334,0.3772893772893772,0.39091350826044696,0.3196157583912686,0.5600328888952031,0.530604194340458],[0.713238170763944,0.6676923076923077,0.6035897435897437,0.6619561194818927,0.6645722264534145,0.686007326007326,0.621904761904762,0.7516997092254825,0.6646238377007608,0.8704686118479222,0.8510256410256409,0.5973161453930684,0.6775248560962847,0.0,0.6859913590682822,0.7155696537139835,0.8653846153846154,0.6186836667605898,0.6066920695403667,0.6612476870208829,0.6099656357388316,0.6351648351648352,0.4541102721818307,0.663958263958264,0.5391737891737891,0.6227861485593444,0.5486386465767908,0.48424304218118647,0.522704580642725,0.522704580642725,0.42925164534998,0.44207215817049283,0.4302571757672751,0.5850489029870473,0.5779426758808202,0.5164042143423587,0.517672177148783,0.47373588610702017,0.4261168384879725,0.5094501718213059,0.46183112420225825,0.3827650013217024,0.36659302896416296,0.37148295003965104,0.43802160039273436,0.3725454099165439,0.44058003851818284,0.2976190476190476,0.43325403119217554,0.3244779275707111,0.3244779275707111,0.38197197991012427,0.3889649869031312,0.38197197991012416,0.3889649869031312,0.44180103973918405,0.3940931920313363,0.37449334743149176,0.3691514670896114,0.37107454401268836,0.3905189884571328,0.37107454401268836,0.38197197991012416,0.3809463388844832,0.3758669738051182,0.3758669738051182,0.33222839016653444,0.45061916671750135,0.4599203230774812,0.3535783068183657,0.3963688568210789,0.39816957710919415,0.43728522336769754,0.39247881230208187,0.6460061743235695,0.5668214946565462],[0.6467901756363295,0.6255517986287218,0.5614492345261577,0.5955081243542782,0.7145782458282458,0.6621818352587583,0.5980792711561943,0.6614421902883441,0.8783068783068783,0.6603503334272566,0.6026580257349488,0.8053902116402116,0.6851979039479038,0.6859913590682822,0.0,0.6768798331298331,0.6806573056573056,0.9270833333333334,0.6057224509236894,0.676460113960114,0.6209045584045584,0.7051587301587302,0.4200968849078093,0.7233084045584045,0.5847663139329805,0.6090330609561379,0.5959885022385022,0.4988611815534893,0.524502207194515,0.524502207194515,0.47976444851444855,0.4870395807895808,0.4692213423831071,0.5948389217619986,0.6046069315300084,0.543068469991547,0.5443364327979713,0.5245022071945149,0.4732201559124636,0.5220602047525125,0.47077815347046115,0.39032121724429414,0.37676105945336713,0.38848971541279237,0.45368413637644406,0.40240208509439274,0.5033959096459097,0.2959183673469387,0.4776022588522589,0.32237954353338966,0.32237954353338966,0.38958157227387996,0.3773438100361177,0.42006257631257643,0.3773438100361177,0.4646731473654552,0.38118996388227155,0.36439842209072987,0.42006257631257643,0.36183431952662726,0.38775007044237825,0.36183431952662726,0.38775007044237825,0.3851859678782756,0.39873908143138925,0.39873908143138925,0.36210904480135253,0.47513481888481895,0.41477646285338593,0.37875692683384987,0.4473422505096713,0.4309664694280079,0.4184000523286238,0.3777036455607884,0.5966780203205542,0.5453531511223818],[0.7668517049960349,0.7407692307692307,0.6766666666666665,0.7155696537139836,0.7782865786578657,0.6748351648351648,0.6107326007326008,0.7360824742268041,0.7509539072039071,0.8053132434575734,0.7476209357652657,0.6780372405372406,0.6700963718820862,0.7155696537139835,0.6768798331298331,0.0,0.7127004581901489,0.6039631664631665,0.6232833214257363,0.6913516609392899,0.6357961053837342,0.6023809523809525,0.5004688155991976,0.641065416065416,0.6396604938271605,0.7005022468939995,0.5304696449026346,0.5365507344888789,0.4724481703863148,0.4724481703863148,0.49557817135136717,0.4789115046847005,0.47918383583938456,0.548638646576791,0.5284921264302708,0.46695366489180923,0.46737631916061734,0.5101771081152525,0.4588950568332012,0.5101771081152525,0.4588950568332012,0.3763547449114459,0.3614591593973037,0.3410983346550357,0.43004890298704734,0.378766851704996,0.45348551791850755,0.3095238095238095,0.462414089347079,0.33729844039122386,0.33729844039122386,0.3755617234998678,0.34409319203133637,0.3721363115693012,0.34409319203133637,0.4161600140981584,0.3453752433133876,0.3488523217904661,0.368664089347079,0.34799762093576525,0.33923693717508147,0.34799762093576525,0.33923693717508147,0.3383822363203806,0.35022594816409247,0.35022594816409247,0.33068992862807295,0.5012005463036391,0.4840141794939574,0.3470165837334751,0.42233388200641075,0.4178089951285827,0.45661512027491413,0.34880534291432674,0.5780725393311109,0.5104231480916652],[0.6186227861485593,0.6100000000000001,0.6164102564102565,0.6378535553793285,0.6574532453245324,0.6283150183150182,0.6347252747252747,0.6570843246100979,0.6575091575091575,0.7756410256410255,0.8333333333333333,0.6575091575091575,0.7478741496598639,0.8653846153846154,0.6806573056573056,0.7127004581901489,0.0,0.6806573056573056,0.548999761848059,0.6538516609392898,0.6746849942726231,0.7019841269841272,0.4005388436104021,0.735954785954786,0.5216049382716049,0.5650938408670367,0.6082474226804123,0.4936935916317359,0.5321551300932743,0.5321551300932743,0.46502261579581167,0.47891150468470056,0.466111940414548,0.5165873645255088,0.5202503681885126,0.531788829726974,0.5330567925333984,0.4524848004229448,0.47171556965371403,0.49094633888448325,0.5101771081152525,0.3955855141422152,0.39479249273063705,0.3699444885011895,0.41402326196140626,0.41402326196140626,0.41479504172803144,0.2976190476190476,0.40685853379152354,0.3244779275707111,0.3244779275707111,0.3947924927306371,0.39595799389613817,0.41380297823596784,0.39595799389613817,0.3841087320468764,0.40807920601735026,0.37449334743149176,0.399914089347079,0.37107454401268836,0.3905189884571328,0.37107454401268836,0.38197197991012416,0.3794078773460216,0.38685598479412914,0.38685598479412914,0.33068992862807295,0.4256707639439598,0.40147386757220216,0.32308433041977846,0.36916646119193114,0.371105698425286,0.41494845360824734,0.3360502408735104,0.5852369435543388,0.5527308403993575],[0.5794824833286373,0.5582441063210294,0.5678594909364141,0.5890978679440219,0.6416615791615791,0.5948741429510661,0.6044895275664507,0.5941344979806519,0.8053902116402116,0.5930426411195642,0.6026580257349488,0.8783068783068783,0.6782534595034595,0.6186836667605898,0.9270833333333334,0.6039631664631665,0.6806573056573056,0.0,0.5384147586159971,0.6035434472934473,0.613960113960114,0.7225198412698411,0.3575968849078093,0.7378917378917379,0.5118496472663139,0.5417253686484456,0.5890440577940578,0.5167183244106321,0.5423593500516578,0.5519747346670424,0.47976444851444855,0.49224791412291413,0.4738509720127367,0.5275312294543063,0.5372992392223161,0.5565300084530854,0.5577979712595098,0.4571945148868226,0.4668098995022072,0.4547525124448202,0.46436789706020476,0.38391096083403775,0.37676105945336713,0.38848971541279237,0.38637644406875177,0.39599182868413635,0.43047924297924306,0.2959183673469387,0.40468559218559225,0.32237954353338966,0.32237954353338966,0.3831713158636236,0.3843368170291247,0.42006257631257643,0.3983228310151387,0.39736545505776283,0.39517597786828557,0.36439842209072987,0.43047924297924306,0.36183431952662726,0.39736545505776283,0.36183431952662726,0.39629707898938676,0.3937329764252841,0.40698083967314747,0.40698083967314747,0.36210904480135253,0.40221815221815227,0.34746877054569364,0.3114492345261576,0.380034558201979,0.36365877712031563,0.3559000523286238,0.3152036455607884,0.5293703280128619,0.4780454588146895],[0.7771294752718902,0.6149162499007701,0.550813685798206,0.7258474239898388,0.5969675319520521,0.6393506390410416,0.5752480749384775,0.7400254028737,0.5811587793011942,0.5976422957847106,0.5399499880924029,0.5138510869935019,0.566881003413511,0.6066920695403667,0.6057224509236894,0.6232833214257363,0.548999761848059,0.5384147586159971,0.0,0.6053425418750495,0.5540604905929982,0.5299561119994558,0.648110661268556,0.5529615894940972,0.5200444550289751,0.5450107168373421,0.4535206795268714,0.42981889111920074,0.4388686648748568,0.4388686648748568,0.4819059483027094,0.4972905636873248,0.474364470172996,0.5175381893648147,0.5511516347429659,0.4896131732045044,0.4896131732045044,0.4858469703670942,0.4382279227480465,0.46203744655757034,0.41441839893852267,0.34960704929745173,0.3114772224679346,0.3541319361752798,0.3667993513194751,0.31918030370042744,0.43056736864786394,0.28696741854636587,0.39953957291418585,0.3097165991902834,0.3097165991902834,0.3482575216321345,0.334134389861944,0.3482575216321346,0.3296095029841159,0.4251805985552115,0.3296095029841159,0.33223188060649356,0.3482575216321346,0.33223188060649356,0.3226164959911089,0.33223188060649356,0.3226164959911089,0.3226164959911089,0.35924653262114564,0.3637714194989737,0.3346828609986504,0.40317291662850124,0.3898496385993409,0.31848512684425995,0.3812051136243971,0.39561087592931904,0.39755761953904367,0.3264666190362785,0.5588968069320533,0.43332029167942476],[0.6646048109965637,0.6753846153846154,0.6112820512820514,0.6133227597145122,0.6785891089108911,0.6731868131868132,0.6090842490842492,0.7107586571504098,0.6798992673992674,0.6125297383029342,0.5548374306106265,0.6069826007326008,0.6923185941043085,0.6612476870208829,0.676460113960114,0.6913516609392899,0.6538516609392898,0.6035434472934473,0.6053425418750495,0.0,0.9444444444444445,0.6019841269841271,0.4592119