{
  "stem": "Horizontal_Computational_Grids",
  "singular": "Horizontal Grid",
  "endpoint": "horizontal_computational_grid",
  "count": 22,
  "method": "embedding (all-MiniLM-L6-v2) | link: field-level (links uninformative) | order: spectral graph components",
  "entries": [
    {
      "id": "h118",
      "label": "h118",
      "spectral_rank": 0
    },
    {
      "id": "h115",
      "label": "h115",
      "spectral_rank": 1
    },
    {
      "id": "h120",
      "label": "h120",
      "spectral_rank": 2
    },
    {
      "id": "h110",
      "label": "h110",
      "spectral_rank": 3
    },
    {
      "id": "h117",
      "label": "h117",
      "spectral_rank": 4
    },
    {
      "id": "h119",
      "label": "h119",
      "spectral_rank": 5
    },
    {
      "id": "h111",
      "label": "h111",
      "spectral_rank": 6
    },
    {
      "id": "h113",
      "label": "h113",
      "spectral_rank": 7
    },
    {
      "id": "h102",
      "label": "h102",
      "spectral_rank": 8
    },
    {
      "id": "h106",
      "label": "h106",
      "spectral_rank": 9
    },
    {
      "id": "h105",
      "label": "h105",
      "spectral_rank": 10
    },
    {
      "id": "h104",
      "label": "h104",
      "spectral_rank": 11
    },
    {
      "id": "h107",
      "label": "h107",
      "spectral_rank": 12
    },
    {
      "id": "h108",
      "label": "h108",
      "spectral_rank": 13
    },
    {
      "id": "h112",
      "label": "h112",
      "spectral_rank": 14
    },
    {
      "id": "h100",
      "label": "h100",
      "spectral_rank": 15
    },
    {
      "id": "h109",
      "label": "h109",
      "spectral_rank": 16
    },
    {
      "id": "h116",
      "label": "h116",
      "spectral_rank": 17
    },
    {
      "id": "h121",
      "label": "h121",
      "spectral_rank": 18
    },
    {
      "id": "h114",
      "label": "h114",
      "spectral_rank": 19
    },
    {
      "id": "h101",
      "label": "h101",
      "spectral_rank": 20
    },
    {
      "id": "h103",
      "label": "h103",
      "spectral_rank": 21
    }
  ],
  "link_matrix": [
    [
      0.0,
      0.9607843137254901,
      0.9607843137254901,
      0.9509803921568627,
      0.9411764705882353,
      0.9411764705882353,
      0.9411764705882353,
      0.9411764705882353,
      0.9411764705882353,
      0.4444444444444444,
      0.4444444444444444,
      0.2962962962962963,
      0.4444444444444444,
      0.4836601307189542,
      0.4640522875816993,
      0.4008714596949891,
      0.6013071895424836,
      0.6470588235294118,
      0.2962962962962963,
      0.6993464052287581,
      0.6274509803921569,
      0.3028322440087146
    ],
    [
      0.9607843137254901,
      0.0,
      0.9509803921568627,
      0.9509803921568627,
      0.9705882352941176,
      0.9509803921568627,
      0.9411764705882353,
      0.9411764705882353,
      0.9411764705882353,
      0.4444444444444444,
      0.4444444444444444,
      0.2962962962962963,
      0.4444444444444444,
      0.4836601307189542,
      0.4640522875816993,
      0.4008714596949891,
      0.6013071895424836,
      0.6339869281045751,
      0.2962962962962963,
      0.6993464052287581,
      0.6274509803921569,
      0.3028322440087146
    ],
    [
      0.9607843137254901,
      0.9509803921568627,
      0.0,
      0.9411764705882353,
      0.9411764705882353,
      0.9411764705882353,
      0.9411764705882353,
      0.9411764705882353,
      0.9411764705882353,
      0.4444444444444444,
      0.4444444444444444,
      0.2962962962962963,
      0.4444444444444444,
      0.4836601307189542,
      0.4640522875816993,
      0.4008714596949891,
      0.6013071895424836,
      0.6405228758169934,
      0.2962962962962963,
      0.6993464052287581,
      0.6339869281045751,
      0.3028322440087146
    ],
    [
      0.9509803921568627,
      0.9509803921568627,
      0.9411764705882353,
      0.0,
      0.9411764705882353,
      0.9411764705882353,
      0.9607843137254901,
      0.9411764705882353,
      0.9411764705882353,
      0.4444444444444444,
      0.4444444444444444,
      0.2962962962962963,
      0.4444444444444444,
      0.4836601307189542,
      0.4640522875816993,
      0.4008714596949891,
      0.6013071895424836,
      0.6274509803921569,
      0.2962962962962963,
      0.6993464052287581,
      0.6339869281045751,
      0.3028322440087146
    ],
    [
      0.9411764705882353,
      0.9705882352941176,
      0.9411764705882353,
      0.9411764705882353,
      0.0,
      0.9607843137254901,
      0.9509803921568627,
      0.9607843137254901,
      0.9411764705882353,
      0.4444444444444444,
      0.4444444444444444,
      0.2962962962962963,
      0.4444444444444444,
      0.4836601307189542,
      0.4640522875816993,
      0.4008714596949891,
      0.6013071895424836,
      0.6274509803921569,
      0.2962962962962963,
      0.6993464052287581,
      0.6274509803921569,
      0.3028322440087146
    ],
    [
      0.9411764705882353,
      0.9509803921568627,
      0.9411764705882353,
      0.9411764705882353,
      0.9607843137254901,
      0.0,
      0.9607843137254901,
      0.9411764705882353,
      0.9509803921568627,
      0.4444444444444444,
      0.4444444444444444,
      0.2962962962962963,
      0.4444444444444444,
      0.4836601307189542,
      0.4640522875816993,
      0.4008714596949891,
      0.6013071895424836,
      0.6339869281045751,
      0.2962962962962963,
      0.7189542483660131,
      0.6274509803921569,
      0.3028322440087146
    ],
    [
      0.9411764705882353,
      0.9411764705882353,
      0.9411764705882353,
      0.9607843137254901,
      0.9509803921568627,
      0.9607843137254901,
      0.0,
      0.9411764705882353,
      0.9607843137254901,
      0.4444444444444444,
      0.4444444444444444,
      0.2962962962962963,
      0.4444444444444444,
      0.4836601307189542,
      0.4640522875816993,
      0.4008714596949891,
      0.611111111111111,
      0.6274509803921569,
      0.2962962962962963,
      0.6993464052287581,
      0.6274509803921569,
      0.3028322440087146
    ],
    [
      0.9411764705882353,
      0.9411764705882353,
      0.9411764705882353,
      0.9411764705882353,
      0.9607843137254901,
      0.9411764705882353,
      0.9411764705882353,
      0.0,
      0.9705882352941176,
      0.4444444444444444,
      0.4444444444444444,
      0.2962962962962963,
      0.4444444444444444,
      0.4836601307189542,
      0.4640522875816993,
      0.4139433551198257,
      0.611111111111111,
      0.6274509803921569,
      0.2962962962962963,
      0.7091503267973855,
      0.6405228758169934,
      0.3028322440087146
    ],
    [
      0.9411764705882353,
      0.9411764705882353,
      0.9411764705882353,
      0.9411764705882353,
      0.9411764705882353,
      0.9509803921568627,
      0.9607843137254901,
      0.9705882352941176,
      0.0,
      0.4444444444444444,
      0.4444444444444444,
      0.2962962962962963,
      0.4444444444444444,
      0.4836601307189542,
      0.4640522875816993,
      0.4074074074074074,
      0.611111111111111,
      0.6274509803921569,
      0.2962962962962963,
      0.6993464052287581,
      0.6405228758169934,
      0.3028322440087146
    ],
    [
      0.4444444444444444,
      0.4444444444444444,
      0.4444444444444444,
      0.4444444444444444,
      0.4444444444444444,
      0.4444444444444444,
      0.4444444444444444,
      0.4444444444444444,
      0.4444444444444444,
      0.0,
      0.8888888888888888,
      0.5925925925925926,
      0.6451612903225806,
      0.5666666666666667,
      0.5875,
      0.3333333333333333,
      0.4444444444444444,
      0.2962962962962963,
      0.5925925925925926,
      0.4444444444444444,
      0.2962962962962963,
      0.39166666666666666
    ],
    [
      0.4444444444444444,
      0.4444444444444444,
      0.4444444444444444,
      0.4444444444444444,
      0.4444444444444444,
      0.4444444444444444,
      0.4444444444444444,
      0.4444444444444444,
      0.4444444444444444,
      0.8888888888888888,
      0.0,
      0.5925925925925926,
      0.6129032258064516,
      0.5666666666666667,
      0.5875,
      0.3333333333333333,
      0.4444444444444444,
      0.2962962962962963,
      0.5925925925925926,
      0.4444444444444444,
      0.2962962962962963,
      0.39999999999999997
    ],
    [
      0.2962962962962963,
      0.2962962962962963,
      0.2962962962962963,
      0.2962962962962963,
      0.2962962962962963,
      0.2962962962962963,
      0.2962962962962963,
      0.2962962962962963,
      0.2962962962962963,
      0.5925925925925926,
      0.5925925925925926,
      0.0,
      0.40860215053763443,
      0.3666666666666667,
      0.39166666666666666,
      0.3917525773195876,
      0.2962962962962963,
      0.3001892403352257,
      0.5958929226255959,
      0.2962962962962963,
      0.3640046296296296,
      0.40208333333333335
    ],
    [
      0.4444444444444444,
      0.4444444444444444,
      0.4444444444444444,
      0.4444444444444444,
      0.4444444444444444,
      0.4444444444444444,
      0.4444444444444444,
      0.4444444444444444,
      0.4444444444444444,
      0.6451612903225806,
      0.6129032258064516,
      0.40860215053763443,
      0.0,
      0.5806451612903226,
      0.625,
      0.3333333333333333,
      0.4444444444444444,
      0.2962962962962963,
      0.40860215053763443,
      0.4444444444444444,
      0.2962962962962963,
      0.4166666666666667
    ],
    [
      0.4836601307189542,
      0.4836601307189542,
      0.4836601307189542,
      0.4836601307189542,
      0.4836601307189542,
      0.4836601307189542,
      0.4836601307189542,
      0.4836601307189542,
      0.4836601307189542,
      0.5666666666666667,
      0.5666666666666667,
      0.3666666666666667,
      0.5806451612903226,
      0.0,
      0.575,
      0.3333333333333333,
      0.4611111111111111,
      0.32244008714596945,
      0.3666666666666667,
      0.49095607235142114,
      0.32244008714596945,
      0.3833333333333333
    ],
    [
      0.4640522875816993,
      0.4640522875816993,
      0.4640522875816993,
      0.4640522875816993,
      0.4640522875816993,
      0.4640522875816993,
      0.4640522875816993,
      0.4640522875816993,
      0.4640522875816993,
      0.5875,
      0.5875,
      0.39166666666666666,
      0.625,
      0.575,
      0.0,
      0.3416666666666666,
      0.45694444444444443,
      0.3093681917211329,
      0.39166666666666666,
      0.4560723514211886,
      0.3093681917211329,
      0.65
    ],
    [
      0.4008714596949891,
      0.4008714596949891,
      0.4008714596949891,
      0.4008714596949891,
      0.4008714596949891,
      0.4008714596949891,
      0.4008714596949891,
      0.4139433551198257,
      0.4074074074074074,
      0.3333333333333333,
      0.3333333333333333,
      0.3917525773195876,
      0.3333333333333333,
      0.3333333333333333,
      0.3416666666666666,
      0.0,
      0.433048433048433,
      0.4108137334414706,
      0.35313531353135313,
      0.43583118001722654,
      0.45861689463872607,
      0.3505154639175258
    ],
    [
      0.6013071895424836,
      0.6013071895424836,
      0.6013071895424836,
      0.6013071895424836,
      0.6013071895424836,
      0.6013071895424836,
      0.611111111111111,
      0.611111111111111,
      0.611111111111111,
      0.4444444444444444,
      0.4444444444444444,
      0.2962962962962963,
      0.4444444444444444,
      0.4611111111111111,
      0.45694444444444443,
      0.433048433048433,
      0.0,
      0.4008714596949891,
      0.2962962962962963,
      0.686046511627907,
      0.4008714596949891,
      0.2962962962962963
    ],
    [
      0.6470588235294118,
      0.6339869281045751,
      0.6405228758169934,
      0.6274509803921569,
      0.6274509803921569,
      0.6339869281045751,
      0.6274509803921569,
      0.6274509803921569,
      0.6274509803921569,
      0.2962962962962963,
      0.2962962962962963,
      0.3001892403352257,
      0.2962962962962963,
      0.32244008714596945,
      0.3093681917211329,
      0.4108137334414706,
      0.4008714596949891,
      0.0,
      0.29970262233035955,
      0.4727668845315904,
      0.6298840704164878,
      0.30429209802331314
    ],
    [
      0.2962962962962963,
      0.2962962962962963,
      0.2962962962962963,
      0.2962962962962963,
      0.2962962962962963,
      0.2962962962962963,
      0.2962962962962963,
      0.2962962962962963,
      0.2962962962962963,
      0.5925925925925926,
      0.5925925925925926,
      0.5958929226255959,
      0.40860215053763443,
      0.3666666666666667,
      0.39166666666666666,
      0.35313531353135313,
      0.2962962962962963,
      0.29970262233035955,
      0.0,
      0.2962962962962963,
      0.3028969563623029,
      0.4099009900990099
    ],
    [
      0.6993464052287581,
      0.6993464052287581,
      0.6993464052287581,
      0.6993464052287581,
      0.6993464052287581,
      0.7189542483660131,
      0.6993464052287581,
      0.7091503267973855,
      0.6993464052287581,
      0.4444444444444444,
      0.4444444444444444,
      0.2962962962962963,
      0.4444444444444444,
      0.49095607235142114,
      0.4560723514211886,
      0.43583118001722654,
      0.686046511627907,
      0.4727668845315904,
      0.2962962962962963,
      0.0,
      0.4662309368191721,
      0.2962962962962963
    ],
    [
      0.6274509803921569,
      0.6274509803921569,
      0.6339869281045751,
      0.6339869281045751,
      0.6274509803921569,
      0.6274509803921569,
      0.6274509803921569,
      0.6405228758169934,
      0.6405228758169934,
      0.2962962962962963,
      0.2962962962962963,
      0.3640046296296296,
      0.2962962962962963,
      0.32244008714596945,
      0.3093681917211329,
      0.45861689463872607,
      0.4008714596949891,
      0.6298840704164878,
      0.3028969563623029,
      0.4662309368191721,
      0.0,
      0.30848196152283885
    ],
    [
      0.3028322440087146,
      0.3028322440087146,
      0.3028322440087146,
      0.3028322440087146,
      0.3028322440087146,
      0.3028322440087146,
      0.3028322440087146,
      0.3028322440087146,
      0.3028322440087146,
      0.39166666666666666,
      0.39999999999999997,
      0.40208333333333335,
      0.4166666666666667,
      0.3833333333333333,
      0.65,
      0.3505154639175258,
      0.2962962962962963,
      0.30429209802331314,
      0.4099009900990099,
      0.2962962962962963,
      0.30848196152283885,
      0.0
    ]
  ],
  "text_matrix": [
    [
      0.0,
      0.07118306852095913,
      0.07118306852095913,
      0.07118306852095913,
      0.07118306852095913,
      0.07118306852095913,
      0.07118306852095913,
      0.07375948597979554,
      0.07118306852095913,
      0.0,
      0.0,
      0.0,
      0.0,
      0.0,
      0.0,
      0.0,
      0.0,
      0.018085162876332318,
      0.0,
      0.0,
      0.08115457057135399,
      0.0
    ],
    [
      0.07118306852095913,
      0.0,
      0.07118306852095913,
      0.07118306852095913,
      0.07118306852095913,
      0.07118306852095913,
      0.07118306852095913,
      0.07375948597979554,
      0.07118306852095913,
      0.0,
      0.0,
      0.0,
      0.0,
      0.0,
      0.0,
      0.0,
      0.0,
      0.018085162876332318,
      0.0,
      0.0,
      0.08115457057135399,
      0.0
    ],
    [
      0.07118306852095913,
      0.07118306852095913,
      0.0,
      0.07118306852095913,
      0.07118306852095913,
      0.07118306852095913,
      0.07118306852095913,
      0.07375948597979554,
      0.07118306852095913,
      0.0,
      0.0,
      0.0,
      0.0,
      0.0,
      0.0,
      0.0,
      0.0,
      0.018085162876332318,
      0.0,
      0.0,
      0.08115457057135399,
      0.0
    ],
    [
      0.07118306852095913,
      0.07118306852095913,
      0.07118306852095913,
      0.0,
      0.07118306852095913,
      0.07118306852095913,
      0.07118306852095913,
      0.07375948597979554,
      0.07118306852095913,
      0.0,
      0.0,
      0.0,
      0.0,
      0.0,
      0.0,
      0.0,
      0.0,
      0.018085162876332318,
      0.0,
      0.0,
      0.08115457057135399,
      0.0
    ],
    [
      0.07118306852095913,
      0.07118306852095913,
      0.07118306852095913,
      0.07118306852095913,
      0.0,
      0.07118306852095913,
      0.07118306852095913,
      0.07375948597979554,
      0.07118306852095913,
      0.0,
      0.0,
      0.0,
      0.0,
      0.0,
      0.0,
      0.0,
      0.0,
      0.018085162876332318,
      0.0,
      0.0,
      0.08115457057135399,
      0.0
    ],
    [
      0.07118306852095913,
      0.07118306852095913,
      0.07118306852095913,
      0.07118306852095913,
      0.07118306852095913,
      0.0,
      0.07118306852095913,
      0.07375948597979554,
      0.07118306852095913,
      0.0,
      0.0,
      0.0,
      0.0,
      0.0,
      0.0,
      0.0,
      0.0,
      0.018085162876332318,
      0.0,
      0.0,
      0.08115457057135399,
      0.0
    ],
    [
      0.07118306852095913,
      0.07118306852095913,
      0.07118306852095913,
      0.07118306852095913,
      0.07118306852095913,
      0.07118306852095913,
      0.0,
      0.07375948597979554,
      0.07118306852095913,
      0.0,
      0.0,
      0.0,
      0.0,
      0.0,
      0.0,
      0.0,
      0.0,
      0.018085162876332318,
      0.0,
      0.0,
      0.08115457057135399,
      0.0
    ],
    [
      0.07375948597979554,
      0.07375948597979554,
      0.07375948597979554,
      0.07375948597979554,
      0.07375948597979554,
      0.07375948597979554,
      0.07375948597979554,
      0.0,
      0.07375948597979554,
      0.0,
      0.43548013491049525,
      0.0,
      0.0,
      0.0,
      0.0,
      0.0,
      0.0,
      0.01873974170172762,
      0.0,
      0.0,
      0.08409189902359462,
      0.0
    ],
    [
      0.07118306852095913,
      0.07118306852095913,
      0.07118306852095913,
      0.07118306852095913,
      0.07118306852095913,
      0.07118306852095913,
      0.07118306852095913,
      0.07375948597979554,
      0.0,
      0.0,
      0.0,
      0.0,
      0.0,
      0.0,
      0.0,
      0.0,
      0.0,
      0.018085162876332318,
      0.0,
      0.0,
      0.08115457057135399,
      0.0
    ],
    [
      0.0,
      0.0,
      0.0,
      0.0,
      0.0,
      0.0,
      0.0,
      0.0,
      0.0,
      0.0,
      0.2428559228370617,
      0.1806894907282034,
      0.22088813243929042,
      0.22088813243929042,
      0.22088813243929042,
      0.13120117357925717,
      0.0,
      0.0,
      0.06675160874070163,
      0.0,
      0.0,
      0.2058008188617377
    ],
    [
      0.0,
      0.0,
      0.0,
      0.0,
      0.0,
      0.0,
      0.0,
      0.43548013491049525,
      0.0,
      0.2428559228370617,
      0.0,
      0.1986594414700711,
      0.2428559228370617,
      0.2428559228370617,
      0.2428559228370617,
      0.14424940686052176,
      0.0,
      0.0,
      0.07339019694069375,
      0.0,
      0.0,
      0.22626814412053994
    ],
    [
      0.0,
      0.0,
      0.0,
      0.0,
      0.0,
      0.0,
      0.0,
      0.0,
      0.0,
      0.1806894907282034,
      0.1986594414700711,
      0.0,
      0.1806894907282034,
      0.1806894907282034,
      0.1806894907282034,
      0.1582858671655559,
      0.0,
      0.013741284557234893,
      0.05460372205356318,
      0.0,
      0.0,
      0.24828559218057017
    ],
    [
      0.0,
      0.0,
      0.0,
      0.0,
      0.0,
      0.0,
      0.0,
      0.0,
      0.0,
      0.22088813243929042,
      0.2428559228370617,
      0.1806894907282034,
      0.0,
      0.22088813243929042,
      0.22088813243929042,
      0.13120117357925717,
      0.0,
      0.0,
      0.06675160874070163,
      0.0,
      0.0,
      0.2058008188617377
    ],
    [
      0.0,
      0.0,
      0.0,
      0.0,
      0.0,
      0.0,
      0.0,
      0.0,
      0.0,
      0.22088813243929042,
      0.2428559228370617,
      0.1806894907282034,
      0.22088813243929042,
      0.0,
      0.22088813243929042,
      0.13120117357925717,
      0.0,
      0.0,
      0.06675160874070163,
      0.0,
      0.0,
      0.2058008188617377
    ],
    [
      0.0,
      0.0,
      0.0,
      0.0,
      0.0,
      0.0,
      0.0,
      0.0,
      0.0,
      0.22088813243929042,
      0.2428559228370617,
      0.1806894907282034,
      0.22088813243929042,
      0.22088813243929042,
      0.0,
      0.13120117357925717,
      0.0,
      0.0,
      0.06675160874070163,
      0.0,
      0.0,
      0.2058008188617377
    ],
    [
      0.0,
      0.0,
      0.0,
      0.0,
      0.0,
      0.0,
      0.0,
      0.0,
      0.0,
      0.13120117357925717,
      0.14424940686052176,
      0.1582858671655559,
      0.13120117357925717,
      0.13120117357925717,
      0.13120117357925717,
      0.0,
      0.0,
      0.07916437906958385,
      0.11666177010625817,
      0.0,
      0.038543716055013354,
      0.23025113645546236
    ],
    [
      0.0,
      0.0,
      0.0,
      0.0,
      0.0,
      0.0,
      0.0,
      0.0,
      0.0,
      0.0,
      0.0,
      0.0,
      0.0,
      0.0,
      0.0,
      0.0,
      0.0,
      0.0,
      0.0,
      0.28013509388444957,
      0.0,
      0.0
    ],
    [
      0.018085162876332318,
      0.018085162876332318,
      0.018085162876332318,
      0.018085162876332318,
      0.018085162876332318,
      0.018085162876332318,
      0.018085162876332318,
      0.01873974170172762,
      0.018085162876332318,
      0.0,
      0.0,
      0.013741284557234893,
      0.0,
      0.0,
      0.0,
      0.07916437906958385,
      0.0,
      0.0,
      0.2024688380545115,
      0.0,
      0.10748183817887849,
      0.08301723801082317
    ],
    [
      0.0,
      0.0,
      0.0,
      0.0,
      0.0,
      0.0,
      0.0,
      0.0,
      0.0,
      0.06675160874070163,
      0.07339019694069375,
      0.05460372205356318,
      0.06675160874070163,
      0.06675160874070163,
      0.06675160874070163,
      0.11666177010625817,
      0.0,
      0.2024688380545115,
      0.0,
      0.0,
      0.039220000604075655,
      0.19840159674599822
    ],
    [
      0.0,
      0.0,
      0.0,
      0.0,
      0.0,
      0.0,
      0.0,
      0.0,
      0.0,
      0.0,
      0.0,
      0.0,
      0.0,
      0.0,
      0.0,
      0.0,
      0.28013509388444957,
      0.0,
      0.0,
      0.0,
      0.0,
      0.0
    ],
    [
      0.08115457057135399,
      0.08115457057135399,
      0.08115457057135399,
      0.08115457057135399,
      0.08115457057135399,
      0.08115457057135399,
      0.08115457057135399,
      0.08409189902359462,
      0.08115457057135399,
      0.0,
      0.0,
      0.0,
      0.0,
      0.0,
      0.0,
      0.038543716055013354,
      0.0,
      0.10748183817887849,
      0.039220000604075655,
      0.0,
      0.0,
      0.06045927875259609
    ],
    [
      0.0,
      0.0,
      0.0,
      0.0,
      0.0,
      0.0,
      0.0,
      0.0,
      0.0,
      0.2058008188617377,
      0.22626814412053994,
      0.24828559218057017,
      0.2058008188617377,
      0.2058008188617377,
      0.2058008188617377,
      0.23025113645546236,
      0.0,
      0.08301723801082317,
      0.19840159674599822,
      0.0,
      0.06045927875259609,
      0.0
    ]
  ],
  "dendrogram": {
    "name": "",
    "leaf": false,
    "children": [
      {
        "name": "",
        "leaf": false,
        "children": [
          {
            "name": "",
            "leaf": false,
            "children": [
              {
                "name": "h109",
                "leaf": true,
                "spectral_index": 7,
                "value": 0.0
              },
              {
                "name": "h114",
                "leaf": true,
                "spectral_index": 10,
                "value": 0.0
              }
            ],
            "value": 0.5169091972438218
          },
          {
            "name": "",
            "leaf": false,
            "children": [
              {
                "name": "h118",
                "leaf": true,
                "spectral_index": 0,
                "value": 0.0
              },
              {
                "name": "",
                "leaf": false,
                "children": [
                  {
                    "name": "h116",
                    "leaf": true,
                    "spectral_index": 8,
                    "value": 0.0
                  },
                  {
                    "name": "h101",
                    "leaf": true,
                    "spectral_index": 11,
                    "value": 0.0
                  }
                ],
                "value": 0.631317045702317
              }
            ],
            "value": 0.659004597899248
          }
        ],
        "value": 0.7460058097313
      },
      {
        "name": "",
        "leaf": false,
        "children": [
          {
            "name": "h100",
            "leaf": true,
            "spectral_index": 6,
            "value": 0.0
          },
          {
            "name": "",
            "leaf": false,
            "children": [
              {
                "name": "",
                "leaf": false,
                "children": [
                  {
                    "name": "",
                    "leaf": false,
                    "children": [
                      {
                        "name": "h112",
                        "leaf": true,
                        "spectral_index": 5,
                        "value": 0.0
                      },
                      {
                        "name": "h103",
                        "leaf": true,
                        "spectral_index": 12,
                        "value": 0.0
                      }
                    ],
                    "value": 0.5720995905691311
                  },
                  {
                    "name": "",
                    "leaf": false,
                    "children": [
                      {
                        "name": "h108",
                        "leaf": true,
                        "spectral_index": 4,
                        "value": 0.0
                      },
                      {
                        "name": "",
                        "leaf": false,
                        "children": [
                          {
                            "name": "h106",
                            "leaf": true,
                            "spectral_index": 1,
                            "value": 0.0
                          },
                          {
                            "name": "h107",
                            "leaf": true,
                            "spectral_index": 3,
                            "value": 0.0
                          }
                        ],
                        "value": 0.5695478571486539
                      }
                    ],
                    "value": 0.599982002991386
                  }
                ],
                "value": 0.6429485212446079
              },
              {
                "name": "",
                "leaf": false,
                "children": [
                  {
                    "name": "h104",
                    "leaf": true,
                    "spectral_index": 2,
                    "value": 0.0
                  },
                  {
                    "name": "h121",
                    "leaf": true,
                    "spectral_index": 9,
                    "value": 0.0
                  }
                ],
                "value": 0.6747516776604204
              }
            ],
            "value": 0.7110101833683709
          }
        ],
        "value": 0.7518858852771378
      }
    ],
    "value": 0.8104599580523983
  },
  "schema": {
    "name": "",
    "children": [
      {
        "name": "arrangement",
        "type": "scalar"
      },
      {
        "name": "description",
        "type": "scalar"
      },
      {
        "name": "horizontal_subgrids",
        "type": "list"
      },
      {
        "name": "ui_label",
        "type": "scalar"
      },
      {
        "name": "validation_key",
        "type": "scalar"
      }
    ]
  }
}