{
  "stem": "Horizontal_Grid_Cells",
  "singular": "Grid Cell",
  "endpoint": "horizontal_grid_cell",
  "count": 19,
  "method": "embedding (all-MiniLM-L6-v2) | link: text (links uninformative) | order: UPGMA leaf traversal",
  "entries": [
    {
      "id": "g118",
      "label": "g118",
      "spectral_rank": 0
    },
    {
      "id": "g116",
      "label": "g116",
      "spectral_rank": 1
    },
    {
      "id": "g102",
      "label": "g102",
      "spectral_rank": 2
    },
    {
      "id": "g103",
      "label": "g103",
      "spectral_rank": 3
    },
    {
      "id": "g104",
      "label": "g104",
      "spectral_rank": 4
    },
    {
      "id": "g105",
      "label": "g105",
      "spectral_rank": 5
    },
    {
      "id": "g117",
      "label": "g117",
      "spectral_rank": 6
    },
    {
      "id": "g114",
      "label": "g114",
      "spectral_rank": 7
    },
    {
      "id": "g101",
      "label": "g101",
      "spectral_rank": 8
    },
    {
      "id": "g106",
      "label": "g106",
      "spectral_rank": 9
    },
    {
      "id": "g108",
      "label": "g108",
      "spectral_rank": 10
    },
    {
      "id": "g110",
      "label": "g110",
      "spectral_rank": 11
    },
    {
      "id": "g100",
      "label": "g100",
      "spectral_rank": 12
    },
    {
      "id": "g113",
      "label": "g113",
      "spectral_rank": 13
    },
    {
      "id": "g111",
      "label": "g111",
      "spectral_rank": 14
    },
    {
      "id": "g115",
      "label": "g115",
      "spectral_rank": 15
    },
    {
      "id": "g109",
      "label": "g109",
      "spectral_rank": 16
    },
    {
      "id": "g112",
      "label": "g112",
      "spectral_rank": 17
    },
    {
      "id": "g107",
      "label": "g107",
      "spectral_rank": 18
    }
  ],
  "link_matrix": [
    [
      0.0,
      1.0,
      0.4625289910238405,
      0.4322614829690944,
      0.43142916120481106,
      0.49798883333321753,
      0.4641497240414808,
      0.45057047444955817,
      0.42769367381448326,
      0.4658055654625223,
      0.45004983547864963,
      0.45294367082821807,
      0.47966524281448103,
      0.4519935025134827,
      0.45310929281438367,
      0.4577104224767337,
      0.45834854059676855,
      0.49596872038242806,
      0.44480769610543824
    ],
    [
      1.0,
      0.0,
      0.4625289910238405,
      0.4322614829690944,
      0.43142916120481106,
      0.49798883333321753,
      0.4641497240414808,
      0.45057047444955817,
      0.42769367381448326,
      0.4658055654625223,
      0.45004983547864963,
      0.45294367082821807,
      0.47966524281448103,
      0.4519935025134827,
      0.45310929281438367,
      0.4577104224767337,
      0.45834854059676855,
      0.49596872038242806,
      0.44480769610543824
    ],
    [
      0.4625289910238405,
      0.4625289910238405,
      0.0,
      0.9069150641483362,
      0.888239508987795,
      0.6299166815002349,
      0.6517110079224498,
      0.7392048702454634,
      0.7108362594258397,
      0.6945427561819503,
      0.6786985527700883,
      0.6802633123600816,
      0.6923531899200035,
      0.7010095950491124,
      0.7109744554628658,
      0.6777181121100693,
      0.6785701995156423,
      0.8172860655557838,
      0.8329474163518074
    ],
    [
      0.4322614829690944,
      0.4322614829690944,
      0.9069150641483362,
      0.0,
      0.9310096079013077,
      0.5579879150769135,
      0.5874608493113942,
      0.6484896192782641,
      0.615310606498003,
      0.6332985607079488,
      0.5991947805181072,
      0.5987847704210487,
      0.6201058931381154,
      0.6251274375395738,
      0.6352672037350248,
      0.5859125107569483,
      0.5848542065307092,
      0.7216475997226731,
      0.7445024013018029
    ],
    [
      0.43142916120481106,
      0.43142916120481106,
      0.888239508987795,
      0.9310096079013077,
      0.0,
      0.5405592907174692,
      0.5821148772708135,
      0.6334876323292274,
      0.6010316544875604,
      0.6232140729423705,
      0.5987523595257187,
      0.5994746763527651,
      0.6107203478369156,
      0.6137387711693415,
      0.6306716939167861,
      0.5866809229721661,
      0.5865128743757091,
      0.7105547486806353,
      0.7452431924270837
    ],
    [
      0.49798883333321753,
      0.49798883333321753,
      0.6299166815002349,
      0.5579879150769135,
      0.5405592907174692,
      0.0,
      0.6971620334558283,
      0.7756073187587496,
      0.7496445905278142,
      0.8006232745177888,
      0.8402898418855067,
      0.8432736749994877,
      0.8263285301530412,
      0.8252665939706108,
      0.816165310256636,
      0.8337415550568206,
      0.8354078183786025,
      0.7803972275949063,
      0.6857052379220647
    ],
    [
      0.4641497240414808,
      0.4641497240414808,
      0.6517110079224498,
      0.5874608493113942,
      0.5821148772708135,
      0.6971620334558283,
      0.0,
      0.8003558026882941,
      0.7677053748278615,
      0.8406756075809778,
      0.8443462261896779,
      0.8452199375615627,
      0.8532000616907869,
      0.8300656296450327,
      0.8531437444267327,
      0.8355695404157567,
      0.8352794703242485,
      0.8206287717392919,
      0.8008305547739675
    ],
    [
      0.45057047444955817,
      0.45057047444955817,
      0.7392048702454634,
      0.6484896192782641,
      0.6334876323292274,
      0.7756073187587496,
      0.8003558026882941,
      0.0,
      0.8877457280235828,
      0.8918666942991313,
      0.8925881144318529,
      0.8946674127108204,
      0.8969655209592122,
      0.8933323546042808,
      0.8840072854121068,
      0.871930401225887,
      0.8731249776504701,
      0.8899679134343543,
      0.8261264145644823
    ],
    [
      0.42769367381448326,
      0.42769367381448326,
      0.7108362594258397,
      0.615310606498003,
      0.6010316544875604,
      0.7496445905278142,
      0.7677053748278615,
      0.8877457280235828,
      0.0,
      0.7950271201298624,
      0.7983780284637558,
      0.8004856956783495,
      0.7999091098550819,
      0.7829283422380675,
      0.7855383792561728,
      0.7797989003043378,
      0.7801931890439867,
      0.8401028546050218,
      0.7790897777717521
    ],
    [
      0.4658055654625223,
      0.4658055654625223,
      0.6945427561819503,
      0.6332985607079488,
      0.6232140729423705,
      0.8006232745177888,
      0.8406756075809778,
      0.8918666942991313,
      0.7950271201298624,
      0.0,
      0.9539963914286509,
      0.950514950065722,
      0.9681842188507237,
      0.9604583915736609,
      0.9389790754448415,
      0.9253346789738615,
      0.9219163814757134,
      0.8891502320153397,
      0.8122052947908761
    ],
    [
      0.45004983547864963,
      0.45004983547864963,
      0.6786985527700883,
      0.5991947805181072,
      0.5987523595257187,
      0.8402898418855067,
      0.8443462261896779,
      0.8925881144318529,
      0.7983780284637558,
      0.9539963914286509,
      0.0,
      0.999012763938157,
      0.9721537758439049,
      0.9651237651604738,
      0.9466542943170992,
      0.967579798179817,
      0.9655009187897464,
      0.8996370603125508,
      0.809950576129656
    ],
    [
      0.45294367082821807,
      0.45294367082821807,
      0.6802633123600816,
      0.5987847704210487,
      0.5994746763527651,
      0.8432736749994877,
      0.8452199375615627,
      0.8946674127108204,
      0.8004856956783495,
      0.950514950065722,
      0.999012763938157,
      0.0,
      0.9723511994797317,
      0.9641836463415958,
      0.9473577383760148,
      0.9678766543796905,
      0.9675657954555045,
      0.8988334254980507,
      0.811844787384228
    ],
    [
      0.47966524281448103,
      0.47966524281448103,
      0.6923531899200035,
      0.6201058931381154,
      0.6107203478369156,
      0.8263285301530412,
      0.8532000616907869,
      0.8969655209592122,
      0.7999091098550819,
      0.9681842188507237,
      0.9721537758439049,
      0.9723511994797317,
      0.0,
      0.9749095964790384,
      0.9555639940792982,
      0.9489310859843962,
      0.9496542658783964,
      0.9028502546226391,
      0.8187049274039535
    ],
    [
      0.4519935025134827,
      0.4519935025134827,
      0.7010095950491124,
      0.6251274375395738,
      0.6137387711693415,
      0.8252665939706108,
      0.8300656296450327,
      0.8933323546042808,
      0.7829283422380675,
      0.9604583915736609,
      0.9651237651604738,
      0.9641836463415958,
      0.9749095964790384,
      0.0,
      0.9468528958311374,
      0.9482615946181031,
      0.9474197087557333,
      0.897239278766007,
      0.8081945280774984
    ],
    [
      0.45310929281438367,
      0.45310929281438367,
      0.7109744554628658,
      0.6352672037350248,
      0.6306716939167861,
      0.816165310256636,
      0.8531437444267327,
      0.8840072854121068,
      0.7855383792561728,
      0.9389790754448415,
      0.9466542943170992,
      0.9473577383760148,
      0.9555639940792982,
      0.9468528958311374,
      0.0,
      0.9570902986032201,
      0.9584652361944052,
      0.8980068047499753,
      0.8350118788276293
    ],
    [
      0.4577104224767337,
      0.4577104224767337,
      0.6777181121100693,
      0.5859125107569483,
      0.5866809229721661,
      0.8337415550568206,
      0.8355695404157567,
      0.871930401225887,
      0.7797989003043378,
      0.9253346789738615,
      0.967579798179817,
      0.9678766543796905,
      0.9489310859843962,
      0.9482615946181031,
      0.9570902986032201,
      0.0,
      0.9989317208940016,
      0.890136034306431,
      0.8156501368834689
    ],
    [
      0.45834854059676855,
      0.45834854059676855,
      0.6785701995156423,
      0.5848542065307092,
      0.5865128743757091,
      0.8354078183786025,
      0.8352794703242485,
      0.8731249776504701,
      0.7801931890439867,
      0.9219163814757134,
      0.9655009187897464,
      0.9675657954555045,
      0.9496542658783964,
      0.9474197087557333,
      0.9584652361944052,
      0.9989317208940016,
      0.0,
      0.8879663218998939,
      0.815232340233077
    ],
    [
      0.49596872038242806,
      0.49596872038242806,
      0.8172860655557838,
      0.7216475997226731,
      0.7105547486806353,
      0.7803972275949063,
      0.8206287717392919,
      0.8899679134343543,
      0.8401028546050218,
      0.8891502320153397,
      0.8996370603125508,
      0.8988334254980507,
      0.9028502546226391,
      0.897239278766007,
      0.8980068047499753,
      0.890136034306431,
      0.8879663218998939,
      0.0,
      0.9291627404938114
    ],
    [
      0.44480769610543824,
      0.44480769610543824,
      0.8329474163518074,
      0.7445024013018029,
      0.7452431924270837,
      0.6857052379220647,
      0.8008305547739675,
      0.8261264145644823,
      0.7790897777717521,
      0.8122052947908761,
      0.809950576129656,
      0.811844787384228,
      0.8187049274039535,
      0.8081945280774984,
      0.8350118788276293,
      0.8156501368834689,
      0.815232340233077,
      0.9291627404938114,
      0.0
    ]
  ],
  "text_matrix": [
    [
      0.0,
      1.0,
      0.4625289910238405,
      0.4322614829690944,
      0.43142916120481106,
      0.49798883333321753,
      0.4641497240414808,
      0.45057047444955817,
      0.42769367381448326,
      0.4658055654625223,
      0.45004983547864963,
      0.45294367082821807,
      0.47966524281448103,
      0.4519935025134827,
      0.45310929281438367,
      0.4577104224767337,
      0.45834854059676855,
      0.49596872038242806,
      0.44480769610543824
    ],
    [
      1.0,
      0.0,
      0.4625289910238405,
      0.4322614829690944,
      0.43142916120481106,
      0.49798883333321753,
      0.4641497240414808,
      0.45057047444955817,
      0.42769367381448326,
      0.4658055654625223,
      0.45004983547864963,
      0.45294367082821807,
      0.47966524281448103,
      0.4519935025134827,
      0.45310929281438367,
      0.4577104224767337,
      0.45834854059676855,
      0.49596872038242806,
      0.44480769610543824
    ],
    [
      0.4625289910238405,
      0.4625289910238405,
      0.0,
      0.9069150641483362,
      0.888239508987795,
      0.6299166815002349,
      0.6517110079224498,
      0.7392048702454634,
      0.7108362594258397,
      0.6945427561819503,
      0.6786985527700883,
      0.6802633123600816,
      0.6923531899200035,
      0.7010095950491124,
      0.7109744554628658,
      0.6777181121100693,
      0.6785701995156423,
      0.8172860655557838,
      0.8329474163518074
    ],
    [
      0.4322614829690944,
      0.4322614829690944,
      0.9069150641483362,
      0.0,
      0.9310096079013077,
      0.5579879150769135,
      0.5874608493113942,
      0.6484896192782641,
      0.615310606498003,
      0.6332985607079488,
      0.5991947805181072,
      0.5987847704210487,
      0.6201058931381154,
      0.6251274375395738,
      0.6352672037350248,
      0.5859125107569483,
      0.5848542065307092,
      0.7216475997226731,
      0.7445024013018029
    ],
    [
      0.43142916120481106,
      0.43142916120481106,
      0.888239508987795,
      0.9310096079013077,
      0.0,
      0.5405592907174692,
      0.5821148772708135,
      0.6334876323292274,
      0.6010316544875604,
      0.6232140729423705,
      0.5987523595257187,
      0.5994746763527651,
      0.6107203478369156,
      0.6137387711693415,
      0.6306716939167861,
      0.5866809229721661,
      0.5865128743757091,
      0.7105547486806353,
      0.7452431924270837
    ],
    [
      0.49798883333321753,
      0.49798883333321753,
      0.6299166815002349,
      0.5579879150769135,
      0.5405592907174692,
      0.0,
      0.6971620334558283,
      0.7756073187587496,
      0.7496445905278142,
      0.8006232745177888,
      0.8402898418855067,
      0.8432736749994877,
      0.8263285301530412,
      0.8252665939706108,
      0.816165310256636,
      0.8337415550568206,
      0.8354078183786025,
      0.7803972275949063,
      0.6857052379220647
    ],
    [
      0.4641497240414808,
      0.4641497240414808,
      0.6517110079224498,
      0.5874608493113942,
      0.5821148772708135,
      0.6971620334558283,
      0.0,
      0.8003558026882941,
      0.7677053748278615,
      0.8406756075809778,
      0.8443462261896779,
      0.8452199375615627,
      0.8532000616907869,
      0.8300656296450327,
      0.8531437444267327,
      0.8355695404157567,
      0.8352794703242485,
      0.8206287717392919,
      0.8008305547739675
    ],
    [
      0.45057047444955817,
      0.45057047444955817,
      0.7392048702454634,
      0.6484896192782641,
      0.6334876323292274,
      0.7756073187587496,
      0.8003558026882941,
      0.0,
      0.8877457280235828,
      0.8918666942991313,
      0.8925881144318529,
      0.8946674127108204,
      0.8969655209592122,
      0.8933323546042808,
      0.8840072854121068,
      0.871930401225887,
      0.8731249776504701,
      0.8899679134343543,
      0.8261264145644823
    ],
    [
      0.42769367381448326,
      0.42769367381448326,
      0.7108362594258397,
      0.615310606498003,
      0.6010316544875604,
      0.7496445905278142,
      0.7677053748278615,
      0.8877457280235828,
      0.0,
      0.7950271201298624,
      0.7983780284637558,
      0.8004856956783495,
      0.7999091098550819,
      0.7829283422380675,
      0.7855383792561728,
      0.7797989003043378,
      0.7801931890439867,
      0.8401028546050218,
      0.7790897777717521
    ],
    [
      0.4658055654625223,
      0.4658055654625223,
      0.6945427561819503,
      0.6332985607079488,
      0.6232140729423705,
      0.8006232745177888,
      0.8406756075809778,
      0.8918666942991313,
      0.7950271201298624,
      0.0,
      0.9539963914286509,
      0.950514950065722,
      0.9681842188507237,
      0.9604583915736609,
      0.9389790754448415,
      0.9253346789738615,
      0.9219163814757134,
      0.8891502320153397,
      0.8122052947908761
    ],
    [
      0.45004983547864963,
      0.45004983547864963,
      0.6786985527700883,
      0.5991947805181072,
      0.5987523595257187,
      0.8402898418855067,
      0.8443462261896779,
      0.8925881144318529,
      0.7983780284637558,
      0.9539963914286509,
      0.0,
      0.999012763938157,
      0.9721537758439049,
      0.9651237651604738,
      0.9466542943170992,
      0.967579798179817,
      0.9655009187897464,
      0.8996370603125508,
      0.809950576129656
    ],
    [
      0.45294367082821807,
      0.45294367082821807,
      0.6802633123600816,
      0.5987847704210487,
      0.5994746763527651,
      0.8432736749994877,
      0.8452199375615627,
      0.8946674127108204,
      0.8004856956783495,
      0.950514950065722,
      0.999012763938157,
      0.0,
      0.9723511994797317,
      0.9641836463415958,
      0.9473577383760148,
      0.9678766543796905,
      0.9675657954555045,
      0.8988334254980507,
      0.811844787384228
    ],
    [
      0.47966524281448103,
      0.47966524281448103,
      0.6923531899200035,
      0.6201058931381154,
      0.6107203478369156,
      0.8263285301530412,
      0.8532000616907869,
      0.8969655209592122,
      0.7999091098550819,
      0.9681842188507237,
      0.9721537758439049,
      0.9723511994797317,
      0.0,
      0.9749095964790384,
      0.9555639940792982,
      0.9489310859843962,
      0.9496542658783964,
      0.9028502546226391,
      0.8187049274039535
    ],
    [
      0.4519935025134827,
      0.4519935025134827,
      0.7010095950491124,
      0.6251274375395738,
      0.6137387711693415,
      0.8252665939706108,
      0.8300656296450327,
      0.8933323546042808,
      0.7829283422380675,
      0.9604583915736609,
      0.9651237651604738,
      0.9641836463415958,
      0.9749095964790384,
      0.0,
      0.9468528958311374,
      0.9482615946181031,
      0.9474197087557333,
      0.897239278766007,
      0.8081945280774984
    ],
    [
      0.45310929281438367,
      0.45310929281438367,
      0.7109744554628658,
      0.6352672037350248,
      0.6306716939167861,
      0.816165310256636,
      0.8531437444267327,
      0.8840072854121068,
      0.7855383792561728,
      0.9389790754448415,
      0.9466542943170992,
      0.9473577383760148,
      0.9555639940792982,
      0.9468528958311374,
      0.0,
      0.9570902986032201,
      0.9584652361944052,
      0.8980068047499753,
      0.8350118788276293
    ],
    [
      0.4577104224767337,
      0.4577104224767337,
      0.6777181121100693,
      0.5859125107569483,
      0.5866809229721661,
      0.8337415550568206,
      0.8355695404157567,
      0.871930401225887,
      0.7797989003043378,
      0.9253346789738615,
      0.967579798179817,
      0.9678766543796905,
      0.9489310859843962,
      0.9482615946181031,
      0.9570902986032201,
      0.0,
      0.9989317208940016,
      0.890136034306431,
      0.8156501368834689
    ],
    [
      0.45834854059676855,
      0.45834854059676855,
      0.6785701995156423,
      0.5848542065307092,
      0.5865128743757091,
      0.8354078183786025,
      0.8352794703242485,
      0.8731249776504701,
      0.7801931890439867,
      0.9219163814757134,
      0.9655009187897464,
      0.9675657954555045,
      0.9496542658783964,
      0.9474197087557333,
      0.9584652361944052,
      0.9989317208940016,
      0.0,
      0.8879663218998939,
      0.815232340233077
    ],
    [
      0.49596872038242806,
      0.49596872038242806,
      0.8172860655557838,
      0.7216475997226731,
      0.7105547486806353,
      0.7803972275949063,
      0.8206287717392919,
      0.8899679134343543,
      0.8401028546050218,
      0.8891502320153397,
      0.8996370603125508,
      0.8988334254980507,
      0.9028502546226391,
      0.897239278766007,
      0.8980068047499753,
      0.890136034306431,
      0.8879663218998939,
      0.0,
      0.9291627404938114
    ],
    [
      0.44480769610543824,
      0.44480769610543824,
      0.8329474163518074,
      0.7445024013018029,
      0.7452431924270837,
      0.6857052379220647,
      0.8008305547739675,
      0.8261264145644823,
      0.7790897777717521,
      0.8122052947908761,
      0.809950576129656,
      0.811844787384228,
      0.8187049274039535,
      0.8081945280774984,
      0.8350118788276293,
      0.8156501368834689,
      0.815232340233077,
      0.9291627404938114,
      0.0
    ]
  ],
  "dendrogram": {
    "name": "",
    "leaf": false,
    "children": [
      {
        "name": "",
        "leaf": false,
        "children": [
          {
            "name": "g118",
            "leaf": true,
            "spectral_index": 0,
            "value": 0.0
          },
          {
            "name": "g116",
            "leaf": true,
            "spectral_index": 1,
            "value": 0.0
          }
        ],
        "value": 0.0
      },
      {
        "name": "",
        "leaf": false,
        "children": [
          {
            "name": "",
            "leaf": false,
            "children": [
              {
                "name": "g102",
                "leaf": true,
                "spectral_index": 2,
                "value": 0.0
              },
              {
                "name": "",
                "leaf": false,
                "children": [
                  {
                    "name": "g103",
                    "leaf": true,
                    "spectral_index": 3,
                    "value": 0.0
                  },
                  {
                    "name": "g104",
                    "leaf": true,
                    "spectral_index": 4,
                    "value": 0.0
                  }
                ],
                "value": 0.06899039209869229
              }
            ],
            "value": 0.10242271343193438
          },
          {
            "name": "",
            "leaf": false,
            "children": [
              {
                "name": "g105",
                "leaf": true,
                "spectral_index": 5,
                "value": 0.0
              },
              {
                "name": "",
                "leaf": false,
                "children": [
                  {
                    "name": "g117",
                    "leaf": true,
                    "spectral_index": 6,
                    "value": 0.0
                  },
                  {
                    "name": "",
                    "leaf": false,
                    "children": [
                      {
                        "name": "",
                        "leaf": false,
                        "children": [
                          {
                            "name": "g114",
                            "leaf": true,
                            "spectral_index": 7,
                            "value": 0.0
                          },
                          {
                            "name": "g101",
                            "leaf": true,
                            "spectral_index": 8,
                            "value": 0.0
                          }
                        ],
                        "value": 0.11225427197641724
                      },
                      {
                        "name": "",
                        "leaf": false,
                        "children": [
                          {
                            "name": "",
                            "leaf": false,
                            "children": [
                              {
                                "name": "",
                                "leaf": false,
                                "children": [
                                  {
                                    "name": "g106",
                                    "leaf": true,
                                    "spectral_index": 9,
                                    "value": 0.0
                                  },
                                  {
                                    "name": "",
                                    "leaf": false,
                                    "children": [
                                      {
                                        "name": "",
                                        "leaf": false,
                                        "children": [
                                          {
                                            "name": "g108",
                                            "leaf": true,
                                            "spectral_index": 10,
                                            "value": 0.0
                                          },
                                          {
                                            "name": "g110",
                                            "leaf": true,
                                            "spectral_index": 11,
                                            "value": 0.0
                                          }
                                        ],
                                        "value": 0.0009872360618430331
                                      },
                                      {
                                        "name": "",
                                        "leaf": false,
                                        "children": [
                                          {
                                            "name": "g100",
                                            "leaf": true,
                                            "spectral_index": 12,
                                            "value": 0.0
                                          },
                                          {
                                            "name": "g113",
                                            "leaf": true,
                                            "spectral_index": 13,
                                            "value": 0.0
                                          }
                                        ],
                                        "value": 0.02509040352096159
                                      }
                                    ],
                                    "value": 0.03154690329357343
                                  }
                                ],
                                "value": 0.04171151202031065
                              },
                              {
                                "name": "",
                                "leaf": false,
                                "children": [
                                  {
                                    "name": "g111",
                                    "leaf": true,
                                    "spectral_index": 14,
                                    "value": 0.0
                                  },
                                  {
                                    "name": "",
                                    "leaf": false,
                                    "children": [
                                      {
                                        "name": "g115",
                                        "leaf": true,
                                        "spectral_index": 15,
                                        "value": 0.0
                                      },
                                      {
                                        "name": "g109",
                                        "leaf": true,
                                        "spectral_index": 16,
                                        "value": 0.0
                                      }
                                    ],
                                    "value": 0.001068279105998382
                                  }
                                ],
                                "value": 0.04222223260118735
                              }
                            ],
                            "value": 0.05030340796404311
                          },
                          {
                            "name": "",
                            "leaf": false,
                            "children": [
                              {
                                "name": "g112",
                                "leaf": true,
                                "spectral_index": 17,
                                "value": 0.0
                              },
                              {
                                "name": "g107",
                                "leaf": true,
                                "spectral_index": 18,
                                "value": 0.0
                              }
                            ],
                            "value": 0.07083725950618858
                          }
                        ],
                        "value": 0.14433663238117034
                      }
                    ],
                    "value": 0.16219857566805065
                  }
                ],
                "value": 0.1727482731779841
              }
            ],
            "value": 0.20695284557862637
          }
        ],
        "value": 0.3496015727639885
      }
    ],
    "value": 0.5425279511582595
  },
  "schema": {
    "name": "record",
    "children": [
      {
        "name": "description",
        "type": "scalar"
      },
      {
        "name": "grid_mapping",
        "type": "scalar"
      },
      {
        "name": "grid_type",
        "type": "scalar"
      },
      {
        "name": "horizontal_units",
        "type": "scalar"
      },
      {
        "name": "n_cells",
        "type": "scalar"
      },
      {
        "name": "region",
        "type": "scalar"
      },
      {
        "name": "southernmost_latitude",
        "type": "scalar"
      },
      {
        "name": "temporal_refinement",
        "type": "scalar"
      },
      {
        "name": "truncation_method",
        "type": "scalar"
      },
      {
        "name": "truncation_number",
        "type": "scalar"
      },
      {
        "name": "ui_label",
        "type": "scalar"
      },
      {
        "name": "validation_key",
        "type": "scalar"
      },
      {
        "name": "westernmost_longitude",
        "type": "scalar"
      },
      {
        "name": "x_resolution",
        "type": "scalar"
      },
      {
        "name": "y_resolution",
        "type": "scalar"
      }
    ]
  }
}