{
  "stem": "Horizontal_Grid_Cells",
  "singular": "Grid Cell",
  "endpoint": "horizontal_grid_cell",
  "count": 42,
  "method": "embedding (all-MiniLM-L6-v2) | link: field-level (links uninformative) | order: spectral graph components",
  "entries": [
    {
      "id": "g107",
      "label": "g107",
      "spectral_rank": 0
    },
    {
      "id": "g125",
      "label": "g125",
      "spectral_rank": 1
    },
    {
      "id": "g126",
      "label": "g126",
      "spectral_rank": 2
    },
    {
      "id": "g124",
      "label": "g124",
      "spectral_rank": 3
    },
    {
      "id": "g104",
      "label": "g104",
      "spectral_rank": 4
    },
    {
      "id": "g103",
      "label": "g103",
      "spectral_rank": 5
    },
    {
      "id": "g128",
      "label": "g128",
      "spectral_rank": 6
    },
    {
      "id": "g119",
      "label": "g119",
      "spectral_rank": 7
    },
    {
      "id": "g102",
      "label": "g102",
      "spectral_rank": 8
    },
    {
      "id": "g135",
      "label": "g135",
      "spectral_rank": 9
    },
    {
      "id": "g118",
      "label": "g118",
      "spectral_rank": 10
    },
    {
      "id": "g116",
      "label": "g116",
      "spectral_rank": 11
    },
    {
      "id": "g127",
      "label": "g127",
      "spectral_rank": 12
    },
    {
      "id": "g130",
      "label": "g130",
      "spectral_rank": 13
    },
    {
      "id": "g132",
      "label": "g132",
      "spectral_rank": 14
    },
    {
      "id": "g112",
      "label": "g112",
      "spectral_rank": 15
    },
    {
      "id": "g133",
      "label": "g133",
      "spectral_rank": 16
    },
    {
      "id": "g106",
      "label": "g106",
      "spectral_rank": 17
    },
    {
      "id": "g123",
      "label": "g123",
      "spectral_rank": 18
    },
    {
      "id": "g117",
      "label": "g117",
      "spectral_rank": 19
    },
    {
      "id": "g101",
      "label": "g101",
      "spectral_rank": 20
    },
    {
      "id": "g105",
      "label": "g105",
      "spectral_rank": 21
    },
    {
      "id": "g131",
      "label": "g131",
      "spectral_rank": 22
    },
    {
      "id": "g113",
      "label": "g113",
      "spectral_rank": 23
    },
    {
      "id": "g111",
      "label": "g111",
      "spectral_rank": 24
    },
    {
      "id": "g129",
      "label": "g129",
      "spectral_rank": 25
    },
    {
      "id": "g100",
      "label": "g100",
      "spectral_rank": 26
    },
    {
      "id": "g134",
      "label": "g134",
      "spectral_rank": 27
    },
    {
      "id": "g137",
      "label": "g137",
      "spectral_rank": 28
    },
    {
      "id": "g139",
      "label": "g139",
      "spectral_rank": 29
    },
    {
      "id": "g138",
      "label": "g138",
      "spectral_rank": 30
    },
    {
      "id": "g140",
      "label": "g140",
      "spectral_rank": 31
    },
    {
      "id": "g108",
      "label": "g108",
      "spectral_rank": 32
    },
    {
      "id": "g110",
      "label": "g110",
      "spectral_rank": 33
    },
    {
      "id": "g115",
      "label": "g115",
      "spectral_rank": 34
    },
    {
      "id": "g109",
      "label": "g109",
      "spectral_rank": 35
    },
    {
      "id": "g136",
      "label": "g136",
      "spectral_rank": 36
    },
    {
      "id": "g121",
      "label": "g121",
      "spectral_rank": 37
    },
    {
      "id": "g122",
      "label": "g122",
      "spectral_rank": 38
    },
    {
      "id": "g114",
      "label": "g114",
      "spectral_rank": 39
    },
    {
      "id": "g141",
      "label": "g141",
      "spectral_rank": 40
    },
    {
      "id": "g120",
      "label": "g120",
      "spectral_rank": 41
    }
  ],
  "link_matrix": [
    [
      0.0,
      0.6515151515151515,
      0.6515151515151515,
      0.6515151515151515,
      0.6932367149758454,
      0.6932367149758454,
      0.6571969696969696,
      0.6515151515151515,
      0.6333333333333334,
      0.6883116883116883,
      0.5972222222222222,
      0.5972222222222222,
      0.6220454545454545,
      0.4543010752688172,
      0.46620583717357905,
      0.5856410256410256,
      0.3327571305099395,
      0.33167907361455745,
      0.3444995864350703,
      0.32763532763532766,
      0.23533834586466165,
      0.3346828609986504,
      0.33068992862807295,
      0.3522033522033522,
      0.33068992862807295,
      0.34175824175824177,
      0.3304552590266876,
      0.35940787734602164,
      0.36210904480135253,
      0.36210904480135253,
      0.3511200338123415,
      0.3511200338123415,
      0.34282051282051285,
      0.34282051282051285,
      0.33,
      0.33,
      0.3330316742081448,
      0.24866238630283574,
      0.26278659611992944,
      0.3452696728558798,
      0.2528571428571429,
      0.22740641711229947
    ],
    [
      0.6515151515151515,
      0.0,
      0.8888111888111889,
      0.8403263403263405,
      0.5823451910408433,
      0.5823451910408433,
      0.6893939393939394,
      0.6893939393939394,
      0.5277777777777778,
      0.6857142857142857,
      0.6555555555555556,
      0.6555555555555556,
      0.6542424242424243,
      0.4912058371735791,
      0.48091171952652023,
      0.48393162393162387,
      0.3558340535868626,
      0.38039702233250616,
      0.36953729382571887,
      0.3353276353276353,
      0.24794338788146836,
      0.3226164959911089,
      0.3794078773460216,
      0.3752802752802753,
      0.3383822363203806,
      0.37338217338217333,
      0.3535321821036107,
      0.3383822363203806,
      0.3937329764252841,
      0.3851859678782756,
      0.35881234150464925,
      0.36735935005165776,
      0.35307692307692307,
      0.3616239316239316,
      0.36333333333333334,
      0.37188034188034186,
      0.361236802413273,
      0.3058052434456929,
      0.27441124597987343,
      0.361106776928278,
      0.2742857142857143,
      0.25518419489007726
    ],
    [
      0.6515151515151515,
      0.8888111888111889,
      0.0,
      0.9168609168609169,
      0.5823451910408433,
      0.5823451910408433,
      0.6818181818181818,
      0.6818181818181818,
      0.5277777777777778,
      0.6897546897546897,
      0.6574074074074074,
      0.6574074074074074,
      0.6466666666666666,
      0.49398361495135684,
      0.48091171952652023,
      0.4873504273504273,
      0.3583981561509652,
      0.3829611248966087,
      0.36783949439036284,
      0.33618233618233617,
      0.24794338788146836,
      0.3226164959911089,
      0.38197197991012416,
      0.37784437784437785,
      0.33923693717508147,
      0.3725274725274725,
      0.3560962846677133,
      0.33923693717508147,
      0.39629707898938676,
      0.38775007044237825,
      0.3596670423593501,
      0.3767610594533672,
      0.3556410256410257,
      0.37273504273504277,
      0.3641880341880342,
      0.3812820512820513,
      0.3629462041226747,
      0.30818619582664525,
      0.27652285985619324,
      0.36081672007713517,
      0.2766666666666667,
      0.25518419489007726
    ],
    [
      0.6515151515151515,
      0.8403263403263405,
      0.9168609168609169,
      0.0,
      0.5823451910408433,
      0.5823451910408433,
      0.696969696969697,
      0.6818181818181818,
      0.5277777777777778,
      0.6796536796536796,
      0.6574074074074074,
      0.6666666666666666,
      0.6466666666666666,
      0.48472435569209765,
      0.4760097587422065,
      0.4884188034188034,
      0.3669451646979737,
      0.3915081334436173,
      0.36783949439036284,
      0.33618233618233617,
      0.24794338788146836,
      0.3226164959911089,
      0.3905189884571328,
      0.37784437784437785,
      0.33923693717508147,
      0.3725274725274725,
      0.36464329321472183,
      0.33923693717508147,
      0.39736545505776283,
      0.38775007044237825,
      0.3596670423593501,
      0.3788978115901193,
      0.3556410256410257,
      0.3748717948717949,
      0.3641880341880342,
      0.3834188034188034,
      0.3714932126696832,
      0.30818619582664525,
      0.27652285985619324,
      0.3653416069549632,
      0.28460317460317464,
      0.25518419489007726
    ],
    [
      0.6932367149758454,
      0.5823451910408433,
      0.5823451910408433,
      0.5823451910408433,
      0.0,
      0.9643719806763286,
      0.5974967061923584,
      0.5974967061923584,
      0.7597826086956523,
      0.5650291737248259,
      0.5477053140096618,
      0.5477053140096618,
      0.5993939393939395,
      0.43219461697722567,
      0.43219461697722567,
      0.4046153846153846,
      0.31028522039757994,
      0.32464846980976014,
      0.3374689826302729,
      0.30982905982905984,
      0.24185463659147868,
      0.3097165991902834,
      0.3244779275707111,
      0.3335553335553335,
      0.33729844039122386,
      0.31135531135531136,
      0.3116169544740973,
      0.31165741475019826,
      0.32237954353338966,
      0.32237954353338966,
      0.33336855452240066,
      0.33336855452240066,
      0.31153846153846154,
      0.31153846153846154,
      0.3243589743589744,
      0.3243589743589744,
      0.33695324283559575,
      0.25481540930979135,
      0.21957671957671956,
      0.32581786030061893,
      0.2211111111111111,
      0.20619429590017824
    ],
    [
      0.6932367149758454,
      0.5823451910408433,
      0.5823451910408433,
      0.5823451910408433,
      0.9643719806763286,
      0.0,
      0.5974967061923584,
      0.5974967061923584,
      0.7597826086956523,
      0.5650291737248259,
      0.5477053140096618,
      0.5477053140096618,
      0.5993939393939395,
      0.41908212560386476,
      0.4309868875086266,
      0.4046153846153846,
      0.31028522039757994,
      0.32464846980976014,
      0.3374689826302729,
      0.30982905982905984,
      0.24185463659147868,
      0.3097165991902834,
      0.3244779275707111,
      0.3335553335553335,
      0.33729844039122386,
      0.31135531135531136,
      0.3116169544740973,
      0.31165741475019826,
      0.32237954353338966,
      0.32237954353338966,
      0.33336855452240066,
      0.33336855452240066,
      0.31153846153846154,
      0.31153846153846154,
      0.3243589743589744,
      0.3243589743589744,
      0.33695324283559575,
      0.25481540930979135,
      0.21957671957671956,
      0.32581786030061893,
      0.2211111111111111,
      0.20619429590017824
    ],
    [
      0.6571969696969696,
      0.6893939393939394,
      0.6818181818181818,
      0.696969696969697,
      0.5974967061923584,
      0.5974967061923584,
      0.0,
      0.7954545454545456,
      0.5416666666666666,
      0.7023809523809523,
      0.7291666666666666,
      0.6736111111111112,
      0.911818181818182,
      0.5217613927291346,
      0.5114906177524773,
      0.4622435897435897,
      0.43532123307404214,
      0.42142266335814715,
      0.3893713813068651,
      0.3596866096866097,
      0.2836576735957541,
      0.3482575216321345,
      0.3947924927306371,
      0.4067821067821068,
      0.3755617234998678,
      0.38021978021978026,
      0.43301936159079024,
      0.362741210679355,
      0.3831713158636236,
      0.38958157227387996,
      0.37218230487461257,
      0.37218230487461257,
      0.3684615384615384,
      0.3684615384615384,
      0.36205128205128206,
      0.36205128205128206,
      0.42277526395173454,
      0.29628143392188333,
      0.2865961199294533,
      0.38448535913038956,
      0.28261904761904766,
      0.26073975044563275
    ],
    [
      0.6515151515151515,
      0.6893939393939394,
      0.6818181818181818,
      0.6818181818181818,
      0.5974967061923584,
      0.5974967061923584,
      0.7954545454545456,
      0.0,
      0.5416666666666666,
      0.8392857142857142,
      0.7348484848484849,
      0.8030303030303031,
      0.8133333333333334,
      0.6298003072196621,
      0.6079006382611696,
      0.4574358974358974,
      0.41604244694132336,
      0.40098566308243716,
      0.44065343258891637,
      0.44521604938271614,
      0.3312767212148017,
      0.39953957291418585,
      0.40685853379152354,
      0.424013949013949,
      0.462414089347079,
      0.3980158730158731,
      0.4135487528344672,
      0.4140232619614063,
      0.40468559218559225,
      0.4776022588522589,
      0.45875305250305254,
      0.3893086080586081,
      0.42615384615384616,
      0.36205128205128206,
      0.4133333333333334,
      0.3492307692307693,
      0.513562091503268,
      0.3703543647363872,
      0.3342151675485009,
      0.4357674104124409,
      0.34923076923076923,
      0.33293544690603516
    ],
    [
      0.6333333333333334,
      0.5277777777777778,
      0.5277777777777778,
      0.5277777777777778,
      0.7597826086956523,
      0.7597826086956523,
      0.5416666666666666,
      0.5416666666666666,
      0.0,
      0.5238095238095238,
      0.5416666666666666,
      0.5416666666666666,
      0.5416666666666666,
      0.41798941798941797,
      0.42989417989417983,
      0.380952380952381,
      0.2857142857142857,
      0.2976190476190476,
      0.3095238095238095,
      0.2857142857142857,
      0.2222222222222222,
      0.28696741854636587,
      0.2976190476190476,
      0.30612244897959184,
      0.3095238095238095,
      0.2857142857142857,
      0.2857142857142857,
      0.2857142857142857,
      0.2959183673469387,
      0.2959183673469387,
      0.30612244897959184,
      0.30612244897959184,
      0.2857142857142857,
      0.2857142857142857,
      0.2976190476190476,
      0.2976190476190476,
      0.3095238095238095,
      0.23333333333333334,
      0.20164609053497942,
      0.2976190476190476,
      0.2034074074074074,
      0.2051265716780916
    ],
    [
      0.6883116883116883,
      0.6857142857142857,
      0.6897546897546897,
      0.6796536796536796,
      0.5650291737248259,
      0.5650291737248259,
      0.7023809523809523,
      0.8392857142857142,
      0.5238095238095238,
      0.0,
      0.7023809523809523,
      0.762987012987013,
      0.6672294372294372,
      0.6514453288646836,
      0.6208876512481826,
      0.5087179487179487,
      0.42397895487783127,
      0.4228110599078341,
      0.43058017251565633,
      0.45017636684303347,
      0.3277753206545776,
      0.43056736864786394,
      0.41479504172803144,
      0.4577441077441078,
      0.45348551791850755,
      0.3952380952380952,
      0.4214852607709751,
      0.44058003851818284,
      0.43047924297924306,
      0.5033959096459097,
      0.4756181318681319,
      0.4061736874236875,
      0.46186813186813186,
      0.3977655677655678,
      0.4179120879120879,
      0.3538095238095238,
      0.47983193277310926,
      0.3758488702308927,
      0.36142605190224236,
      0.433935908580939,
      0.3803663003663003,
      0.33293544690603516
    ],
    [
      0.5972222222222222,
      0.6555555555555556,
      0.6574074074074074,
      0.6574074074074074,
      0.5477053140096618,
      0.5477053140096618,
      0.7291666666666666,
      0.7348484848484849,
      0.5416666666666666,
      0.7023809523809523,
      0.0,
      0.893939393939394,
      0.6969444444444445,
      0.5719828386470447,
      0.5555580869281753,
      0.43071428571428566,
      0.42891097666378564,
      0.4662944582299421,
      0.3764400921658986,
      0.3628917378917379,
      0.24971448228414175,
      0.31918030370042744,
      0.41402326196140626,
      0.4324231324231325,
      0.378766851704996,
      0.3904761904761905,
      0.42660910518053374,
      0.33980731467844866,
      0.39599182868413635,
      0.40240208509439274,
      0.3973654550577628,
      0.3973654550577628,
      0.3570238095238095,
      0.3570238095238095,
      0.36297619047619045,
      0.36297619047619045,
      0.40033936651583707,
      0.3141385767790262,
      0.2730452674897119,
      0.36472520042499756,
      0.2945238095238096,
      0.2932302055417549
    ],
    [
      0.5972222222222222,
      0.6555555555555556,
      0.6574074074074074,
      0.6666666666666666,
      0.5477053140096618,
      0.5477053140096618,
      0.6736111111111112,
      0.8030303030303031,
      0.5416666666666666,
      0.762987012987013,
      0.893939393939394,
      0.0,
      0.6483333333333333,
      0.621225262889469,
      0.616164147534236,
      0.4396428571428571,
      0.37762892538173437,
      0.41501240694789077,
      0.4240591397849462,
      0.4141737891737892,
      0.2941589267285862,
      0.3667993513194751,
      0.41402326196140626,
      0.39780774780774786,
      0.43004890298704734,
      0.3776556776556777,
      0.3753270538984825,
      0.38742636229749633,
      0.38637644406875177,
      0.45368413637644406,
      0.4486475063398141,
      0.38454494223725,
      0.39571428571428574,
      0.3361904761904762,
      0.41059523809523807,
      0.3510714285714286,
      0.4516214177978884,
      0.36175762439807385,
      0.32582304526748973,
      0.41234424804404524,
      0.3421428571428572,
      0.3408492531608025
    ],
    [
      0.6220454545454545,
      0.6542424242424243,
      0.6466666666666666,
      0.6466666666666666,
      0.5993939393939395,
      0.5993939393939395,
      0.911818181818182,
      0.8133333333333334,
      0.5416666666666666,
      0.6672294372294372,
      0.6969444444444445,
      0.6483333333333333,
      0.0,
      0.5163492063492063,
      0.49627450980392157,
      0.49198717948717946,
      0.43791414577931437,
      0.4222497932175351,
      0.39019851116625304,
      0.3611111111111111,
      0.28591331269349846,
      0.34960704929745173,
      0.3955855141422152,
      0.4075591075591075,
      0.3763547449114459,
      0.380952380952381,
      0.4338042909471481,
      0.3635342320909331,
      0.38391096083403775,
      0.39032121724429414,
      0.37292194984502675,
      0.37292194984502675,
      0.3756410256410256,
      0.3756410256410256,
      0.3628205128205128,
      0.3628205128205128,
      0.42277526395173454,
      0.298689138576779,
      0.28924162257495595,
      0.3862537057263224,
      0.27904761904761904,
      0.2685680332739156
    ],
    [
      0.4543010752688172,
      0.4912058371735791,
      0.49398361495135684,
      0.48472435569209765,
      0.43219461697722567,
      0.41908212560386476,
      0.5217613927291346,
      0.6298003072196621,
      0.41798941798941797,
      0.6514453288646836,
      0.5719828386470447,
      0.621225262889469,
      0.5163492063492063,
      0.0,
      0.8449197860962566,
      0.33374149659863944,
      0.3821047865991686,
      0.37847099137421714,
      0.39905639675224924,
      0.42234617234617233,
      0.3020020639834881,
      0.39561087592931904,
      0.371105698425286,
      0.3777999777999778,
      0.4178089951285827,
      0.3564102564102564,
      0.3772893772893772,
      0.4083736587418473,
      0.36365877712031563,
      0.4309664694280079,
      0.4163144547759932,
      0.3522118906734291,
      0.39755102040816326,
      0.3380272108843538,
      0.3873469387755102,
      0.3278231292517007,
      0.4548157724628312,
      0.33879844072460447,
      0.3087595532039976,
      0.3987388058671745,
      0.34294784580498866,
      0.3340913241440567
    ],
    [
      0.46620583717357905,
      0.48091171952652023,
      0.48091171952652023,
      0.4760097587422065,
      0.43219461697722567,
      0.4309868875086266,
      0.5114906177524773,
      0.6079006382611696,
      0.42989417989417983,
      0.6208876512481826,
      0.5555580869281753,
      0.616164147534236,
      0.49627450980392157,
      0.8449197860962566,
      0.0,
      0.3319407763105242,
      0.3911545603548247,
      0.38752076512987327,
      0.39305399579186506,
      0.4158820482349894,
      0.29808049535603715,
      0.3812051136243971,
      0.36916646119193114,
      0.36487172957761194,
      0.42233388200641075,
      0.3610644257703081,
      0.3863391510450334,
      0.39216717614880997,
      0.380034558201979,
      0.4473422505096713,
      0.44281736363184326,
      0.37871479952927917,
      0.38554621848739495,
      0.3260224089635854,
      0.3915486194477791,
      0.3320248099239696,
      0.4289592760180995,
      0.3267936388038361,
      0.30707888093509006,
      0.40294048653944337,
      0.33094304388422036,
      0.3203858419511795
    ],
    [
      0.5856410256410256,
      0.48393162393162387,
      0.4873504273504273,
      0.4884188034188034,
      0.4046153846153846,
      0.4046153846153846,
      0.4622435897435897,
      0.4574358974358974,
      0.380952380952381,
      0.5087179487179487,
      0.43071428571428566,
      0.4396428571428571,
      0.49198717948717946,
      0.33374149659863944,
      0.3319407763105242,
      0.0,
      0.44524015310532167,
      0.5962424672102091,
      0.43323880420654615,
      0.43620268620268615,
      0.3692466460268317,
      0.4778121775025799,
      0.4523620709187719,
      0.4628704628704628,
      0.44503606359276454,
      0.45018315018315014,
      0.46036106750392464,
      0.49939503795173884,
      0.4654127923358693,
      0.4654127923358693,
      0.43977176669484364,
      0.43977176669484364,
      0.4880952380952381,
      0.4880952380952381,
      0.45329670329670324,
      0.45329670329670324,
      0.35500969618616673,
      0.35311090728426203,
      0.31645250692869736,
      0.4375357570083737,
      0.2858503401360544,
      0.3130124777183601
    ],
    [
      0.3327571305099395,
      0.3558340535868626,
      0.3583981561509652,
      0.3669451646979737,
      0.31028522039757994,
      0.31028522039757994,
      0.43532123307404214,
      0.41604244694132336,
      0.2857142857142857,
      0.42397895487783127,
      0.42891097666378564,
      0.37762892538173437,
      0.43791414577931437,
      0.3821047865991686,
      0.3911545603548247,
      0.44524015310532167,
      0.0,
      0.6129032258064516,
      0.4529363110008271,
      0.5398148148148149,
      0.37519902697921276,
      0.4535206795268714,
      0.6082474226804123,
      0.5775853775853775,
      0.5304696449026346,
      0.5603174603174603,
      0.7468820861678004,
      0.4742796722178166,
      0.5890440577940578,
      0.5959885022385022,
      0.56371336996337,
      0.56371336996337,
      0.5021611721611722,
      0.5021611721611722,
      0.47358974358974365,
      0.47358974358974365,
      0.44662921348314605,
      0.49023336214347446,
      0.30459374761140406,
      0.5047028318674055,
      0.3277167277167277,
      0.37687265917602997
    ],
    [
      0.33167907361455745,
      0.38039702233250616,
      0.3829611248966087,
      0.3915081334436173,
      0.32464846980976014,
      0.32464846980976014,
      0.42142266335814715,
      0.40098566308243716,
      0.2976190476190476,
      0.4228110599078341,
      0.4662944582299421,
      0.41501240694789077,
      0.4222497932175351,
      0.37847099137421714,
      0.38752076512987327,
      0.5962424672102091,
      0.6129032258064516,
      0.0,
      0.6239867659222499,
      0.5035493827160494,
      0.4115928962678188,
      0.5540604905929982,
      0.6746849942726231,
      0.6390331890331891,
      0.6357961053837342,
      0.6158730158730159,
      0.747874149659864,
      0.6133227597145122,
      0.613960113960114,
      0.6209045584045584,
      0.6243437118437118,
      0.6243437118437118,
      0.621904761904762,
      0.621904761904762,
      0.6241025641025642,
      0.6241025641025642,
      0.4337606837606837,
      0.47154037029967544,
      0.3210656471025134,
      0.5033702734768272,
      0.346004780992374,
      0.3511904761904762
    ],
    [
      0.3444995864350703,
      0.36953729382571887,
      0.36783949439036284,
      0.36783949439036284,
      0.3374689826302729,
      0.3374689826302729,
      0.3893713813068651,
      0.44065343258891637,
      0.3095238095238095,
      0.43058017251565633,
      0.3764400921658986,
      0.4240591397849462,
      0.39019851116625304,
      0.39905639675224924,
      0.39305399579186506,
      0.43323880420654615,
      0.4529363110008271,
      0.6239867659222499,
      0.0,
      0.5584045584045584,
      0.4024376552240329,
      0.5450107168373421,
      0.5650938408670367,
      0.5525141525141526,
      0.7005022468939995,
      0.5326007326007326,
      0.5575091575091575,
      0.6740681998413958,
      0.5417253686484456,
      0.6090330609561379,
      0.6993871513102282,
      0.6352845872076641,
      0.6048351648351648,
      0.5407326007326007,
      0.6861538461538461,
      0.622051282051282,
      0.5029585798816567,
      0.45452558194493686,
      0.3380724498236019,
      0.5538981769459072,
      0.3240112422140072,
      0.40555555555555556
    ],
    [
      0.32763532763532766,
      0.3353276353276353,
      0.33618233618233617,
      0.33618233618233617,
      0.30982905982905984,
      0.30982905982905984,
      0.3596866096866097,
      0.44521604938271614,
      0.2857142857142857,
      0.45017636684303347,
      0.3628917378917379,
      0.4141737891737892,
      0.3611111111111111,
      0.42234617234617233,
      0.4158820482349894,
      0.43620268620268615,
      0.5398148148148149,
      0.5035493827160494,
      0.5584045584045584,
      0.0,
      0.43728248875307696,
      0.5200444550289751,
      0.5216049382716049,
      0.5609788359788359,
      0.6396604938271605,
      0.5096560846560846,
      0.6092592592592593,
      0.6096866096866097,
      0.5118496472663139,
      0.5847663139329805,
      0.6588403880070547,
      0.5893959435626103,
      0.5360602360602361,
      0.471957671957672,
      0.601994301994302,
      0.5378917378917379,
      0.45622895622895626,
      0.48475783475783474,
      0.3164210128495843,
      0.5330149153678565,
      0.34542309542309546,
      0.4226791726791727
    ],
    [
      0.23533834586466165,
      0.24794338788146836,
      0.24794338788146836,
      0.24794338788146836,
      0.24185463659147868,
      0.24185463659147868,
      0.2836576735957541,
      0.3312767212148017,
      0.2222222222222222,
      0.3277753206545776,
      0.24971448228414175,
      0.2941589267285862,
      0.28591331269349846,
      0.3020020639834881,
      0.29808049535603715,
      0.3692466460268317,
      0.37519902697921276,
      0.4115928962678188,
      0.4024376552240329,
      0.43728248875307696,
      0.0,
      0.648110661268556,
      0.4005388436104021,
      0.37415460356636826,
      0.5004688155991976,
      0.3579893495859883,
      0.4069946659982674,
      0.5290402441706262,
      0.3575968849078093,
      0.4200968849078093,
      0.4074918428910026,
      0.3479680333671931,
      0.4732094376212023,
      0.41368562809739284,
      0.4648060762766645,
      0.405282266752855,
      0.34841331269349846,
      0.5344095532950022,
      0.4034571723426213,
      0.44337313872917583,
      0.4010260946483856,
      0.4846628826969384
    ],
    [
      0.3346828609986504,
      0.3226164959911089,
      0.3226164959911089,
      0.3226164959911089,
      0.3097165991902834,
      0.3097165991902834,
      0.3482575216321345,
      0.39953957291418585,
      0.28696741854636587,
      0.43056736864786394,
      0.31918030370042744,
      0.3667993513194751,
      0.34960704929745173,
      0.39561087592931904,
      0.3812051136243971,
      0.4778121775025799,
      0.4535206795268714,
      0.5540604905929982,
      0.5450107168373421,
      0.5200444550289751,
      0.648110661268556,
      0.0,
      0.548999761848059,
      0.5529615894940972,
      0.6232833214257363,
      0.5299561119994558,
      0.566881003413511,
      0.7771294752718902,
      0.5384147586159971,
      0.6057224509236894,
      0.5811587793011942,
      0.5170562151986301,
      0.6393506390410416,
      0.5752480749384775,
      0.6149162499007701,
      0.550813685798206,
      0.40317291662850124,
      0.43332029167942476,
      0.3264666190362785,
      0.5588968069320533,
      0.31848512684425995,
      0.39755761953904367
    ],
    [
      0.33068992862807295,
      0.3794078773460216,
      0.38197197991012416,
      0.3905189884571328,
      0.3244779275707111,
      0.3244779275707111,
      0.3947924927306371,
      0.40685853379152354,
      0.2976190476190476,
      0.41479504172803144,
      0.41402326196140626,
      0.41402326196140626,
      0.3955855141422152,
      0.371105698425286,
      0.36916646119193114,
      0.4523620709187719,
      0.6082474226804123,
      0.6746849942726231,
      0.5650938408670367,
      0.5216049382716049,
      0.4005388436104021,
      0.548999761848059,
      0.0,
      0.735954785954786,
      0.7127004581901489,
      0.7019841269841272,
      0.7478741496598639,
      0.6186227861485593,
      0.6806573056573056,
      0.6806573056573056,
      0.6575091575091575,
      0.6644536019536019,
      0.6283150183150182,
      0.6347252747252747,
      0.6100000000000001,
      0.6164102564102565,
      0.4256707639439598,
      0.5527308403993575,
      0.3360502408735104,
      0.5852369435543388,
      0.32308433041977846,
      0.41494845360824734
    ],
    [
      0.3522033522033522,
      0.3752802752802753,
      0.37784437784437785,
      0.37784437784437785,
      0.3335553335553335,
      0.3335553335553335,
      0.4067821067821068,
      0.424013949013949,
      0.30612244897959184,
      0.4577441077441078,
      0.4324231324231325,
      0.39780774780774786,
      0.4075591075591075,
      0.3777999777999778,
      0.36487172957761194,
      0.4628704628704628,
      0.5775853775853775,
      0.6390331890331891,
      0.5525141525141526,
      0.5609788359788359,
      0.37415460356636826,
      0.5529615894940972,
      0.735954785954786,
      0.0,
      0.641065416065416,
      0.7238095238095238,
      0.7507756132756134,
      0.6027417027417028,
      0.7378917378917379,
      0.7233084045584045,
      0.6862713675213675,
      0.6973824786324786,
      0.6815384615384615,
      0.6917948717948718,
      0.6156043956043955,
      0.6258608058608057,
      0.4158554408554409,
      0.5628798551875476,
      0.3302277087991374,
      0.5668268885463456,
      0.328144505067582,
      0.3811688311688312
    ],
    [
      0.33068992862807295,
      0.3383822363203806,
      0.33923693717508147,
      0.33923693717508147,
      0.33729844039122386,
      0.33729844039122386,
      0.3755617234998678,
      0.462414089347079,
      0.3095238095238095,
      0.45348551791850755,
      0.378766851704996,
      0.43004890298704734,
      0.3763547449114459,
      0.4178089951285827,
      0.42233388200641075,
      0.44503606359276454,
      0.5304696449026346,
      0.6357961053837342,
      0.7005022468939995,
      0.6396604938271605,
      0.5004688155991976,
      0.6232833214257363,
      0.7127004581901489,
      0.641065416065416,
      0.0,
      0.6023809523809525,
      0.6700963718820862,
      0.7668517049960349,
      0.6039631664631665,
      0.6768798331298331,
      0.7509539072039071,
      0.6815094627594628,
      0.6748351648351648,
      0.6107326007326008,
      0.7407692307692307,
      0.6766666666666665,
      0.5012005463036391,
      0.5104231480916652,
      0.34880534291432674,
      0.5780725393311109,
      0.3470165837334751,
      0.45661512027491413
    ],
    [
      0.34175824175824177,
      0.37338217338217333,
      0.3725274725274725,
      0.3725274725274725,
      0.31135531135531136,
      0.31135531135531136,
      0.38021978021978026,
      0.3980158730158731,
      0.2857142857142857,
      0.3952380952380952,
      0.3904761904761905,
      0.3776556776556777,
      0.380952380952381,
      0.3564102564102564,
      0.3610644257703081,
      0.45018315018315014,
      0.5603174603174603,
      0.6158730158730159,
      0.5326007326007326,
      0.5096560846560846,
      0.3579893495859883,
      0.5299561119994558,
      0.7019841269841272,
      0.7238095238095238,
      0.6023809523809525,
      0.0,
      0.6666666666666666,
      0.568864468864469,
      0.7225198412698411,
      0.7051587301587302,
      0.6682539682539682,
      0.6960317460317461,
      0.6153846153846154,
      0.6410256410256411,
      0.5923076923076923,
      0.617948717948718,
      0.40558608058608064,
      0.4647224570301493,
      0.31815803244374674,
      0.5176205393399964,
      0.31284868977176666,
      0.3867346938775511
    ],
    [
      0.3304552590266876,
      0.3535321821036107,
      0.3560962846677133,
      0.36464329321472183,
      0.3116169544740973,
      0.3116169544740973,
      0.43301936159079024,
      0.4135487528344672,
      0.2857142857142857,
      0.4214852607709751,
      0.42660910518053374,
      0.3753270538984825,
      0.4338042909471481,
      0.3772893772893772,
      0.3863391510450334,
      0.46036106750392464,
      0.7468820861678004,
      0.747874149659864,
      0.5575091575091575,
      0.6092592592592593,
      0.4069946659982674,
      0.566881003413511,
      0.7478741496598639,
      0.7507756132756134,
      0.6700963718820862,
      0.6666666666666666,
      0.0,
      0.6231815803244375,
      0.6782534595034595,
      0.6851979039479038,
      0.6529227716727716,
      0.6529227716727716,
      0.6357509157509157,
      0.6357509157509157,
      0.6071794871794872,
      0.6071794871794872,
      0.44623233908948196,
      0.530604194340458,
      0.3196157583912686,
      0.5600328888952031,
      0.326872760938695,
      0.39091350826044696
    ],
    [
      0.35940787734602164,
      0.3383822363203806,
      0.33923693717508147,
      0.33923693717508147,
      0.31165741475019826,
      0.31165741475019826,
      0.362741210679355,
      0.4140232619614063,
      0.2857142857142857,
      0.44058003851818284,
      0.33980731467844866,
      0.38742636229749633,
      0.3635342320909331,
      0.4083736587418473,
      0.39216717614880997,
      0.49939503795173884,
      0.4742796722178166,
      0.6133227597145122,
      0.6740681998413958,
      0.6096866096866097,
      0.5290402441706262,
      0.7771294752718902,
      0.6186227861485593,
      0.6027417027417028,
      0.7668517049960349,
      0.568864468864469,
      0.6231815803244375,
      0.0,
      0.5794824833286373,
      0.6467901756363295,
      0.7041772330233868,
      0.6400746689208225,
      0.6909890109890111,
      0.6268864468864469,
      0.7415384615384616,
      0.6774358974358974,
      0.4241851196648975,
      0.46205958989464146,
      0.35451962862861247,
      0.5842263854849571,
      0.33651539918108403,
      0.40395189003436427
    ],
    [
      0.36210904480135253,
      0.3937329764252841,
      0.39629707898938676,
      0.39736545505776283,
      0.32237954353338966,
      0.32237954353338966,
      0.3831713158636236,
      0.40468559218559225,
      0.2959183673469387,
      0.43047924297924306,
      0.39599182868413635,
      0.38637644406875177,
      0.38391096083403775,
      0.36365877712031563,
      0.380034558201979,
      0.4654127923358693,
      0.5890440577940578,
      0.613960113960114,
      0.5417253686484456,
      0.5118496472663139,
      0.3575968849078093,
      0.5384147586159971,
      0.6806573056573056,
      0.7378917378917379,
      0.6039631664631665,
      0.7225198412698411,
      0.6782534595034595,
      0.5794824833286373,
      0.0,
      0.9270833333333334,
      0.8053902116402116,
      0.8158068783068783,
      0.5948741429510661,
      0.6044895275664507,
      0.5582441063210294,
      0.5678594909364141,
      0.40221815221815227,
      0.4780454588146895,
      0.3152036455607884,
      0.5293703280128619,
      0.3114492345261576,
      0.3559000523286238
    ],
    [
      0.36210904480135253,
      0.3851859678782756,
      0.38775007044237825,
      0.38775007044237825,
      0.32237954353338966,
      0.32237954353338966,
      0.38958157227387996,
      0.4776022588522589,
      0.2959183673469387,
      0.5033959096459097,
      0.40240208509439274,
      0.45368413637644406,
      0.39032121724429414,
      0.4309664694280079,
      0.4473422505096713,
      0.4654127923358693,
      0.5959885022385022,
      0.6209045584045584,
      0.6090330609561379,
      0.5847663139329805,
      0.4200968849078093,
      0.6057224509236894,
      0.6806573056573056,
      0.7233084045584045,
      0.6768798331298331,
      0.7051587301587302,
      0.6851979039479038,
      0.6467901756363295,
      0.9270833333333334,
      0.0,
      0.8783068783068783,
      0.8088624338624338,
      0.6621818352587583,
      0.5980792711561943,
      0.6255517986287218,
      0.5614492345261577,
      0.47513481888481895,
      0.5453531511223818,
      0.3777036455607884,
      0.5966780203205542,
      0.37875692683384987,
      0.4184000523286238
    ],
    [
      0.3511200338123415,
      0.35881234150464925,
      0.3596670423593501,
      0.3596670423593501,
      0.33336855452240066,
      0.33336855452240066,
      0.37218230487461257,
      0.45875305250305254,
      0.30612244897959184,
      0.4756181318681319,
      0.3973654550577628,
      0.4486475063398141,
      0.37292194984502675,
      0.4163144547759932,
      0.44281736363184326,
      0.43977176669484364,
      0.56371336996337,
      0.6243437118437118,
      0.6993871513102282,
      0.6588403880070547,
      0.4074918428910026,
      0.5811587793011942,
      0.6575091575091575,
      0.6862713675213675,
      0.7509539072039071,
      0.6682539682539682,
      0.6529227716727716,
      0.7041772330233868,
      0.8053902116402116,
      0.8783068783068783,
      0.0,
      0.9305555555555555,
      0.6279938010707242,
      0.5638912369681601,
      0.704916877993801,
      0.6408143138912368,
      0.45860042735042733,
      0.5265497323189631,
      0.34595761381475665,
      0.594092370676081,
      0.3445688926458157,
      0.4064952904238619
    ],
    [
      0.3511200338123415,
      0.36735935005165776,
      0.3767610594533672,
      0.3788978115901193,
      0.33336855452240066,
      0.33336855452240066,
      0.37218230487461257,
      0.3893086080586081,
      0.30612244897959184,
      0.4061736874236875,
      0.3973654550577628,
      0.38454494223725,
      0.37292194984502675,
      0.3522118906734291,
      0.37871479952927917,
      0.43977176669484364,
      0.56371336996337,
      0.6243437118437118,
      0.6352845872076641,
      0.5893959435626103,
      0.3479680333671931,
      0.5170562151986301,
      0.6644536019536019,
      0.6973824786324786,
      0.6815094627594628,
      0.6960317460317461,
      0.6529227716727716,
      0.6400746689208225,
      0.8158068783068783,
      0.8088624338624338,
      0.9305555555555555,
      0.0,
      0.5638912369681601,
      0.6279938010707242,
      0.6408143138912368,
      0.704916877993801,
      0.3891559829059829,
      0.46244716821639903,
      0.28643380429094717,
      0.5299898065735169,
      0.2804663285432516,
      0.3469714809000524
    ],
    [
      0.34282051282051285,
      0.35307692307692307,
      0.3556410256410257,
      0.3556410256410257,
      0.31153846153846154,
      0.31153846153846154,
      0.3684615384615384,
      0.42615384615384616,
      0.2857142857142857,
      0.46186813186813186,
      0.3570238095238095,
      0.39571428571428574,
      0.3756410256410256,
      0.39755102040816326,
      0.38554621848739495,
      0.4880952380952381,
      0.5021611721611722,
      0.621904761904762,
      0.6048351648351648,
      0.5360602360602361,
      0.4732094376212023,
      0.6393506390410416,
      0.6283150183150182,
      0.6815384615384615,
      0.6748351648351648,
      0.6153846153846154,
      0.6357509157509157,
      0.6909890109890111,
      0.5948741429510661,
      0.6621818352587583,
      0.6279938010707242,
      0.5638912369681601,
      0.0,
      0.9358974358974359,
      0.9032967032967034,
      0.8391941391941392,
      0.43262890955198646,
      0.5019701726844584,
      0.3768995290423862,
      0.5739575356769927,
      0.3642778649921507,
      0.41400000000000003
    ],
    [
      0.34282051282051285,
