# Horizontal Grid Cells

**Stage 1.** Grid cells define the fundamental 2D horizontal geometry — the shape, resolution, and extent of a single tile. A regular 1° atmosphere grid and a tripolar ocean grid are each their own record. Every grid cell is assigned a `g###` ID used in Stage 2.

---

<link href="https://fonts.googleapis.com/css2?family=Source+Code+Pro:wght@400;600;700&display=swap" rel="stylesheet">

<style>
.emd-viz { font-family: 'Source Code Pro', monospace; width: 100%; }
.emd-section { margin-bottom: 2.5rem; }
.emd-section-label {
  font-size: 11px; font-weight: 700; color: #0d1035;
  text-transform: uppercase; letter-spacing: 0.09em;
  margin-bottom: 12px; display: block;
}
.emd-selector-row { display: flex; gap: 10px; align-items: center; flex-wrap: wrap; }
#emd-entry-select {
  flex: 1; min-width: 240px; padding: 8px 12px;
  border: 1.5px solid #ccc; border-radius: 6px;
  font-family: 'Source Code Pro', monospace; font-size: 12px;
  color: #0d1035; background: #fff; cursor: pointer;
}
#emd-entry-select:focus { outline: none; border-color: #0d1035; }
#emd-go-btn {
  padding: 8px 18px; border: 1.5px solid #0d1035; border-radius: 6px;
  background: #0d1035; color: #fff;
  font-family: 'Source Code Pro', monospace; font-size: 12px;
  font-weight: 600; cursor: pointer; transition: background .15s;
}
#emd-go-btn:hover { background: #1a2080; }
.emd-stats {
  margin-top: 10px; font-size: 11px; color: #888;
  display: flex; gap: 20px; flex-wrap: wrap;
}
.emd-stats b { color: #0d1035; }
.emd-filter-bar { display: flex; flex-wrap: wrap; gap: 6px; margin-bottom: 10px; }
.emd-fbtn {
  padding: 4px 11px; border-radius: 20px; border: 1.5px solid #ccc;
  background: #fff; cursor: pointer; font-family: 'Source Code Pro', monospace;
  font-size: 11px; color: #555; transition: all .15s;
}
.emd-fbtn:hover  { border-color: #0d1035; color: #0d1035; }
.emd-fbtn.active { background: #0d1035; border-color: #0d1035; color: #fff; font-weight: 600; }
.emd-tip {
  position: fixed; background: #0d1035; color: #fff;
  padding: 10px 14px; border-radius: 8px; font-size: 12px;
  font-family: 'Source Code Pro', monospace; pointer-events: none;
  opacity: 0; transition: opacity .12s; line-height: 1.9;
  box-shadow: 0 6px 24px rgba(0,0,0,.25); max-width: 280px; z-index: 999;
}
.emd-tip-link { color: #e8607e; font-weight: 600; }
.emd-tip-text { color: #f5c842; font-weight: 600; }
.emd-tip-head { font-weight: 700; font-size: 13px;
  border-bottom: 1px solid rgba(255,255,255,.2); padding-bottom: 5px; margin-bottom: 5px; }
/* ── accessible font toggle ── */
.emd-font-btn {
  padding: 5px 12px; border-radius: 20px; border: 1.5px solid #ccc;
  background: #fff; font-size: 11px; cursor: pointer;
  font-family: 'Source Code Pro', monospace; color: #888;
  transition: all .2s; white-space: nowrap;
}
.emd-font-btn:hover { border-color: #2065a0; color: #1a4a80; }
.emd-font-btn.active { background: #e8f0ff; border-color: #2065a0;
  color: #1a4a80; font-family: inherit; font-weight: 600; }
/* Accessible mode: also switch the UI controls (the SVGs are already on the
   accessible/sans-serif font by default via the JS `FONT` constant). */
.emd-viz.accessible { font-family: inherit; }
.emd-viz.accessible #emd-entry-select,
.emd-viz.accessible .emd-stats,
.emd-viz.accessible .emd-stats-grid,
.emd-viz.accessible .emd-stat-label,
.emd-viz.accessible .emd-stat-value,
.emd-viz.accessible .emd-section-label,
.emd-viz.accessible .emd-fbtn,
.emd-viz.accessible #emd-go-btn { font-family: inherit !important; }
/* ── stats grid ── */
.emd-stats-grid {
  display: grid;
  grid-template-columns: repeat(auto-fit, minmax(150px, 1fr));
  gap: 12px;
  margin: 10px 0 18px;
  padding: 14px 16px;
  background: #f7f8fa;
  border-left: 3px solid #0d1035;
  border-radius: 4px;
}
.emd-stat-item { display: flex; flex-direction: column; gap: 3px; }
.emd-stat-label {
  font-family: 'Source Code Pro', monospace;
  color: #888; font-size: 10px;
  text-transform: uppercase; letter-spacing: 0.06em;
}
.emd-stat-value {
  font-family: 'Source Code Pro', monospace;
  color: #0d1035; font-weight: 600; font-size: 13px;
}
</style>

<div class="emd-viz">

<!-- Status / stats box pinned to the top of the page -->
<div class="emd-stats-grid">
  <div class="emd-stat-item">
    <span class="emd-stat-label">Total Records</span>
    <span class="emd-stat-value">38</span>
  </div>
  <div class="emd-stat-item">
    <span class="emd-stat-label">Endpoint</span>
    <span class="emd-stat-value">horizontal_grid_cell</span>
  </div>
  <div class="emd-stat-item">
    <span class="emd-stat-label">Raw Data</span>
    <span class="emd-stat-value">26.4 KB</span>
  </div>
  <div class="emd-stat-item">
    <span class="emd-stat-label">Processed Data</span>
    <span class="emd-stat-value">80.8 KB</span>
  </div>
  <div class="emd-stat-item">
    <span class="emd-stat-label">Last Updated</span>
    <span class="emd-stat-value">2026-05-27 19:35 UTC</span>
  </div>
</div>

<div class="emd-section">
<span class="emd-section-label">View a specific Grid Cell</span>
<div class="emd-selector-row">
  <select id="emd-entry-select">
    <option value="">Select an entry…</option>
    <option value="../view_horizontal_grid_cells/?id=g133">g133</option>
    <option value="../view_horizontal_grid_cells/?id=g100">g100</option>
    <option value="../view_horizontal_grid_cells/?id=g137">g137</option>
    <option value="../view_horizontal_grid_cells/?id=g131">g131</option>
    <option value="../view_horizontal_grid_cells/?id=g129">g129</option>
    <option value="../view_horizontal_grid_cells/?id=g113">g113</option>
    <option value="../view_horizontal_grid_cells/?id=g106">g106</option>
    <option value="../view_horizontal_grid_cells/?id=g117">g117</option>
    <option value="../view_horizontal_grid_cells/?id=g111">g111</option>
    <option value="../view_horizontal_grid_cells/?id=g123">g123</option>
    <option value="../view_horizontal_grid_cells/?id=g110">g110</option>
    <option value="../view_horizontal_grid_cells/?id=g105">g105</option>
    <option value="../view_horizontal_grid_cells/?id=g134">g134</option>
    <option value="../view_horizontal_grid_cells/?id=g101">g101</option>
    <option value="../view_horizontal_grid_cells/?id=g108">g108</option>
    <option value="../view_horizontal_grid_cells/?id=g109">g109</option>
    <option value="../view_horizontal_grid_cells/?id=g115">g115</option>
    <option value="../view_horizontal_grid_cells/?id=g103">g103</option>
    <option value="../view_horizontal_grid_cells/?id=g104">g104</option>
    <option value="../view_horizontal_grid_cells/?id=g102">g102</option>
    <option value="../view_horizontal_grid_cells/?id=g107">g107</option>
    <option value="../view_horizontal_grid_cells/?id=g124">g124</option>
    <option value="../view_horizontal_grid_cells/?id=g126">g126</option>
    <option value="../view_horizontal_grid_cells/?id=g125">g125</option>
    <option value="../view_horizontal_grid_cells/?id=g127">g127</option>
    <option value="../view_horizontal_grid_cells/?id=g128">g128</option>
    <option value="../view_horizontal_grid_cells/?id=g119">g119</option>
    <option value="../view_horizontal_grid_cells/?id=g118">g118</option>
    <option value="../view_horizontal_grid_cells/?id=g135">g135</option>
    <option value="../view_horizontal_grid_cells/?id=g116">g116</option>
    <option value="../view_horizontal_grid_cells/?id=g132">g132</option>
    <option value="../view_horizontal_grid_cells/?id=g130">g130</option>
    <option value="../view_horizontal_grid_cells/?id=g114">g114</option>
    <option value="../view_horizontal_grid_cells/?id=g112">g112</option>
    <option value="../view_horizontal_grid_cells/?id=g122">g122</option>
    <option value="../view_horizontal_grid_cells/?id=g136">g136</option>
    <option value="../view_horizontal_grid_cells/?id=g120">g120</option>
    <option value="../view_horizontal_grid_cells/?id=g121">g121</option>
  </select>
  <button id="emd-go-btn" onclick="emdGotoEntry()">Open →</button>
  <button class="emd-font-btn" id="emd-font-toggle" onclick="emdToggleFont()" title="Switch to the page's default font for improved readability">Accessible font</button>
</div>
</div>

<div class="emd-section">
<span class="emd-section-label">Similarity &amp; Hierarchical Clustering</span>
<div class="emd-filter-bar" id="emd-filter-bar"></div>
<div id="emd-combined-chart" style="overflow-x:auto; display:flex; justify-content:center;"></div>
<div class="emd-tip" id="emd-tip"></div>
</div>

<div class="emd-section">
<span class="emd-section-label">Record Key Schema</span>
<div id="emd-key-graph"></div>
</div>

</div>

<script src="https://d3js.org/d3.v7.min.js"></script>
<script>
(function () {
'use strict';

/* ── injected data ─────────────────────────────────────────────────────── */
var EMD_DATA    = {"ids":["g133","g100","g137","g131","g129","g113","g106","g117","g111","g123","g110","g105","g134","g101","g108","g109","g115","g103","g104","g102","g107","g124","g126","g125","g127","g128","g119","g118","g135","g116","g132","g130","g114","g112","g122","g136","g120","g121"],"link":[[0.0,0.7468820861678004,0.5890440577940578,0.6082474226804123,0.5603174603174603,0.5775853775853775,0.6129032258064516,0.5398148148148149,0.5304696449026346,0.4529363110008271,0.5021611721611722,0.4535206795268714,0.4742796722178166,0.37519902697921276,0.5021611721611722,0.47358974358974365,0.47358974358974365,0.31028522039757994,0.31028522039757994,0.2857142857142857,0.3327571305099395,0.3669451646979737,0.3583981561509652,0.3558340535868626,0.43791414577931437,0.43532123307404214,0.41604244694132336,0.42891097666378564,0.42397895487783127,0.37762892538173437,0.3911545603548247,0.3821047865991686,0.5047028318674055,0.44524015310532167,0.30459374761140406,0.44662921348314605,0.37687265917602997,0.49023336214347446],[0.7468820861678004,0.0,0.6782534595034595,0.7478741496598639,0.6666666666666666,0.7507756132756134,0.747874149659864,0.6092592592592593,0.6700963718820862,0.5575091575091575,0.6357509157509157,0.566881003413511,0.6231815803244375,0.4069946659982674,0.6357509157509157,0.6071794871794872,0.6071794871794872,0.3116169544740973,0.3116169544740973,0.2857142857142857,0.3304552590266876,0.36464329321472183,0.3560962846677133,0.3535321821036107,0.4338042909471481,0.43301936159079024,0.4135487528344672,0.42660910518053374,0.4214852607709751,0.3753270538984825,0.3863391510450334,0.3772893772893772,0.5600328888952031,0.46036106750392464,0.3196157583912686,0.44623233908948196,0.39091350826044696,0.530604194340458],[0.5890440577940578,0.6782534595034595,0.0,0.6806573056573056,0.7225198412698411,0.7378917378917379,0.613960113960114,0.5118496472663139,0.6039631664631665,0.5417253686484456,0.6044895275664507,0.5384147586159971,0.5794824833286373,0.3575968849078093,0.5948741429510661,0.5678594909364141,0.5582441063210294,0.32237954353338966,0.32237954353338966,0.2959183673469387,0.36210904480135253,0.39736545505776283,0.39629707898938676,0.3937329764252841,0.38391096083403775,0.3831713158636236,0.40468559218559225,0.39599182868413635,0.43047924297924306,0.38637644406875177,0.380034558201979,0.36365877712031563,0.5293703280128619,0.4654127923358693,0.3152036455607884,0.40221815221815227,0.3559000523286238,0.4780454588146895],[0.6082474226804123,0.7478741496598639,0.6806573056573056,0.0,0.7019841269841272,0.735954785954786,0.6746849942726231,0.5216049382716049,0.7127004581901489,0.5650938408670367,0.6347252747252747,0.548999761848059,0.6186227861485593,0.4005388436104021,0.6283150183150182,0.6164102564102565,0.6100000000000001,0.3244779275707111,0.3244779275707111,0.2976190476190476,0.33068992862807295,0.3905189884571328,0.38197197991012416,0.3794078773460216,0.3955855141422152,0.3947924927306371,0.40685853379152354,0.41402326196140626,0.41479504172803144,0.41402326196140626,0.36916646119193114,0.371105698425286,0.5852369435543388,0.4523620709187719,0.3360502408735104,0.4256707639439598,0.41494845360824734,0.5527308403993575],[0.5603174603174603,0.6666666666666666,0.7225198412698411,0.7019841269841272,0.0,0.7238095238095238,0.6158730158730159,0.5096560846560846,0.6023809523809525,0.5326007326007326,0.6410256410256411,0.5299561119994558,0.568864468864469,0.3579893495859883,0.6153846153846154,0.617948717948718,0.5923076923076923,0.31135531135531136,0.31135531135531136,0.2857142857142857,0.34175824175824177,0.3725274725274725,0.3725274725274725,0.37338217338217333,0.380952380952381,0.38021978021978026,0.3980158730158731,0.3904761904761905,0.3952380952380952,0.3776556776556777,0.3610644257703081,0.3564102564102564,0.5176205393399964,0.45018315018315014,0.31815803244374674,0.40558608058608064,0.3867346938775511,0.4647224570301493],[0.5775853775853775,0.7507756132756134,0.7378917378917379,0.735954785954786,0.7238095238095238,0.0,0.6390331890331891,0.5609788359788359,0.641065416065416,0.5525141525141526,0.6917948717948718,0.5529615894940972,0.6027417027417028,0.37415460356636826,0.6815384615384615,0.6258608058608057,0.6156043956043955,0.3335553335553335,0.3335553335553335,0.30612244897959184,0.3522033522033522,0.37784437784437785,0.37784437784437785,0.3752802752802753,0.4075591075591075,0.4067821067821068,0.424013949013949,0.4324231324231325,0.4577441077441078,0.39780774780774786,0.36487172957761194,0.3777999777999778,0.5668268885463456,0.4628704628704628,0.3302277087991374,0.4158554408554409,0.3811688311688312,0.5628798551875476],[0.6129032258064516,0.747874149659864,0.613960113960114,0.6746849942726231,0.6158730158730159,0.6390331890331891,0.0,0.5035493827160494,0.6357961053837342,0.6239867659222499,0.621904761904762,0.5540604905929982,0.6133227597145122,0.4115928962678188,0.621904761904762,0.6241025641025642,0.6241025641025642,0.32464846980976014,0.32464846980976014,0.2976190476190476,0.33167907361455745,0.3915081334436173,0.3829611248966087,0.38039702233250616,0.4222497932175351,0.42142266335814715,0.40098566308243716,0.4662944582299421,0.4228110599078341,0.41501240694789077,0.38752076512987327,0.37847099137421714,0.5033702734768272,0.5962424672102091,0.3210656471025134,0.4337606837606837,0.3511904761904762,0.47154037029967544],[0.5398148148148149,0.6092592592592593,0.5118496472663139,0.5216049382716049,0.5096560846560846,0.5609788359788359,0.5035493827160494,0.0,0.6396604938271605,0.5584045584045584,0.471957671957672,0.5200444550289751,0.6096866096866097,0.43728248875307696,0.5360602360602361,0.5378917378917379,0.601994301994302,0.30982905982905984,0.30982905982905984,0.2857142857142857,0.32763532763532766,0.33618233618233617,0.33618233618233617,0.3353276353276353,0.3611111111111111,0.3596866096866097,0.44521604938271614,0.3628917378917379,0.45017636684303347,0.4141737891737892,0.4158820482349894,0.42234617234617233,0.5330149153678565,0.43620268620268615,0.3164210128495843,0.45622895622895626,0.4226791726791727,0.48475783475783474],[0.5304696449026346,0.6700963718820862,0.6039631664631665,0.7127004581901489,0.6023809523809525,0.641065416065416,0.6357961053837342,0.6396604938271605,0.0,0.7005022468939995,0.6107326007326008,0.6232833214257363,0.7668517049960349,0.5004688155991976,0.6748351648351648,0.6766666666666665,0.7407692307692307,0.33729844039122386,0.33729844039122386,0.3095238095238095,0.33068992862807295,0.33923693717508147,0.33923693717508147,0.3383822363203806,0.3763547449114459,0.3755617234998678,0.462414089347079,0.378766851704996,0.45348551791850755,0.43004890298704734,0.42233388200641075,0.4178089951285827,0.5780725393311109,0.44503606359276454,0.34880534291432674,0.5012005463036391,0.45661512027491413,0.5104231480916652],[0.4529363110008271,0.5575091575091575,0.5417253686484456,0.5650938408670367,0.5326007326007326,0.5525141525141526,0.6239867659222499,0.5584045584045584,0.7005022468939995,0.0,0.5407326007326007,0.5450107168373421,0.6740681998413958,0.4024376552240329,0.6048351648351648,0.622051282051282,0.6861538461538461,0.3374689826302729,0.3374689826302729,0.3095238095238095,0.3444995864350703,0.36783949439036284,0.36783949439036284,0.36953729382571887,0.39019851116625304,0.3893713813068651,0.44065343258891637,0.3764400921658986,0.43058017251565633,0.4240591397849462,0.39305399579186506,0.39905639675224924,0.5538981769459072,0.43323880420654615,0.3380724498236019,0.5029585798816567,0.40555555555555556,0.45452558194493686],[0.5021611721611722,0.6357509157509157,0.6044895275664507,0.6347252747252747,0.6410256410256411,0.6917948717948718,0.621904761904762,0.471957671957672,0.6107326007326008,0.5407326007326007,0.0,0.5752480749384775,0.6268864468864469,0.41368562809739284,0.9358974358974359,0.9032967032967034,0.8391941391941392,0.31153846153846154,0.31153846153846154,0.2857142857142857,0.34282051282051285,0.3748717948717949,0.37273504273504277,0.3616239316239316,0.3756410256410256,0.3684615384615384,0.36205128205128206,0.3570238095238095,0.3977655677655678,0.3361904761904762,0.3260224089635854,0.3380272108843538,0.5098549715744286,0.4880952380952381,0.31737571951857674,0.36852634544942237,0.3584444444444445,0.44244636316064895],[0.4535206795268714,0.566881003413511,0.5384147586159971,0.548999761848059,0.5299561119994558,0.5529615894940972,0.5540604905929982,0.5200444550289751,0.6232833214257363,0.5450107168373421,0.5752480749384775,0.0,0.7771294752718902,0.648110661268556,0.6393506390410416,0.550813685798206,0.6149162499007701,0.3097165991902834,0.3097165991902834,0.28696741854636587,0.3346828609986504,0.3226164959911089,0.3226164959911089,0.3226164959911089,0.34960704929745173,0.3482575216321345,0.39953957291418585,0.31918030370042744,0.43056736864786394,0.3667993513194751,0.3812051136243971,0.39561087592931904,0.5588968069320533,0.4778121775025799,0.3264666190362785,0.40317291662850124,0.39755761953904367,0.43332029167942476],[0.4742796722178166,0.6231815803244375,0.5794824833286373,0.6186227861485593,0.568864468864469,0.6027417027417028,0.6133227597145122,0.6096866096866097,0.7668517049960349,0.6740681998413958,0.6268864468864469,0.7771294752718902,0.0,0.5290402441706262,0.6909890109890111,0.6774358974358974,0.7415384615384616,0.31165741475019826,0.31165741475019826,0.2857142857142857,0.35940787734602164,0.33923693717508147,0.33923693717508147,0.3383822363203806,0.3635342320909331,0.362741210679355,0.4140232619614063,0.33980731467844866,0.44058003851818284,0.38742636229749633,0.39216717614880997,0.4083736587418473,0.5842263854849571,0.49939503795173884,0.35451962862861247,0.4241851196648975,0.40395189003436427,0.46205958989464146],[0.37519902697921276,0.4069946659982674,0.3575968849078093,0.4005388436104021,0.3579893495859883,0.37415460356636826,0.4115928962678188,0.43728248875307696,0.5004688155991976,0.4024376552240329,0.41368562809739284,0.648110661268556,0.5290402441706262,0.0,0.4732094376212023,0.405282266752855,0.4648060762766645,0.24185463659147868,0.24185463659147868,0.2222222222222222,0.23533834586466165,0.24794338788146836,0.24794338788146836,0.24794338788146836,0.28591331269349846,0.2836576735957541,0.3312767212148017,0.24971448228414175,0.3277753206545776,0.2941589267285862,0.29808049535603715,0.3020020639834881,0.44337313872917583,0.3692466460268317,0.4034571723426213,0.34841331269349846,0.4846628826969384,0.5344095532950022],[0.5021611721611722,0.6357509157509157,0.5948741429510661,0.6283150183150182,0.6153846153846154,0.6815384615384615,0.621904761904762,0.5360602360602361,0.6748351648351648,0.6048351648351648,0.9358974358974359,0.6393506390410416,0.6909890109890111,0.4732094376212023,0.0,0.8391941391941392,0.9032967032967034,0.31153846153846154,0.31153846153846154,0.2857142857142857,0.34282051282051285,0.3556410256410257,0.3556410256410257,0.35307692307692307,0.3756410256410256,0.3684615384615384,0.42615384615384616,0.3570238095238095,0.46186813186813186,0.39571428571428574,0.38554621848739495,0.39755102040816326,0.5739575356769927,0.4880952380952381,0.3768995290423862,0.43262890955198646,0.41400000000000003,0.5019701726844584],[0.47358974358974365,0.6071794871794872,0.5678594909364141,0.6164102564102565,0.617948717948718,0.6258608058608057,0.6241025641025642,0.5378917378917379,0.6766666666666665,0.622051282051282,0.9032967032967034,0.550813685798206,0.6774358974358974,0.405282266752855,0.8391941391941392,0.0,0.9358974358974359,0.3243589743589744,0.3243589743589744,0.2976190476190476,0.33,0.3834188034188034,0.3812820512820513,0.37188034188034186,0.3628205128205128,0.36205128205128206,0.3492307692307693,0.36297619047619045,0.3538095238095238,0.3510714285714286,0.3320248099239696,0.3278231292517007,0.4962803109409445,0.45329670329670324,0.27655939298796445,0.3593688362919132,0.3473333333333334,0.42782051282051287],[0.47358974358974365,0.6071794871794872,0.5582441063210294,0.6100000000000001,0.5923076923076923,0.6156043956043955,0.6241025641025642,0.601994301994302,0.7407692307692307,0.6861538461538461,0.8391941391941392,0.6149162499007701,0.7415384615384616,0.4648060762766645,0.9032967032967034,0.9358974358974359,0.0,0.3243589743589744,0.3243589743589744,0.2976190476190476,0.33,0.3641880341880342,0.3641880341880342,0.36333333333333334,0.3628205128205128,0.36205128205128206,0.4133333333333334,0.36297619047619045,0.4179120879120879,0.41059523809523807,0.3915486194477791,0.3873469387755102,0.5603828750435086,0.45329670329670324,0.3360832025117739,0.4234714003944772,0.4028888888888889,0.4873443223443224],[0.31028522039757994,0.3116169544740973,0.32237954353338966,0.3244779275707111,0.31135531135531136,0.3335553335553335,0.32464846980976014,0.30982905982905984,0.33729844039122386,0.3374689826302729,0.31153846153846154,0.3097165991902834,0.31165741475019826,0.24185463659147868,0.31153846153846154,0.3243589743589744,0.3243589743589744,0.0,0.9643719806763286,0.7597826086956523,0.6932367149758454,0.5823451910408433,0.5823451910408433,0.5823451910408433,0.5993939393939395,0.5974967061923584,0.5974967061923584,0.5477053140096618,0.5650291737248259,0.5477053140096618,0.4309868875086266,0.41908212560386476,0.32581786030061893,0.4046153846153846,0.21957671957671956,0.33695324283559575,0.20619429590017824,0.25481540930979135],[0.31028522039757994,0.3116169544740973,0.32237954353338966,0.3244779275707111,0.31135531135531136,0.3335553335553335,0.32464846980976014,0.30982905982905984,0.33729844039122386,0.3374689826302729,0.31153846153846154,0.3097165991902834,0.31165741475019826,0.24185463659147868,0.31153846153846154,0.3243589743589744,0.3243589743589744,0.9643719806763286,0.0,0.7597826086956523,0.6932367149758454,0.5823451910408433,0.5823451910408433,0.5823451910408433,0.5993939393939395,0.5974967061923584,0.5974967061923584,0.5477053140096618,0.5650291737248259,0.5477053140096618,0.43219461697722567,0.43219461697722567,0.32581786030061893,0.4046153846153846,0.21957671957671956,0.33695324283559575,0.20619429590017824,0.25481540930979135],[0.2857142857142857,0.2857142857142857,0.2959183673469387,0.2976190476190476,0.2857142857142857,0.30612244897959184,0.2976190476190476,0.2857142857142857,0.3095238095238095,0.3095238095238095,0.2857142857142857,0.28696741854636587,0.2857142857142857,0.2222222222222222,0.2857142857142857,0.2976190476190476,0.2976190476190476,0.7597826086956523,0.7597826086956523,0.0,0.6333333333333334,0.5277777777777778,0.5277777777777778,0.5277777777777778,0.5416666666666666,0.5416666666666666,0.5416666666666666,0.5416666666666666,0.5238095238095238,0.5416666666666666,0.42989417989417983,0.41798941798941797,0.2976190476190476,0.380952380952381,0.20164609053497942,0.3095238095238095,0.2051265716780916,0.23333333333333334],[0.3327571305099395,0.3304552590266876,0.36210904480135253,0.33068992862807295,0.34175824175824177,0.3522033522033522,0.33167907361455745,0.32763532763532766,0.33068992862807295,0.3444995864350703,0.34282051282051285,0.3346828609986504,0.35940787734602164,0.23533834586466165,0.34282051282051285,0.33,0.33,0.6932367149758454,0.6932367149758454,0.6333333333333334,0.0,0.6515151515151515,0.6515151515151515,0.6515151515151515,0.6220454545454545,0.6571969696969696,0.6515151515151515,0.5972222222222222,0.6883116883116883,0.5972222222222222,0.46620583717357905,0.4543010752688172,0.3452696728558798,0.5856410256410256,0.26278659611992944,0.3330316742081448,0.22740641711229947,0.24866238630283574],[0.3669451646979737,0.36464329321472183,0.39736545505776283,0.3905189884571328,0.3725274725274725,0.37784437784437785,0.3915081334436173,0.33618233618233617,0.33923693717508147,0.36783949439036284,0.3748717948717949,0.3226164959911089,0.33923693717508147,0.24794338788146836,0.3556410256410257,0.3834188034188034,0.3641880341880342,0.5823451910408433,0.5823451910408433,0.5277777777777778,0.6515151515151515,0.0,0.9168609168609169,0.8403263403263405,0.6466666666666666,0.696969696969697,0.6818181818181818,0.6574074074074074,0.6796536796536796,0.6666666666666666,0.4760097587422065,0.48472435569209765,0.3653416069549632,0.4884188034188034,0.27652285985619324,0.3714932126696832,0.25518419489007726,0.30818619582664525],[0.3583981561509652,0.3560962846677133,0.39629707898938676,0.38197197991012416,0.3725274725274725,0.37784437784437785,0.3829611248966087,0.33618233618233617,0.33923693717508147,0.36783949439036284,0.37273504273504277,0.3226164959911089,0.33923693717508147,0.24794338788146836,0.3556410256410257,0.3812820512820513,0.3641880341880342,0.5823451910408433,0.5823451910408433,0.5277777777777778,0.6515151515151515,0.9168609168609169,0.0,0.8888111888111889,0.6466666666666666,0.6818181818181818,0.6818181818181818,0.6574074074074074,0.6897546897546897,0.6574074074074074,0.48091171952652023,0.49398361495135684,0.36081672007713517,0.4873504273504273,0.27652285985619324,0.3629462041226747,0.25518419489007726,0.30818619582664525],[0.3558340535868626,0.3535321821036107,0.3937329764252841,0.3794078773460216,0.37338217338217333,0.3752802752802753,0.38039702233250616,0.3353276353276353,0.3383822363203806,0.36953729382571887,0.3616239316239316,0.3226164959911089,0.3383822363203806,0.24794338788146836,0.35307692307692307,0.37188034188034186,0.36333333333333334,0.5823451910408433,0.5823451910408433,0.5277777777777778,0.6515151515151515,0.8403263403263405,0.8888111888111889,0.0,0.6542424242424243,0.6893939393939394,0.6893939393939394,0.6555555555555556,0.6857142857142857,0.6555555555555556,0.48091171952652023,0.4912058371735791,0.361106776928278,0.48393162393162387,0.27441124597987343,0.361236802413273,0.25518419489007726,0.3058052434456929],[0.43791414577931437,0.4338042909471481,0.38391096083403775,0.3955855141422152,0.380952380952381,0.4075591075591075,0.4222497932175351,0.3611111111111111,0.3763547449114459,0.39019851116625304,0.3756410256410256,0.34960704929745173,0.3635342320909331,0.28591331269349846,0.3756410256410256,0.3628205128205128,0.3628205128205128,0.5993939393939395,0.5993939393939395,0.5416666666666666,0.6220454545454545,0.6466666666666666,0.6466666666666666,0.6542424242424243,0.0,0.911818181818182,0.8133333333333334,0.6969444444444445,0.6672294372294372,0.6483333333333333,0.49627450980392157,0.5163492063492063,0.3862537057263224,0.49198717948717946,0.28924162257495595,0.42277526395173454,0.2685680332739156,0.298689138576779],[0.43532123307404214,0.43301936159079024,0.3831713158636236,0.3947924927306371,0.38021978021978026,0.4067821067821068,0.42142266335814715,0.3596866096866097,0.3755617234998678,0.3893713813068651,0.3684615384615384,0.3482575216321345,0.362741210679355,0.2836576735957541,0.3684615384615384,0.36205128205128206,0.36205128205128206,0.5974967061923584,0.5974967061923584,0.5416666666666666,0.6571969696969696,0.696969696969697,0.6818181818181818,0.6893939393939394,0.911818181818182,0.0,0.7954545454545456,0.7291666666666666,0.7023809523809523,0.6736111111111112,0.5114906177524773,0.5217613927291346,0.38448535913038956,0.4622435897435897,0.2865961199294533,0.42277526395173454,0.26073975044563275,0.29628143392188333],[0.41604244694132336,0.4135487528344672,0.40468559218559225,0.40685853379152354,0.3980158730158731,0.424013949013949,0.40098566308243716,0.44521604938271614,0.462414089347079,0.44065343258891637,0.36205128205128206,0.39953957291418585,0.4140232619614063,0.3312767212148017,0.42615384615384616,0.3492307692307693,0.4133333333333334,0.5974967061923584,0.5974967061923584,0.5416666666666666,0.6515151515151515,0.6818181818181818,0.6818181818181818,0.6893939393939394,0.8133333333333334,0.7954545454545456,0.0,0.7348484848484849,0.8392857142857142,0.8030303030303031,0.6079006382611696,0.6298003072196621,0.4357674104124409,0.4574358974358974,0.3342151675485009,0.513562091503268,0.33293544690603516,0.3703543647363872],[0.42891097666378564,0.42660910518053374,0.39599182868413635,0.41402326196140626,0.3904761904761905,0.4324231324231325,0.4662944582299421,0.3628917378917379,0.378766851704996,0.3764400921658986,0.3570238095238095,0.31918030370042744,0.33980731467844866,0.24971448228414175,0.3570238095238095,0.36297619047619045,0.36297619047619045,0.5477053140096618,0.5477053140096618,0.5416666666666666,0.5972222222222222,0.6574074074074074,0.6574074074074074,0.6555555555555556,0.6969444444444445,0.7291666666666666,0.7348484848484849,0.0,0.7023809523809523,0.893939393939394,0.5555580869281753,0.5719828386470447,0.36472520042499756,0.43071428571428566,0.2730452674897119,0.40033936651583707,0.2932302055417549,0.3141385767790262],[0.42397895487783127,0.4214852607709751,0.43047924297924306,0.41479504172803144,0.3952380952380952,0.4577441077441078,0.4228110599078341,0.45017636684303347,0.45348551791850755,0.43058017251565633,0.3977655677655678,0.43056736864786394,0.44058003851818284,0.3277753206545776,0.46186813186813186,0.3538095238095238,0.4179120879120879,0.5650291737248259,0.5650291737248259,0.5238095238095238,0.6883116883116883,0.6796536796536796,0.6897546897546897,0.6857142857142857,0.6672294372294372,0.7023809523809523,0.8392857142857142,0.7023809523809523,0.0,0.762987012987013,0.6208876512481826,0.6514453288646836,0.433935908580939,0.5087179487179487,0.36142605190224236,0.47983193277310926,0.33293544690603516,0.3758488702308927],[0.37762892538173437,0.3753270538984825,0.38637644406875177,0.41402326196140626,0.3776556776556777,0.39780774780774786,0.41501240694789077,0.4141737891737892,0.43004890298704734,0.4240591397849462,0.3361904761904762,0.3667993513194751,0.38742636229749633,0.2941589267285862,0.39571428571428574,0.3510714285714286,0.41059523809523807,0.5477053140096618,0.5477053140096618,0.5416666666666666,0.5972222222222222,0.6666666666666666,0.6574074074074074,0.6555555555555556,0.6483333333333333,0.6736111111111112,0.8030303030303031,0.893939393939394,0.762987012987013,0.0,0.616164147534236,0.621225262889469,0.41234424804404524,0.4396428571428571,0.32582304526748973,0.4516214177978884,0.3408492531608025,0.36175762439807385],[0.3911545603548247,0.3863391510450334,0.380034558201979,0.36916646119193114,0.3610644257703081,0.36487172957761194,0.38752076512987327,0.4158820482349894,0.42233388200641075,0.39305399579186506,0.3260224089635854,0.3812051136243971,0.39216717614880997,0.29808049535603715,0.38554621848739495,0.3320248099239696,0.3915486194477791,0.4309868875086266,0.43219461697722567,0.42989417989417983,0.46620583717357905,0.4760097587422065,0.48091171952652023,0.48091171952652023,0.49627450980392157,0.5114906177524773,0.6079006382611696,0.5555580869281753,0.6208876512481826,0.616164147534236,0.0,0.8449197860962566,0.40294048653944337,0.3319407763105242,0.30707888093509006,0.4289592760180995,0.3203858419511795,0.3267936388038361],[0.3821047865991686,0.3772893772893772,0.36365877712031563,0.371105698425286,0.3564102564102564,0.3777999777999778,0.37847099137421714,0.42234617234617233,0.4178089951285827,0.39905639675224924,0.3380272108843538,0.39561087592931904,0.4083736587418473,0.3020020639834881,0.39755102040816326,0.3278231292517007,0.3873469387755102,0.41908212560386476,0.43219461697722567,0.41798941798941797,0.4543010752688172,0.48472435569209765,0.49398361495135684,0.4912058371735791,0.5163492063492063,0.5217613927291346,0.6298003072196621,0.5719828386470447,0.6514453288646836,0.621225262889469,0.8449197860962566,0.0,0.3987388058671745,0.33374149659863944,0.3087595532039976,0.4548157724628312,0.3340913241440567,0.33879844072460447],[0.5047028318674055,0.5600328888952031,0.5293703280128619,0.5852369435543388,0.5176205393399964,0.5668268885463456,0.5033702734768272,0.5330149153678565,0.5780725393311109,0.5538981769459072,0.5098549715744286,0.5588968069320533,0.5842263854849571,0.44337313872917583,0.5739575356769927,0.4962803109409445,0.5603828750435086,0.32581786030061893,0.32581786030061893,0.2976190476190476,0.3452696728558798,0.3653416069549632,0.36081672007713517,0.361106776928278,0.3862537057263224,0.38448535913038956,0.4357674104124409,0.36472520042499756,0.433935908580939,0.41234424804404524,0.40294048653944337,0.3987388058671745,0.0,0.4375357570083737,0.46226033516855025,0.44226608415249385,0.42011289364230536,0.6183866805149025],[0.44524015310532167,0.46036106750392464,0.4654127923358693,0.4523620709187719,0.45018315018315014,0.4628704628704628,0.5962424672102091,0.43620268620268615,0.44503606359276454,0.43323880420654615,0.4880952380952381,0.4778121775025799,0.49939503795173884,0.3692466460268317,0.4880952380952381,0.45329670329670324,0.45329670329670324,0.4046153846153846,0.4046153846153846,0.380952380952381,0.5856410256410256,0.4884188034188034,0.4873504273504273,0.48393162393162387,0.49198717948717946,0.4622435897435897,0.4574358974358974,0.43071428571428566,0.5087179487179487,0.4396428571428571,0.3319407763105242,0.33374149659863944,0.4375357570083737,0.0,0.31645250692869736,0.35500969618616673,0.3130124777183601,0.35311090728426203],[0.30459374761140406,0.3196157583912686,0.3152036455607884,0.3360502408735104,0.31815803244374674,0.3302277087991374,0.3210656471025134,0.3164210128495843,0.34880534291432674,0.3380724498236019,0.31737571951857674,0.3264666190362785,0.35451962862861247,0.4034571723426213,0.3768995290423862,0.27655939298796445,0.3360832025117739,0.21957671957671956,0.21957671957671956,0.20164609053497942,0.26278659611992944,0.27652285985619324,0.27652285985619324,0.27441124597987343,0.28924162257495595,0.2865961199294533,0.3342151675485009,0.2730452674897119,0.36142605190224236,0.32582304526748973,0.30707888093509006,0.3087595532039976,0.46226033516855025,0.31645250692869736,0.0,0.4182372949179672,0.3781639928698752,0.5321887181839028],[0.44662921348314605,0.44623233908948196,0.40221815221815227,0.4256707639439598,0.40558608058608064,0.4158554408554409,0.4337606837606837,0.45622895622895626,0.5012005463036391,0.5029585798816567,0.36852634544942237,0.40317291662850124,0.4241851196648975,0.34841331269349846,0.43262890955198646,0.3593688362919132,0.4234714003944772,0.33695324283559575,0.33695324283559575,0.3095238095238095,0.3330316742081448,0.3714932126696832,0.3629462041226747,0.361236802413273,0.42277526395173454,0.42277526395173454,0.513562091503268,0.40033936651583707,0.47983193277310926,0.4516214177978884,0.4289592760180995,0.4548157724628312,0.44226608415249385,0.35500969618616673,0.4182372949179672,0.0,0.3755411255411255,0.39220685681359835],[0.37687265917602997,0.39091350826044696,0.3559000523286238,0.41494845360824734,0.3867346938775511,0.3811688311688312,0.3511904761904762,0.4226791726791727,0.45661512027491413,0.40555555555555556,0.3584444444444445,0.39755761953904367,0.40395189003436427,0.4846628826969384,0.41400000000000003,0.3473333333333334,0.4028888888888889,0.20619429590017824,0.20619429590017824,0.2051265716780916,0.22740641711229947,0.25518419489007726,0.25518419489007726,0.25518419489007726,0.2685680332739156,0.26073975044563275,0.33293544690603516,0.2932302055417549,0.33293544690603516,0.3408492531608025,0.3203858419511795,0.3340913241440567,0.42011289364230536,0.3130124777183601,0.3781639928698752,0.3755411255411255,0.0,0.5374413810468007],[0.49023336214347446,0.530604194340458,0.4780454588146895,0.5527308403993575,0.4647224570301493,0.5628798551875476,0.47154037029967544,0.48475783475783474,0.5104231480916652,0.45452558194493686,0.44244636316064895,0.43332029167942476,0.46205958989464146,0.5344095532950022,0.5019701726844584,0.42782051282051287,0.4873443223443224,0.25481540930979135,0.25481540930979135,0.23333333333333334,0.24866238630283574,0.30818619582664525,0.30818619582664525,0.3058052434456929,0.298689138576779,0.29628143392188333,0.3703543647363872,0.3141385767790262,0.3758488702308927,0.36175762439807385,0.3267936388038361,0.33879844072460447,0.6183866805149025,0.35311090728426203,0.5321887181839028,0.39220685681359835,0.5374413810468007,0.0]],"text":[[0.0,0.7468820861678004,0.5890440577940578,0.6082474226804123,0.5603174603174603,0.5775853775853775,0.6129032258064516,0.5398148148148149,0.5304696449026346,0.4529363110008271,0.5021611721611722,0.4535206795268714,0.4742796722178166,0.37519902697921276,0.5021611721611722,0.47358974358974365,0.47358974358974365,0.31028522039757994,0.31028522039757994,0.2857142857142857,0.3327571305099395,0.3669451646979737,0.3583981561509652,0.3558340535868626,0.43791414577931437,0.43532123307404214,0.41604244694132336,0.42891097666378564,0.42397895487783127,0.37762892538173437,0.3911545603548247,0.3821047865991686,0.5047028318674055,0.44524015310532167,0.30459374761140406,0.44662921348314605,0.37687265917602997,0.49023336214347446],[0.7468820861678004,0.0,0.6782534595034595,0.7478741496598639,0.6666666666666666,0.7507756132756134,0.747874149659864,0.6092592592592593,0.6700963718820862,0.5575091575091575,0.6357509157509157,0.566881003413511,0.6231815803244375,0.4069946659982674,0.6357509157509157,0.6071794871794872,0.6071794871794872,0.3116169544740973,0.3116169544740973,0.2857142857142857,0.3304552590266876,0.36464329321472183,0.3560962846677133,0.3535321821036107,0.4338042909471481,0.43301936159079024,0.4135487528344672,0.42660910518053374,0.4214852607709751,0.3753270538984825,0.3863391510450334,0.3772893772893772,0.5600328888952031,0.46036106750392464,0.3196157583912686,0.44623233908948196,0.39091350826044696,0.530604194340458],[0.5890440577940578,0.6782534595034595,0.0,0.6806573056573056,0.7225198412698411,0.7378917378917379,0.613960113960114,0.5118496472663139,0.6039631664631665,0.5417253686484456,0.6044895275664507,0.5384147586159971,0.5794824833286373,0.3575968849078093,0.5948741429510661,0.5678594909364141,0.5582441063210294,0.32237954353338966,0.32237954353338966,0.2959183673469387,0.36210904480135253,0.39736545505776283,0.39629707898938676,0.3937329764252841,0.38391096083403775,0.3831713158636236,0.40468559218559225,0.39599182868413635,0.43047924297924306,0.38637644406875177,0.380034558201979,0.36365877712031563,0.5293703280128619,0.4654127923358693,0.3152036455607884,0.40221815221815227,0.3559000523286238,0.4780454588146895],[0.6082474226804123,0.7478741496598639,0.6806573056573056,0.0,0.7019841269841272,0.735954785954786,0.6746849942726231,0.5216049382716049,0.7127004581901489,0.5650938408670367,0.6347252747252747,0.548999761848059,0.6186227861485593,0.4005388436104021,0.6283150183150182,0.6164102564102565,0.6100000000000001,0.3244779275707111,0.3244779275707111,0.2976190476190476,0.33068992862807295,0.3905189884571328,0.38197197991012416,0.3794078773460216,0.3955855141422152,0.3947924927306371,0.40685853379152354,0.41402326196140626,0.41479504172803144,0.41402326196140626,0.36916646119193114,0.371105698425286,0.5852369435543388,0.4523620709187719,0.3360502408735104,0.4256707639439598,0.41494845360824734,0.5527308403993575],[0.5603174603174603,0.6666666666666666,0.7225198412698411,0.7019841269841272,0.0,0.7238095238095238,0.6158730158730159,0.5096560846560846,0.6023809523809525,0.5326007326007326,0.6410256410256411,0.5299561119994558,0.568864468864469,0.3579893495859883,0.6153846153846154,0.617948717948718,0.5923076923076923,0.31135531135531136,0.31135531135531136,0.2857142857142857,0.34175824175824177,0.3725274725274725,0.3725274725274725,0.37338217338217333,0.380952380952381,0.38021978021978026,0.3980158730158731,0.3904761904761905,0.3952380952380952,0.3776556776556777,0.3610644257703081,0.3564102564102564,0.5176205393399964,0.45018315018315014,0.31815803244374674,0.40558608058608064,0.3867346938775511,0.4647224570301493],[0.577585377585