# Horizontal Grid Cells

**Stage 1.** Grid cells define the fundamental 2D horizontal geometry — the shape, resolution, and extent of a single tile. A regular 1° atmosphere grid and a tripolar ocean grid are each their own record. Every grid cell is assigned a `g###` ID used in Stage 2.

---

<link href="https://fonts.googleapis.com/css2?family=Source+Code+Pro:wght@400;600;700&display=swap" rel="stylesheet">

<style>
.emd-viz { font-family: 'Source Code Pro', monospace; width: 100%; }
.emd-section { margin-bottom: 2.5rem; }
.emd-section-label {
  font-size: 11px; font-weight: 700; color: #0d1035;
  text-transform: uppercase; letter-spacing: 0.09em;
  margin-bottom: 12px; display: block;
}
.emd-selector-row { display: flex; gap: 10px; align-items: center; flex-wrap: wrap; }
#emd-entry-select {
  flex: 1; min-width: 240px; padding: 8px 12px;
  border: 1.5px solid #ccc; border-radius: 6px;
  font-family: 'Source Code Pro', monospace; font-size: 12px;
  color: #0d1035; background: #fff; cursor: pointer;
}
#emd-entry-select:focus { outline: none; border-color: #0d1035; }
#emd-go-btn {
  padding: 8px 18px; border: 1.5px solid #0d1035; border-radius: 6px;
  background: #0d1035; color: #fff;
  font-family: 'Source Code Pro', monospace; font-size: 12px;
  font-weight: 600; cursor: pointer; transition: background .15s;
}
#emd-go-btn:hover { background: #1a2080; }
.emd-stats {
  margin-top: 10px; font-size: 11px; color: #888;
  display: flex; gap: 20px; flex-wrap: wrap;
}
.emd-stats b { color: #0d1035; }
.emd-filter-bar { display: flex; flex-wrap: wrap; gap: 6px; margin-bottom: 10px; }
.emd-fbtn {
  padding: 4px 11px; border-radius: 20px; border: 1.5px solid #ccc;
  background: #fff; cursor: pointer; font-family: 'Source Code Pro', monospace;
  font-size: 11px; color: #555; transition: all .15s;
}
.emd-fbtn:hover  { border-color: #0d1035; color: #0d1035; }
.emd-fbtn.active { background: #0d1035; border-color: #0d1035; color: #fff; font-weight: 600; }
.emd-tip {
  position: fixed; background: #0d1035; color: #fff;
  padding: 10px 14px; border-radius: 8px; font-size: 12px;
  font-family: 'Source Code Pro', monospace; pointer-events: none;
  opacity: 0; transition: opacity .12s; line-height: 1.9;
  box-shadow: 0 6px 24px rgba(0,0,0,.25); max-width: 280px; z-index: 999;
}
.emd-tip-link { color: #e8607e; font-weight: 600; }
.emd-tip-text { color: #f5c842; font-weight: 600; }
.emd-tip-head { font-weight: 700; font-size: 13px;
  border-bottom: 1px solid rgba(255,255,255,.2); padding-bottom: 5px; margin-bottom: 5px; }
/* ── accessible font toggle ── */
.emd-font-btn {
  padding: 5px 12px; border-radius: 20px; border: 1.5px solid #ccc;
  background: #fff; font-size: 11px; cursor: pointer;
  font-family: 'Source Code Pro', monospace; color: #888;
  transition: all .2s; white-space: nowrap;
}
.emd-font-btn:hover { border-color: #2065a0; color: #1a4a80; }
.emd-font-btn.active { background: #e8f0ff; border-color: #2065a0;
  color: #1a4a80; font-family: inherit; font-weight: 600; }
/* Accessible mode: also switch the UI controls (the SVGs are already on the
   accessible/sans-serif font by default via the JS `FONT` constant). */
.emd-viz.accessible { font-family: inherit; }
.emd-viz.accessible #emd-entry-select,
.emd-viz.accessible .emd-stats,
.emd-viz.accessible .emd-stats-grid,
.emd-viz.accessible .emd-stat-label,
.emd-viz.accessible .emd-stat-value,
.emd-viz.accessible .emd-section-label,
.emd-viz.accessible .emd-fbtn,
.emd-viz.accessible #emd-go-btn { font-family: inherit !important; }
/* ── stats grid ── */
.emd-stats-grid {
  display: grid;
  grid-template-columns: repeat(auto-fit, minmax(150px, 1fr));
  gap: 12px;
  margin: 10px 0 18px;
  padding: 14px 16px;
  background: #f7f8fa;
  border-left: 3px solid #0d1035;
  border-radius: 4px;
}
.emd-stat-item { display: flex; flex-direction: column; gap: 3px; }
.emd-stat-label {
  font-family: 'Source Code Pro', monospace;
  color: #888; font-size: 10px;
  text-transform: uppercase; letter-spacing: 0.06em;
}
.emd-stat-value {
  font-family: 'Source Code Pro', monospace;
  color: #0d1035; font-weight: 600; font-size: 13px;
}
</style>

<div class="emd-viz">

<!-- Status / stats box pinned to the top of the page -->
<div class="emd-stats-grid">
  <div class="emd-stat-item">
    <span class="emd-stat-label">Total Records</span>
    <span class="emd-stat-value">86</span>
  </div>
  <div class="emd-stat-item">
    <span class="emd-stat-label">Endpoint</span>
    <span class="emd-stat-value">horizontal_grid_cell</span>
  </div>
  <div class="emd-stat-item">
    <span class="emd-stat-label">Raw Data</span>
    <span class="emd-stat-value">59.5 KB</span>
  </div>
  <div class="emd-stat-item">
    <span class="emd-stat-label">Processed Data</span>
    <span class="emd-stat-value">388.1 KB</span>
  </div>
  <div class="emd-stat-item">
    <span class="emd-stat-label">Last Updated</span>
    <span class="emd-stat-value">2026-06-25 22:25 UTC</span>
  </div>
</div>

<div class="emd-section">
<span class="emd-section-label">View a specific Grid Cell</span>
<div class="emd-selector-row">
  <select id="emd-entry-select">
    <option value="">Select an entry…</option>
    <option value="../view_horizontal_grid_cells/?id=g115">g115</option>
    <option value="../view_horizontal_grid_cells/?id=g134">g134</option>
    <option value="../view_horizontal_grid_cells/?id=g159">g159</option>
    <option value="../view_horizontal_grid_cells/?id=g167">g167</option>
    <option value="../view_horizontal_grid_cells/?id=g111">g111</option>
    <option value="../view_horizontal_grid_cells/?id=g163">g163</option>
    <option value="../view_horizontal_grid_cells/?id=g151">g151</option>
    <option value="../view_horizontal_grid_cells/?id=g138">g138</option>
    <option value="../view_horizontal_grid_cells/?id=g109">g109</option>
    <option value="../view_horizontal_grid_cells/?id=g108">g108</option>
    <option value="../view_horizontal_grid_cells/?id=g152">g152</option>
    <option value="../view_horizontal_grid_cells/?id=g179">g179</option>
    <option value="../view_horizontal_grid_cells/?id=g158">g158</option>
    <option value="../view_horizontal_grid_cells/?id=g100">g100</option>
    <option value="../view_horizontal_grid_cells/?id=g140">g140</option>
    <option value="../view_horizontal_grid_cells/?id=g110">g110</option>
    <option value="../view_horizontal_grid_cells/?id=g131">g131</option>
    <option value="../view_horizontal_grid_cells/?id=g150">g150</option>
    <option value="../view_horizontal_grid_cells/?id=g139">g139</option>
    <option value="../view_horizontal_grid_cells/?id=g105">g105</option>
    <option value="../view_horizontal_grid_cells/?id=g113">g113</option>
    <option value="../view_horizontal_grid_cells/?id=g180">g180</option>
    <option value="../view_horizontal_grid_cells/?id=g106">g106</option>
    <option value="../view_horizontal_grid_cells/?id=g121">g121</option>
    <option value="../view_horizontal_grid_cells/?id=g123">g123</option>
    <option value="../view_horizontal_grid_cells/?id=g137">g137</option>
    <option value="../view_horizontal_grid_cells/?id=g129">g129</option>
    <option value="../view_horizontal_grid_cells/?id=g183">g183</option>
    <option value="../view_horizontal_grid_cells/?id=g117">g117</option>
    <option value="../view_horizontal_grid_cells/?id=g101">g101</option>
    <option value="../view_horizontal_grid_cells/?id=g184">g184</option>
    <option value="../view_horizontal_grid_cells/?id=g114">g114</option>
    <option value="../view_horizontal_grid_cells/?id=g173">g173</option>
    <option value="../view_horizontal_grid_cells/?id=g133">g133</option>
    <option value="../view_horizontal_grid_cells/?id=g174">g174</option>
    <option value="../view_horizontal_grid_cells/?id=g175">g175</option>
    <option value="../view_horizontal_grid_cells/?id=g146">g146</option>
    <option value="../view_horizontal_grid_cells/?id=g145">g145</option>
    <option value="../view_horizontal_grid_cells/?id=g144">g144</option>
    <option value="../view_horizontal_grid_cells/?id=g160">g160</option>
    <option value="../view_horizontal_grid_cells/?id=g181">g181</option>
    <option value="../view_horizontal_grid_cells/?id=g171">g171</option>
    <option value="../view_horizontal_grid_cells/?id=g182">g182</option>
    <option value="../view_horizontal_grid_cells/?id=g172">g172</option>
    <option value="../view_horizontal_grid_cells/?id=g170">g170</option>
    <option value="../view_horizontal_grid_cells/?id=g161">g161</option>
    <option value="../view_horizontal_grid_cells/?id=g166">g166</option>
    <option value="../view_horizontal_grid_cells/?id=g165">g165</option>
    <option value="../view_horizontal_grid_cells/?id=g164">g164</option>
    <option value="../view_horizontal_grid_cells/?id=g132">g132</option>
    <option value="../view_horizontal_grid_cells/?id=g130">g130</option>
    <option value="../view_horizontal_grid_cells/?id=g135">g135</option>
    <option value="../view_horizontal_grid_cells/?id=g116">g116</option>
    <option value="../view_horizontal_grid_cells/?id=g119">g119</option>
    <option value="../view_horizontal_grid_cells/?id=g127">g127</option>
    <option value="../view_horizontal_grid_cells/?id=g118">g118</option>
    <option value="../view_horizontal_grid_cells/?id=g143">g143</option>
    <option value="../view_horizontal_grid_cells/?id=g128">g128</option>
    <option value="../view_horizontal_grid_cells/?id=g102">g102</option>
    <option value="../view_horizontal_grid_cells/?id=g157">g157</option>
    <option value="../view_horizontal_grid_cells/?id=g103">g103</option>
    <option value="../view_horizontal_grid_cells/?id=g104">g104</option>
    <option value="../view_horizontal_grid_cells/?id=g112">g112</option>
    <option value="../view_horizontal_grid_cells/?id=g169">g169</option>
    <option value="../view_horizontal_grid_cells/?id=g168">g168</option>
    <option value="../view_horizontal_grid_cells/?id=g148">g148</option>
    <option value="../view_horizontal_grid_cells/?id=g147">g147</option>
    <option value="../view_horizontal_grid_cells/?id=g107">g107</option>
    <option value="../view_horizontal_grid_cells/?id=g124">g124</option>
    <option value="../view_horizontal_grid_cells/?id=g149">g149</option>
    <option value="../view_horizontal_grid_cells/?id=g156">g156</option>
    <option value="../view_horizontal_grid_cells/?id=g153">g153</option>
    <option value="../view_horizontal_grid_cells/?id=g162">g162</option>
    <option value="../view_horizontal_grid_cells/?id=g125">g125</option>
    <option value="../view_horizontal_grid_cells/?id=g126">g126</option>
    <option value="../view_horizontal_grid_cells/?id=g154">g154</option>
    <option value="../view_horizontal_grid_cells/?id=g155">g155</option>
    <option value="../view_horizontal_grid_cells/?id=g178">g178</option>
    <option value="../view_horizontal_grid_cells/?id=g177">g177</option>
    <option value="../view_horizontal_grid_cells/?id=g176">g176</option>
    <option value="../view_horizontal_grid_cells/?id=g142">g142</option>
    <option value="../view_horizontal_grid_cells/?id=g136">g136</option>
    <option value="../view_horizontal_grid_cells/?id=g120">g120</option>
    <option value="../view_horizontal_grid_cells/?id=g141">g141</option>
    <option value="../view_horizontal_grid_cells/?id=g185">g185</option>
    <option value="../view_horizontal_grid_cells/?id=g122">g122</option>
  </select>
  <button id="emd-go-btn" onclick="emdGotoEntry()">Open →</button>
  <button class="emd-font-btn" id="emd-font-toggle" onclick="emdToggleFont()" title="Switch to the page's default font for improved readability">Accessible font</button>
</div>
</div>

<div class="emd-section">
<span class="emd-section-label">Similarity &amp; Hierarchical Clustering</span>
<div class="emd-filter-bar" id="emd-filter-bar"></div>
<div id="emd-combined-chart" style="overflow-x:auto; display:flex; justify-content:center;"></div>
<div class="emd-tip" id="emd-tip"></div>
</div>

<div class="emd-section">
<span class="emd-section-label">Record Key Schema</span>
<div id="emd-key-graph"></div>
</div>

</div>

<script src="https://d3js.org/d3.v7.min.js"></script>
<script>
(function () {
'use strict';

/* ── injected data ─────────────────────────────────────────────────────── */
var EMD_DATA    = {"ids":["g115","g134","g159","g167","g111","g163","g151","g138","g109","g108","g152","g179","g158","g100","g140","g110","g131","g150","g139","g105","g113","g180","g106","g121","g123","g137","g129","g183","g117","g101","g184","g114","g173","g133","g174","g175","g146","g145","g144","g160","g181","g171","g182","g172","g170","g161","g166","g165","g164","g132","g130","g135","g116","g119","g127","g118","g143","g128","g102","g157","g103","g104","g112","g169","g168","g148","g147","g107","g124","g149","g156","g153","g162","g125","g126","g154","g155","g178","g177","g176","g142","g136","g120","g141","g185","g122"],"link":[[0.0,0.7415384615384616,0.7189743589743589,0.7138106118304138,0.7407692307692307,0.6612820512820512,0.6902564102564104,0.704916877993801,0.9358974358974359,0.9032967032967034,0.6799999999999999,0.7102564102564102,0.6676923076923077,0.6071794871794872,0.6376091856861087,0.8391941391941392,0.6100000000000001,0.6753846153846154,0.6255517986287218,0.6149162499007701,0.6156043956043955,0.5035007849293563,0.6241025641025642,0.4873443223443224,0.6861538461538461,0.5582441063210294,0.5923076923076923,0.6209861932938856,0.601994301994302,0.4648060762766645,0.6123076923076923,0.5603828750435086,0.5204761904761905,0.47358974358974365,0.4563736263736264,0.4563736263736264,0.4503090072320841,0.4656936226166995,0.4505603898364079,0.5825641025641026,0.561025641025641,0.523956043956044,0.490989010989011,0.4628402366863905,0.4624175824175824,0.4873809523809524,0.47547619047619044,0.4397619047619048,0.4278571428571428,0.3915486194477791,0.3873469387755102,0.4179120879120879,0.41059523809523807,0.4133333333333334,0.3628205128205128,0.36297619047619045,0.35880952380952374,0.36205128205128206,0.2976190476190476,0.41547008547008546,0.3243589743589744,0.3243589743589744,0.3403846153846154,0.3428205128205128,0.3396153846153846,0.34340326340326344,0.34340326340326344,0.33,0.3641880341880342,0.34468531468531466,0.34953601953601954,0.33854700854700853,0.34953601953601954,0.36333333333333334,0.3641880341880342,0.3376923076923077,0.3376923076923077,0.39356410256410257,0.39597150997151,0.4226381766381767,0.49868507560815256,0.4234714003944772,0.4028888888888889,0.3336656200941915,0.202141571878414,0.3360832025117739],[0.7415384615384616,0.0,0.7722478966702216,0.7230261487687228,0.7668517049960349,0.7196484271742005,0.9487179487179488,0.7041772330233868,0.6774358974358974,0.6909890109890111,0.8923076923076925,0.7159863945578232,0.713238170763944,0.6231815803244375,0.6368695407156945,0.6268864468864469,0.6186227861485593,0.6646048109965637,0.6467901756363295,0.7771294752718902,0.6027417027417028,0.45797795724158025,0.6133227597145122,0.46205958989464146,0.6740681998413958,0.5794824833286373,0.568864468864469,0.5719616096301267,0.6096866096866097,0.5290402441706262,0.6143272535025112,0.5842263854849571,0.5233028712410156,0.4742796722178166,0.4589866319247763,0.4589866319247763,0.48309779919613377,0.49848241458074916,0.48334918180045755,0.5714619770924291,0.5770250368188512,0.5504701484082928,0.45706355500169926,0.48935434113863935,0.48893168686983124,0.5213549337260677,0.485640648011782,0.47373588610702005,0.4380216003927343,0.39216717614880997,0.4083736587418473,0.44058003851818284,0.38742636229749633,0.4140232619614063,0.3635342320909331,0.33980731467844866,0.3475454099165439,0.362741210679355,0.2857142857142857,0.44180103973918405,0.31165741475019826,0.31165741475019826,0.3698162833729844,0.3691514670896114,0.3659463388844832,0.34409319203133637,0.34409319203133637,0.35940787734602164,0.33923693717508147,0.3453752433133876,0.3758669738051182,0.3488523217904661,0.3758669738051182,0.3383822363203806,0.33923693717508147,0.34799762093576525,0.34799762093576525,0.3808287073750991,0.4099027814491732,0.4099027814491732,0.4840141794939574,0.4241851196648975,0.40395189003436427,0.33651539918108403,0.19027362882490392,0.35451962862861247],[0.7189743589743589,0.7722478966702216,0.0,0.7414953033764916,0.8053132434575734,0.9025198938992042,0.7209658453881704,0.717737390814314,0.6548717948717948,0.653040293040293,0.723529947952273,0.7416274201988488,0.8704686118479222,0.6544479330193617,0.6504296985066217,0.5889377289377289,0.7756410256410255,0.6125297383029342,0.6603503334272566,0.5976422957847106,0.6309912309912311,0.45797795724158025,0.5612476870208829,0.5096786375136891,0.6740681998413958,0.5930426411195642,0.6043956043956045,0.5719616096301267,0.6032763532763533,0.4576116727420548,0.56304520222046,0.6320071105070615,0.5481334046922387,0.5255617234998677,0.4853571005366242,0.4853571005366242,0.42925164534998,0.4164311325294671,0.4166825151337909,0.5950577447200269,0.5717957833137357,0.5696061847857085,0.5211661191042635,0.5084903775160551,0.5054152033533477,0.48564064801178203,0.48564064801178203,0.43802160039273436,0.43802160039273436,0.39216717614880997,0.3879654954765411,0.4186020165401608,0.39933112420225825,0.4268437747819191,0.3763547449114459,0.3517120765832106,0.3475454099165439,0.3755617234998678,0.2857142857142857,0.4161600140981584,0.31165741475019826,0.31165741475019826,0.3424245946019853,0.3435104414485857,0.3403053132434576,0.3697342176723619,0.3697342176723619,0.3320161885750226,0.35205744999559435,0.3710162689544133,0.35022594816409247,0.35017858173741573,0.35022594816409247,0.352529009087843,0.35205744999559435,0.3493238808827149,0.3493238808827149,0.3808287073750991,0.3799027814491732,0.3799027814491732,0.4976277137260483,0.4377986538969886,0.4150630011454754,0.32296606192040656,0.19027362882490392,0.3631731590062807],[0.7138106118304138,0.7230261487687228,0.7414953033764916,0.0,0.7782865786578657,0.6838029956841839,0.6717440974866716,0.7767475579975581,0.6497080477278497,0.6478765458963477,0.6614876872302614,0.7253109926377252,0.6645722264534145,0.8196094609460945,0.7038308913308914,0.5837739817937838,0.6574532453245324,0.6785891089108911,0.7145782458282458,0.5969675319520521,0.6823805594845198,0.5047398653643893,0.6230335533553355,0.5219559825805066,0.6679360243716679,0.6416615791615791,0.6285714285714286,0.6321189811288822,0.7754629629629629,0.4322200319579469,0.6305693069306931,0.5710734056350293,0.5612809632611614,0.623927392739274,0.4971783991585973,0.4971783991585973,0.4709123155905334,0.4709123155905334,0.4878513134118842,0.5925996445798426,0.5684818481848185,0.5724531244333224,0.5427765990884802,0.511337317163669,0.5109146628948609,0.5284970804772786,0.5156765676567656,0.47721502919522724,0.46439451637471435,0.43244350291525596,0.4169296050484169,0.45249882131070246,0.41631759329779133,0.46142739273927397,0.37541254125412543,0.36503554201574,0.3605483625285606,0.37465092663112465,0.2857142857142857,0.4152492172294152,0.3115003808073115,0.3115003808073115,0.3401561309977152,0.3711496149614961,0.36767739273927397,0.356002907983106,0.356002907983106,0.3297791317593298,0.33832614030633834,0.35728495926515735,0.34931515129534935,0.3479415249217229,0.34931515129534935,0.3374714394516375,0.33832614030633834,0.34708682406702207,0.34708682406702207,0.4012326369999637,0.40024057350790027,0.40024057350790027,0.4838335904596377,0.4732271304053483,0.4140735502121641,0.3444883372529983,0.20384223099980506,0.3358215334877287],[0.7407692307692307,0.7668517049960349,0.8053132434575734,0.7782865786578657,0.0,0.7476209357652657,0.7155696537139836,0.7509539072039071,0.6766666666666665,0.6748351648351648,0.7360824742268041,0.7313710099424385,0.7155696537139835,0.6700963718820862,0.6780372405372406,0.6107326007326008,0.7127004581901489,0.6913516609392899,0.6768798331298331,0.6232833214257363,0.641065416065416,0.49320703087554796,0.6357961053837342,0.5104231480916652,0.7005022468939995,0.6039631664631665,0.6023809523809525,0.6196250770993039,0.6396604938271605,0.5004688155991976,0.6377434135166093,0.5780725393311109,0.5365507344888789,0.5304696449026346,0.4724481703863148,0.4724481703863148,0.49557817135136717,0.4789115046847005,0.47918383583938456,0.548638646576791,0.5381971979910124,0.5284921264302708,0.5090410734740632,0.46737631916061734,0.46695366489180923,0.5101771081152525,0.5101771081152525,0.4588950568332012,0.4588950568332012,0.42233388200641075,0.4178089951285827,0.45348551791850755,0.43004890298704734,0.462414089347079,0.3763547449114459,0.378766851704996,0.3614591593973037,0.3755617234998678,0.3095238095238095,0.4161600140981584,0.33729844039122386,0.33729844039122386,0.3410983346550357,0.3721363115693012,0.368664089347079,0.34409319203133637,0.34409319203133637,0.33068992862807295,0.33923693717508147,0.3453752433133876,0.35022594816409247,0.3488523217904661,0.35022594816409247,0.3383822363203806,0.33923693717508147,0.34799762093576525,0.34799762093576525,0.4080307579018919,0.4248958372669713,0.4248958372669713,0.4840141794939574,0.5012005463036391,0.45661512027491413,0.3470165837334751,0.2177305746319478,0.34880534291432674],[0.6612820512820512,0.7196484271742005,0.9025198938992042,0.6838029956841839,0.7476209357652657,0.0,0.7388791964049697,0.6600450831220063,0.6676923076923077,0.5953479853479853,0.6709304784562519,0.683935112506541,0.8510256410256409,0.6672684458398744,0.6600450831220063,0.6017582417582417,0.8333333333333333,0.5548374306106265,0.6026580257349488,0.5399499880924029,0.6463758463758464,0.40440652867015164,0.5740681998413957,0.45610720894226053,0.6163758921490881,0.6026580257349488,0.6172161172161172,0.5142693019378191,0.5455840455840456,0.4040402441706262,0.5053528945281522,0.5747392059977776,0.5593346172727615,0.5383822363203806,0.4952320531701974,0.4952320531701974,0.42925164534998,0.4164311325294671,0.4166825151337909,0.5401771081152524,0.5169151467089612,0.5092613571995015,0.5211661191042635,0.5212224730067712,0.5207998187379631,0.4320692194403534,0.4320692194403534,0.44992636229749633,0.44992636229749633,0.3385957475773814,0.33439406690511253,0.3609097088478531,0.34575969563082964,0.3691514670896114,0.38917525773195877,0.3636168384879725,0.3475454099165439,0.38838223632038066,0.2857142857142857,0.3584677064058507,0.31165741475019826,0.31165741475019826,0.3426367961934972,0.3435104414485857,0.3403053132434576,0.3767272246653689,0.3767272246653689,0.33222839016653444,0.35205744999559435,0.38500228294042727,0.3612149591531034,0.3488523217904661,0.3612149591531034,0.35274121067935504,0.35205744999559435,0.34799762093576525,0.34799762093576525,0.3308287073750991,0.32990278144917323,0.32990278144917323,0.440689553846712,0.38010634620468087,0.36506300114547535,0.26939463334897795,0.19027362882490392,0.3099958191048029],[0.6902564102564104,0.9487179487179488,0.7209658453881704,0.6717440974866716,0.7155696537139836,0.7388791964049697,0.0,0.6528951817413355,0.6902564102564104,0.6397069597069598,0.8410256410256411,0.664704343275772,0.6619561194818927,0.6488226059654632,0.646484925331079,0.6397069597069598,0.6378535553793285,0.6133227597145122,0.5955081243542782,0.7258474239898388,0.6181263181263181,0.4103589096225326,0.638963785355538,0.4144405422755938,0.6227861485593444,0.5890978679440219,0.5816849816849817,0.5206795583480754,0.5584045584045584,0.48142119655157856,0.5630452022204598,0.5329443342029058,0.5342918822300265,0.49992069785884224,0.46997564291378724,0.46997564291378724,0.48309779919613377,0.49848241458074916,0.48334918180045755,0.5201799258103778,0.5257429855367999,0.49918809712624146,0.45706355500169926,0.5047389565232547,0.5043163022544467,0.47373588610702005,0.4380216003927343,0.4975454099165439,0.4618311242022582,0.34454812852976235,0.3607546111227996,0.38929798723613157,0.33980731467844866,0.362741210679355,0.3891752577319588,0.3636168384879725,0.3475454099165439,0.3883822363203807,0.2857142857142857,0.3905189884571328,0.31165741475019826,0.31165741475019826,0.37943166798836897,0.378766851704996,0.3659463388844832,0.35108619902434335,0.35108619902434335,0.35940787734602164,0.33923693717508147,0.35236825030639457,0.38685598479412914,0.3488523217904661,0.38685598479412914,0.3383822363203806,0.33923693717508147,0.34799762093576525,0.34799762093576525,0.33638426293065465,0.3654583370047287,0.3654583370047287,0.43273212821190615,0.37290306838284626,0.35950744558991976,0.28889635156203636,0.19027362882490392,0.3069005810095648],[0.704916877993801,0.7041772330233868,0.717737390814314,0.7767475579975581,0.7509539072039071,0.6600450831220063,0.6528951817413355,0.0,0.6408143138912368,0.6279938010707242,0.6426387714849253,0.6909692871231332,0.6646238377007608,0.6529227716727716,0.9270833333333334,0.5638912369681601,0.6575091575091575,0.6798992673992674,0.8783068783068783,0.5811587793011942,0.6862713675213675,0.48735559312482396,0.6243437118437118,0.5265497323189631,0.6993871513102282,0.8053902116402116,0.6682539682539682,0.6132860195360196,0.6588403880070547,0.4074918428910026,0.6319826007326007,0.594092370676081,0.5672372499295577,0.56371336996337,0.5031346858269935,0.5031346858269935,0.46124592999593,0.46124592999593,0.4496134992458522,0.6119329388560157,0.546738517892364,0.5826289095519865,0.5161019536019535,0.5215131022823332,0.521090448013525,0.51961820231051,0.5067976894899971,0.4683361510284587,0.4555156382079459,0.44281736363184326,0.4163144547759932,0.4756181318681319,0.4486475063398141,0.45875305250305254,0.37292194984502675,0.3973654550577628,0.38188926458157224,0.37218230487461257,0.30612244897959184,0.436590119282427,0.33336855452240066,0.33336855452240066,0.3614750633981403,0.39426892551892556,0.3907967032967033,0.35353428622659394,0.35353428622659394,0.3511200338123415,0.3596670423593501,0.3548163375086452,0.3706560533483611,0.34730440499671267,0.3706560533483611,0.35881234150464925,0.3596670423593501,0.3464497041420118,0.3464497041420118,0.4006410256410256,0.40985304378161524,0.4319618873190301,0.4941415422184653,0.45860042735042733,0.4064952904238619,0.3445688926458157,0.23606229577889498,0.34595761381475665],[0.9358974358974359,0.6774358974358974,0.6548717948717948,0.6497080477278497,0.6766666666666665,0.6676923076923077,0.6902564102564104,0.6408143138912368,0.0,0.8391941391941392,0.615897435897436,0.6461538461538462,0.6035897435897437,0.6071794871794872,0.6472245703014933,0.9032967032967034,0.6164102564102565,0.6112820512820514,0.5614492345261577,0.550813685798206,0.6258608058608057,0.4439769754055468,0.6241025641025642,0.42782051282051287,0.622051282051282,0.5678594909364141,0.617948717948718,0.5568836291913215,0.5378917378917379,0.405282266752855,0.5482051282051282,0.4962803109409445,0.5314652014652015,0.47358974358974365,0.46736263736263733,0.46736263736263733,0.4503090072320841,0.47050131492439184,0.45483389410991215,0.5184615384615385,0.4969230769230769,0.45985347985347985,0.5038095238095238,0.47309664694280074,0.4726739926739926,0.42785714285714294,0.41595238095238096,0.4397619047619048,0.4278571428571428,0.3320248099239696,0.3278231292517007,0.3538095238095238,0.3510714285714286,0.3492307692307693,0.3628205128205128,0.36297619047619045,0.35880952380952374,0.36205128205128206,0.2976190476190476,0.35136752136752136,0.3243589743589744,0.3243589743589744,0.3403846153846154,0.3428205128205128,0.34923076923076923,0.3503962703962704,0.3503962703962704,0.33,0.3834188034188034,0.35167832167832164,0.3605250305250305,0.33854700854700853,0.3605250305250305,0.37188034188034186,0.3812820512820513,0.3376923076923077,0.3376923076923077,0.33800854700854704,0.34041595441595446,0.36708262108262113,0.43458251150558846,0.3593688362919132,0.3473333333333334,0.274141810570382,0.202141571878414,0.27655939298796445],[0.9032967032967034,0.6909890109890111,0.653040293040293,0.6478765458963477,0.6748351648351648,0.5953479853479853,0.6397069597069598,0.6279938010707242,0.8391941391941392,0.0,0.7195604395604396,0.6443223443223444,0.686007326007326,0.6357509157509157,0.5606861087630318,0.9358974358974359,0.6283150183150182,0.6731868131868132,0.6621818352587583,0.6393506390410416,0.6815384615384615,0.5096232339089483,0.621904761904762,0.5019701726844584,0.6048351648351648,0.5948741429510661,0.6153846153846154,0.6257480980557903,0.5360602360602361,0.4732094376212023,0.5463736263736264,0.5739575356769927,0.45454212454212456,0.5021611721611722,0.4984981684981686,0.4984981684981686,0.46312952005259694,0.47851413543721233,0.4686599373477201,0.5679120879120879,0.530989010989011,0.545934065934066,0.534945054945055,0.4915807269653424,0.4843956043956045,0.4856802721088436,0.4839795918367347,0.43806122448979595,0.43636054421768705,0.38554621848739495,0.39755102040816326,0.46186813186813186,0.39571428571428574,0.42615384615384616,0.3756410256410256,0.3570238095238095,0.33704081632653066,0.3684615384615384,0.2857142857142857,0.4453846153846154,0.31153846153846154,0.31153846153846154,0.37243589743589745,0.37578754578754575,0.3716666666666667,0.3562237762237762,0.3562237762237762,0.34282051282051285,0.3556410256410257,0.36006993006993004,0.37945054945054946,0.3556410256410257,0.37945054945054946,0.35307692307692307,0.3556410256410257,0.35307692307692307,0.35307692307692307,0.39689743589743587,0.43152706552706555,0.43152706552706555,0.41736639428947114,0.43262890955198646,0.41400000000000003,0.3642778649921507,0.19023680997365208,0.3768995290423862],[0.6799999999999999,0.8923076923076925,0.723529947952273,0.6614876872302614,0.7360824742268041,0.6709304784562519,0.8410256410256411,0.6426387714849253,0.615897435897436,0.7195604395604396,0.0,0.6544479330193617,0.7516997092254825,0.6693354264782836,0.5753310791772331,0.6554578754578755,0.6570843246100979,0.7107586571504098,0.6614421902883441,0.7400254028737,0.6137307137307138,0.47838612050688634,0.6594766058683584,0.5168214946565463,0.6125297383029342,0.5941344979806519,0.5919413919413921,0.5976026352711524,0.5481481481481482,0.5660150340865926,0.5527887919640496,0.5978010461184412,0.4771490250871695,0.5204335183716627,0.51283278577093,0.51283278577093,0.511302927401262,0.4959183120166466,0.48153922704932633,0.5612055668360189,0.566768626562441,0.5504701484082928,0.4918620898002341,0.49019964967625557,0.48893168686983124,0.4880216003927344,0.5094501718213058,0.44040255277368673,0.4618311242022582,0.3963688568210789,0.4083736587418473,0.4515690495071938,0.3963549337260677,0.4268437747819191,0.3763547449114459,0.3487358861070201,0.3499263622974963,0.36915146708961133,0.2976190476190476,0.4588950568332011,0.3244779275707111,0.3244779275707111,0.3890470526037536,0.39479249273063705,0.3851771081152524,0.36973421767236203,0.36973421767236203,0.35940787734602164,0.3563309542690986,0.37358037151851586,0.3929609908991352,0.36594633888448325,0.3929609908991352,0.353766851704996,0.3563309542690986,0.36338223632038064,0.36338223632038064,0.39749537404176577,0.41138426293065466,0.43212500367139545,0.42247571795549593,0.44982614530592324,0.41506300114547534,0.3528419297933289,0.20217839072966584,0.4089413973360954],[0.7102564102564102,0.7159863945578232,0.7416274201988488,0.7253109926377252,0.7313710099424385,0.683935112506541,0.664704343275772,0.6909692871231332,0.6461538461538462,0.6443223443223444,0.6544479330193617,0.0,0.6775248560962847,0.6404500261643118,0.623661594815441,0.5802197802197803,0.619832548403977,0.6087912087912088,0.6335822297360759,0.5898825117091371,0.6156454656454655,0.5469555954249832,0.5575091575091575,0.4974657995066159,0.695970695970696,0.5662745374283836,0.5567765567765568,0.6677836815199452,0.6111111111111112,0.4283532094156343,0.5635792778649922,0.5913300231335138,0.5209314495028782,0.47404500261643123,0.456828885400314,0.456828885400314,0.43156489420225685,0.43156489420225685,0.447200892191196,0.5786237571951858,0.5679225536368393,0.5474882260596546,0.48888016745159607,0.4863724187900012,0.4859497645211931,0.48542274052478135,0.4735179786200195,0.43780369290573373,0.42589893100097187,0.38175270108043213,0.38775510204081626,0.4183673469387755,0.39911321671525757,0.42660910518053374,0.38091967556253264,0.35149416909620995,0.3354227405247814,0.38013474620617477,0.2976190476190476,0.428745857317286,0.32443746729461015,0.32443746729461015,0.35367608581894294,0.3560962846677133,0.35289115646258506,0.3438585224299511,0.3438585224299511,0.3432757718472005,0.35182278039420906,0.34514057371200224,0.36281179138322006,0.3390022675736961,0.36281179138322006,0.3509680795395082,0.35182278039420906,0.33814756671899526,0.33814756671899526,0.4306253270538985,0.3796994011279725,0.3796994011279725,0.4845563471937098,0.4503683130056756,0.42040816326530617,0.3205315093070195,0.1900181510815238,0.3544797039694999],[0.6676923076923077,0.713238170763944,0.8704686118479222,0.6645722264534145,0.7155696537139835,0.8510256410256409,0.6619561194818927,0.6646238377007608,0.6035897435897437,0.686007326007326,0.7516997092254825,0.6775248560962847,0.0,0.6775248560962847,0.5973161453930684,0.621904761904762,0.8653846153846154,0.6612476870208829,0.6859913590682822,0.6066920695403667,0.663958263958264,0.47838612050688634,0.6099656357388316,0.5668214946565462,0.6227861485593444,0.6186836667605898,0.6351648351648352,0.5976026352711524,0.5391737891737891,0.4541102721818307,0.5117631509384087,0.6460061743235695,0.48424304218118647,0.5486386465767908,0.522704580642725,0.522704580642725,0.42925164534998,0.44207215817049283,0.4302571757672751,0.5850489029870473,0.5746074544012688,0.5779426758808202,0.5303236282617726,0.517672177148783,0.5164042143423587,0.47373588610702017,0.5094501718213059,0.4261168384879725,0.46183112420225825,0.3963688568210789,0.39816957710919415,0.44058003851818284,0.43802160039273436,0.43325403119217554,0.3827650013217024,0.3725454099165439,0.36659302896416296,0.38197197991012427,0.2976190476190476,0.44180103973918405,0.3244779275707111,0.3244779275707111,0.37148295003965104,0.38197197991012416,0.3691514670896114,0.3889649869031312,0.3889649869031312,0.33222839016653444,0.3905189884571328,0.3940931920313363,0.3758669738051182,0.37449334743149176,0.3758669738051182,0.3809463388844832,0.38197197991012416,0.37107454401268836,0.37107454401268836,0.39749537404176577,0.4058287073750992,0.41323611478250655,0.4599203230774812,0.45061916671750135,0.43728522336769754,0.3535783068183657,0.20217839072966584,0.39247881230208187],[0.6071794871794872,0.6231815803244375,0.6544479330193617,0.8196094609460945,0.6700963718820862,0.6672684458398744,0.6488226059654632,0.6529227716727716,0.6071794871794872,0.6357509157509157,0.6693354264782836,0.6404500261643118,0.6775248560962847,0.0,0.6459783272283272,0.6357509157509157,0.7478741496598639,0.6923185941043085,0.6851979039479038,0.566881003413511,0.7507756132756134,0.4828019965382602,0.747874149659864,0.530604194340458,0.5575091575091575,0.6782534595034595,0.6666666666666666,0.6123212105354963,0.6092592592592593,0.4069946659982674,0.5091553287981859,0.5600328888952031,0.5114076399790686,0.7468820861678004,0.5473050758765046,0.5473050758765046,0.4902138205709634,0.4855841909413338,0.5033401822267368,0.5445578231292517,0.5461276818419676,0.5511512297226583,0.5812074829931974,0.5520528921627823,0.5562794348508635,0.4676347462061748,0.47789115646258506,0.5189167974882261,0.5291732077446364,0.3863391510450334,0.3772893772893772,0.4214852607709751,0.3753270538984825,0.4135487528344672,0.4338042909471481,0.42660910518053374,0.37660910518053375,0.43301936159079024,0.2857142857142857,0.3817373103087389,0.3116169544740973,0.3116169544740973,0.36008634222919933,0.39965986394557823,0.3892431972789116,0.37649255506398366,0.37649255506398366,0.3304552590266876,0.36464329321472183,0.3803387089101375,0.37807430664573527,0.3657116692830979,0.37807430664573527,0.3535321821036107,0.3560962846677133,0.3631475667189953,0.3631475667189953,0.37805094565298647,0.3830112631133039,0.3830112631133039,0.371735834373197,0.44623233908948196,0.39091350826044696,0.326872760938695,0.20463493193394872,0.3196157583912686],[0.6376091856861087,0.6368695407156945,0.6504296985066217,0.7038308913308914,0.6780372405372406,0.6600450831220063,0.646484925331079,0.9270833333333334,0.6472245703014933,0.5606861087630318,0.5753310791772331,0.623661594815441,0.5973161453930684,0.6459783272283272,0.0,0.5703014933784165,0.6575091575091575,0.6069826007326008,0.8053902116402116,0.5138510869935019,0.7008547008547009,0.42004790081713167,0.6173992673992674,0.4592420400112708,0.6320794590025359,0.8783068783068783,0.6856150793650794,0.5403693528693528,0.585923721340388,0.3449918428910026,0.5590659340659341,0.5267846783683887,0.5850943927867005,0.5567689255189255,0.530607213299521,0.5209918286841364,0.46124592999593,0.4664542633292634,0.4542431288754818,0.5446252465483234,0.47943082558467176,0.5153212172442942,0.5161019536019535,0.5349746407438716,0.5345519864750634,0.45231051000281774,0.43948999718230486,0.4619258946182023,0.4491053817976895,0.375509671324151,0.34900676246830087,0.40270146520146527,0.38133981403212175,0.38583638583638585,0.36651169343477036,0.3909551986475064,0.38188926458157224,0.3657720484643562,0.30612244897959184,0.36928242697473473,0.33336855452240066,0.33336855452240066,0.3614750633981403,0.39426892551892556,0.40121336996337,0.37451330720561493,0.3605272932196009,0.3511200338123415,0.36928242697473473,0.3688023514946592,0.3788978115901193,0.34730440499671267,0.3788978115901193,0.36735935005165776,0.3682140509063586,0.3464497041420118,0.3464497041420118,0.3381410256410256,0.34735304378161524,0.3694618873190301,0.426833849910773,0.38568376068376065,0.3439952904238619,0.2772612003381234,0.23606229577889498,0.28345761381475665],[0.8391941391941392,0.6268864468864469,0.5889377289377289,0.5837739817937838,0.6107326007326008,0.6017582417582417,0.6397069597069598,0.5638912369681601,0.9032967032967034,0.9358974358974359,0.6554578754578755,0.5802197802197803,0.621904761904762,0.6357509157509157,0.5703014933784165,0.0,0.6347252747252747,0.6090842490842492,0.5980792711561943,0.5752480749384775,0.6917948717948718,0.4500994243851387,0.621904761904762,0.44244636316064895,0.5407326007326007,0.6044895275664507,0.6410256410256411,0.5616455339532263,0.471957671957672,0.41368562809739284,0.4822710622710623,0.5098549715744286,0.4655311355311355,0.5021611721611722,0.5094871794871796,0.5094871794871796,0.46312952005259694,0.4833218277449047,0.47293344162122436,0.5038095238095238,0.46688644688644687,0.4818315018315019,0.5477655677655678,0.5018371372217526,0.4946520146520147,0.4261564625850341,0.4244557823129252,0.43806122448979595,0.43636054421768705,0.3260224089635854,0.3380272108843538,0.3977655677655678,0.3361904761904762,0.36205128205128206,0.3756410256410256,0.3570238095238095,0.33704081632653066,0.3684615384615384,0.2857142857142857,0.3812820512820513,0.31153846153846154,0.31153846153846154,0.37243589743589745,0.37578754578754575,0.3812820512820513,0.3632167832167832,0.3632167832167832,0.34282051282051285,0.3748717948717949,0.367062937062937,0.3904395604395604,0.3556410256410257,0.3904395604395604,0.3616239316239316,0.37273504273504277,0.35307692307692307,0.35307692307692307,0.34134188034188034,0.37597150997151,0.37597150997151,0.3532638301869071,0.36852634544942237,0.3584444444444445,0.30475405546834117,0.19023680997365208,0.31737571951857674],[0.6100000000000001,0.6186227861485593,0.7756410256410255,0.6574532453245324,0.7127004581901489,0.8333333333333333,0.6378535553793285,0.6575091575091575,0.6164102564102565,0.6283150183150182,0.6570843246100979,0.619832548403977,0.8653846153846154,0.7478741496598639,0.6575091575091575,0.6347252747252747,0.0,0.6538516609392898,0.6806573056573056,0.548999761848059,0.735954785954786,0.4574927451612622,0.6746849942726231,0.5527308403993575,0.5650938408670367,0.6806573056573056,0.7019841269841272,0.5849028548770817,0.5216049382716049,0.4005388436104021,0.4919100801832761,0.5852369435543388,0.4936935916317359,0.6082474226804123,0.5321551300932743,0.5321551300932743,0.46502261579581167,0.47891150468470056,0.466111940414548,0.5165873645255088,0.5061459159397305,0.5202503681885126,0.5745172639502536,0.5330567925333984,0.531788829726974,0.4524848004229448,0.49094633888448325,0.47171556965371