{
  "stem": "Horizontal_Grid_Cells",
  "singular": "Grid Cell",
  "endpoint": "horizontal_grid_cell",
  "count": 91,
  "method": "field-level | link: field-level (links uninformative) | order: spectral graph components",
  "entries": [
    {
      "id": "g155",
      "label": "g155",
      "spectral_rank": 0
    },
    {
      "id": "g168",
      "label": "g168",
      "spectral_rank": 1
    },
    {
      "id": "g154",
      "label": "g154",
      "spectral_rank": 2
    },
    {
      "id": "g126",
      "label": "g126",
      "spectral_rank": 3
    },
    {
      "id": "g156",
      "label": "g156",
      "spectral_rank": 4
    },
    {
      "id": "g125",
      "label": "g125",
      "spectral_rank": 5
    },
    {
      "id": "g162",
      "label": "g162",
      "spectral_rank": 6
    },
    {
      "id": "g153",
      "label": "g153",
      "spectral_rank": 7
    },
    {
      "id": "g107",
      "label": "g107",
      "spectral_rank": 8
    },
    {
      "id": "g149",
      "label": "g149",
      "spectral_rank": 9
    },
    {
      "id": "g124",
      "label": "g124",
      "spectral_rank": 10
    },
    {
      "id": "g186",
      "label": "g186",
      "spectral_rank": 11
    },
    {
      "id": "g147",
      "label": "g147",
      "spectral_rank": 12
    },
    {
      "id": "g148",
      "label": "g148",
      "spectral_rank": 13
    },
    {
      "id": "g169",
      "label": "g169",
      "spectral_rank": 14
    },
    {
      "id": "g112",
      "label": "g112",
      "spectral_rank": 15
    },
    {
      "id": "g104",
      "label": "g104",
      "spectral_rank": 16
    },
    {
      "id": "g103",
      "label": "g103",
      "spectral_rank": 17
    },
    {
      "id": "g157",
      "label": "g157",
      "spectral_rank": 18
    },
    {
      "id": "g128",
      "label": "g128",
      "spectral_rank": 19
    },
    {
      "id": "g102",
      "label": "g102",
      "spectral_rank": 20
    },
    {
      "id": "g143",
      "label": "g143",
      "spectral_rank": 21
    },
    {
      "id": "g118",
      "label": "g118",
      "spectral_rank": 22
    },
    {
      "id": "g127",
      "label": "g127",
      "spectral_rank": 23
    },
    {
      "id": "g119",
      "label": "g119",
      "spectral_rank": 24
    },
    {
      "id": "g135",
      "label": "g135",
      "spectral_rank": 25
    },
    {
      "id": "g116",
      "label": "g116",
      "spectral_rank": 26
    },
    {
      "id": "g130",
      "label": "g130",
      "spectral_rank": 27
    },
    {
      "id": "g132",
      "label": "g132",
      "spectral_rank": 28
    },
    {
      "id": "g164",
      "label": "g164",
      "spectral_rank": 29
    },
    {
      "id": "g165",
      "label": "g165",
      "spectral_rank": 30
    },
    {
      "id": "g166",
      "label": "g166",
      "spectral_rank": 31
    },
    {
      "id": "g161",
      "label": "g161",
      "spectral_rank": 32
    },
    {
      "id": "g170",
      "label": "g170",
      "spectral_rank": 33
    },
    {
      "id": "g172",
      "label": "g172",
      "spectral_rank": 34
    },
    {
      "id": "g182",
      "label": "g182",
      "spectral_rank": 35
    },
    {
      "id": "g171",
      "label": "g171",
      "spectral_rank": 36
    },
    {
      "id": "g181",
      "label": "g181",
      "spectral_rank": 37
    },
    {
      "id": "g160",
      "label": "g160",
      "spectral_rank": 38
    },
    {
      "id": "g144",
      "label": "g144",
      "spectral_rank": 39
    },
    {
      "id": "g145",
      "label": "g145",
      "spectral_rank": 40
    },
    {
      "id": "g146",
      "label": "g146",
      "spectral_rank": 41
    },
    {
      "id": "g175",
      "label": "g175",
      "spectral_rank": 42
    },
    {
      "id": "g174",
      "label": "g174",
      "spectral_rank": 43
    },
    {
      "id": "g133",
      "label": "g133",
      "spectral_rank": 44
    },
    {
      "id": "g173",
      "label": "g173",
      "spectral_rank": 45
    },
    {
      "id": "g114",
      "label": "g114",
      "spectral_rank": 46
    },
    {
      "id": "g184",
      "label": "g184",
      "spectral_rank": 47
    },
    {
      "id": "g101",
      "label": "g101",
      "spectral_rank": 48
    },
    {
      "id": "g117",
      "label": "g117",
      "spectral_rank": 49
    },
    {
      "id": "g137",
      "label": "g137",
      "spectral_rank": 50
    },
    {
      "id": "g183",
      "label": "g183",
      "spectral_rank": 51
    },
    {
      "id": "g129",
      "label": "g129",
      "spectral_rank": 52
    },
    {
      "id": "g121",
      "label": "g121",
      "spectral_rank": 53
    },
    {
      "id": "g106",
      "label": "g106",
      "spectral_rank": 54
    },
    {
      "id": "g123",
      "label": "g123",
      "spectral_rank": 55
    },
    {
      "id": "g180",
      "label": "g180",
      "spectral_rank": 56
    },
    {
      "id": "g113",
      "label": "g113",
      "spectral_rank": 57
    },
    {
      "id": "g105",
      "label": "g105",
      "spectral_rank": 58
    },
    {
      "id": "g139",
      "label": "g139",
      "spectral_rank": 59
    },
    {
      "id": "g150",
      "label": "g150",
      "spectral_rank": 60
    },
    {
      "id": "g131",
      "label": "g131",
      "spectral_rank": 61
    },
    {
      "id": "g110",
      "label": "g110",
      "spectral_rank": 62
    },
    {
      "id": "g140",
      "label": "g140",
      "spectral_rank": 63
    },
    {
      "id": "g189",
      "label": "g189",
      "spectral_rank": 64
    },
    {
      "id": "g190",
      "label": "g190",
      "spectral_rank": 65
    },
    {
      "id": "g100",
      "label": "g100",
      "spectral_rank": 66
    },
    {
      "id": "g158",
      "label": "g158",
      "spectral_rank": 67
    },
    {
      "id": "g179",
      "label": "g179",
      "spectral_rank": 68
    },
    {
      "id": "g152",
      "label": "g152",
      "spectral_rank": 69
    },
    {
      "id": "g108",
      "label": "g108",
      "spectral_rank": 70
    },
    {
      "id": "g109",
      "label": "g109",
      "spectral_rank": 71
    },
    {
      "id": "g138",
      "label": "g138",
      "spectral_rank": 72
    },
    {
      "id": "g151",
      "label": "g151",
      "spectral_rank": 73
    },
    {
      "id": "g163",
      "label": "g163",
      "spectral_rank": 74
    },
    {
      "id": "g167",
      "label": "g167",
      "spectral_rank": 75
    },
    {
      "id": "g111",
      "label": "g111",
      "spectral_rank": 76
    },
    {
      "id": "g159",
      "label": "g159",
      "spectral_rank": 77
    },
    {
      "id": "g134",
      "label": "g134",
      "spectral_rank": 78
    },
    {
      "id": "g115",
      "label": "g115",
      "spectral_rank": 79
    },
    {
      "id": "g187",
      "label": "g187",
      "spectral_rank": 80
    },
    {
      "id": "g136",
      "label": "g136",
      "spectral_rank": 81
    },
    {
      "id": "g142",
      "label": "g142",
      "spectral_rank": 82
    },
    {
      "id": "g188",
      "label": "g188",
      "spectral_rank": 83
    },
    {
      "id": "g141",
      "label": "g141",
      "spectral_rank": 84
    },
    {
      "id": "g178",
      "label": "g178",
      "spectral_rank": 85
    },
    {
      "id": "g177",
      "label": "g177",
      "spectral_rank": 86
    },
    {
      "id": "g176",
      "label": "g176",
      "spectral_rank": 87
    },
    {
      "id": "g120",
      "label": "g120",
      "spectral_rank": 88
    },
    {
      "id": "g185",
      "label": "g185",
      "spectral_rank": 89
    },
    {
      "id": "g122",
      "label": "g122",
      "spectral_rank": 90
    }
  ],
  "link_matrix": [
    [
      0.0,
      0.7386363636363636,
      0.9523281596452329,
      0.7749260901699927,
      0.7068181818181819,
      0.7646279871889629,
      0.6954545454545454,
      0.9200049273220006,
      0.6477272727272727,
      0.6923553719008265,
      0.7787139689578715,
      0.7295454545454546,
      0.6780303030303031,
      0.6938705234159779,
      0.7295454545454546,
      0.6830303030303031,
      0.5747694334650857,
      0.5747694334650857,
      0.6931818181818182,
      0.6704545454545454,
      0.5208333333333334,
      0.6291666666666667,
      0.6104166666666667,
      0.6277272727272727,
      0.6628787878787878,
      0.6840909090909091,
      0.61875,
      0.48971774193548384,
      0.47942362428842494,
      0.4942307692307692,
      0.48846153846153845,
      0.4942307692307692,
      0.48846153846153845,
      0.45439899606566275,
      0.457543131479967,
      0.4513770180436847,
      0.4562751686735427,
      0.43826173826173825,
      0.4474839598823339,
      0.36985671191553543,
      0.3685683760683761,
      0.3730618401206636,
      0.37694099542551174,
      0.3673256108101271,
      0.3654494382022472,
      0.3615563800408964,
      0.3716556493853283,
      0.34162895927601805,
      0.2568719593100398,
      0.3353276353276353,
      0.36183431952662726,
      0.3549697493517718,
      0.36739926739926737,
      0.2760433386837881,
      0.3547559966914805,
      0.35086293853012973,
      0.25818619582664526,
      0.37253302253302256,
      0.33223188060649356,
      0.36183431952662726,
      0.3547559966914805,
      0.37107454401268836,
      0.35307692307692307,
      0.3464497041420118,
      0.36287073360244093,
      0.2517120765832106,
      0.3631475667189953,
      0.37107454401268836,
      0.33814756671899526,
      0.36338223632038064,
      0.35307692307692307,
      0.3376923076923077,
      0.3464497041420118,
      0.34799762093576525,
      0.34799762093576525,
      0.34708682406702207,
      0.34799762093576525,
      0.3493238808827149,
      0.34799762093576525,
      0.3376923076923077,
      0.39316239316239315,
      0.3580316742081448,
      0.33946706887883354,
      0.3643162393162393,
      0.26952380952380955,
      0.2720535714285714,
      0.3024107142857143,
      0.2720535714285714,
      0.24407308377896614,
      0.21103160062603768,
      0.2621478040177227
    ],
    [
      0.7386363636363636,
      0.0,
      0.7386363636363636,
      0.7424242424242423,
      0.7777777777777778,
      0.7585858585858586,
      0.787878787878788,
      0.7285353535353536,
      0.7272727272727273,
      0.7121212121212122,
      0.736111111111111,
      0.9625,
      0.7203856749311295,
      0.7272727272727273,
      0.9,
      0.7943939393939394,
      0.567193675889328,
      0.567193675889328,
      0.8080808080808081,
      0.6666666666666666,
      0.5277777777777778,
      0.6856060606060606,
      0.6742424242424242,
      0.6315151515151515,
      0.7333333333333333,
      0.7946428571428571,
      0.6856060606060606,
      0.5183284457478006,
      0.5192833731733162,
      0.5590277777777778,
      0.5520833333333334,
      0.5590277777777778,
      0.5520833333333334,
      0.488739655406322,
      0.4900076182127464,
      0.5195473251028806,
      0.488739655406322,
      0.44018481518481517,
      0.4598935015601682,
      0.4087799564270153,
      0.4224305555555556,
      0.4229411764705883,
      0.36160328435609335,
      0.36160328435609335,
      0.3917368913857678,
      0.34237251512532413,
      0.35884433348936395,
      0.37218137254901956,
      0.24794338788146836,
      0.365354938271605,
      0.43047924297924306,
      0.3908005617977528,
      0.4139880952380952,
      0.2966364160184385,
      0.3905689964157706,
      0.3541149710504549,
      0.2934312878133103,
      0.4128036315536316,
      0.3482575216321346,
      0.42006257631257643,
      0.3905689964157706,
      0.399914089347079,
      0.3812820512820513,
      0.40121336996337,
      0.36868686868686873,
      0.2762027491408935,
      0.3892431972789116,
      0.3691514670896114,
      0.35289115646258506,
      0.3851771081152524,
      0.3716666666666667,
      0.34923076923076923,
      0.3907967032967033,
      0.3659463388844832,
      0.3403053132434576,
      0.36767739273927397,
      0.368664089347079,
      0.3403053132434576,
      0.3659463388844832,
      0.3396153846153846,
      0.4247354497354497,
      0.3816176470588235,
      0.33837355455002516,
      0.4321759259259259,
      0.3011538461538462,
      0.29875,
      0.329732905982906,
      0.3083653846153847,
      0.2615068754774637,
      0.22085454426393802,
      0.30742945326278653
    ],
    [
      0.9523281596452329,
      0.7386363636363636,
      0.0,
      0.7749260901699927,
      0.6840909090909091,
      0.7646279871889629,
      0.6840909090909091,
      0.9402069475240207,
      0.6477272727272727,
      0.6840909090909091,
      0.7787139689578715,
      0.7295454545454546,
      0.6780303030303031,
      0.6856060606060606,
      0.7295454545454546,
      0.6830303030303031,
      0.5747694334650857,
      0.5747694334650857,
      0.6931818181818182,
      0.6704545454545454,
      0.5208333333333334,
      0.6291666666666667,
      0.6104166666666667,
      0.6277272727272727,
      0.6628787878787878,
      0.6840909090909091,
      0.61875,
      0.48971774193548384,
      0.47942362428842494,
      0.4942307692307692,
      0.48846153846153845,
      0.4942307692307692,
      0.48846153846153845,
      0.46538800705467376,
      0.468532142468978,
      0.4513770180436847,
      0.4562751686735427,
      0.43826173826173825,
      0.4474839598823339,
      0.36985671191553543,
      0.3685683760683761,
      0.3730618401206636,
      0.3673256108101271,
      0.3673256108101271,
      0.3654494382022472,
      0.35194099542551177,
      0.3716556493853283,
      0.34162895927601805,
      0.2568719593100398,
      0.3353276353276353,
      0.36183431952662726,
      0.3549697493517718,
      0.36739926739926737,
      0.2760433386837881,
      0.3547559966914805,
      0.35086293853012973,
      0.25818619582664526,
      0.38352203352203357,
      0.33223188060649356,
      0.36183431952662726,
      0.3547559966914805,
      0.37107454401268836,
      0.35307692307692307,
      0.3464497041420118,
      0.36287073360244093,
      0.2517120765832106,
      0.3631475667189953,
      0.37107454401268836,
      0.33814756671899526,
      0.36338223632038064,
      0.35307692307692307,
      0.3376923076923077,
      0.3464497041420118,
      0.34799762093576525,
      0.34799762093576525,
      0.34708682406702207,
      0.34799762093576525,
      0.3493238808827149,
      0.34799762093576525,
      0.3376923076923077,
      0.3959096459096459,
      0.3580316742081448,
      0.33946706887883354,
      0.3643162393162393,
      0.26952380952380955,
      0.2720535714285714,
      0.3024107142857143,
      0.2720535714285714,
      0.24407308377896614,
      0.21103160062603768,
      0.2621478040177227
    ],
    [
      0.7749260901699927,
      0.7424242424242423,
      0.7749260901699927,
      0.0,
      0.6919191919191919,
      0.8888111888111889,
      0.6919191919191919,
      0.7617947770386795,
      0.6515151515151515,
      0.7347107438016529,
      0.9168609168609169,
      0.7323232323232323,
      0.7203856749311295,
      0.727961432506887,
      0.7222222222222222,
      0.687070707070707,
      0.5823451910408433,
      0.5823451910408433,
      0.702020202020202,
      0.6818181818181818,
      0.5277777777777778,
      0.6666666666666666,
      0.6574074074074074,
      0.6466666666666666,
      0.6818181818181818,
      0.6897546897546897,
      0.6574074074074074,
      0.49398361495135684,
      0.48091171952652023,
      0.5042735042735043,
      0.49572649572649574,
      0.5042735042735043,
      0.49572649572649574,
      0.4557726224392891,
      0.4629577450090271,
      0.46676163342830007,
      0.4557726224392891,
      0.46475746475746477,
      0.45882512549179216,
      0.3602413273001508,
      0.3904700854700855,
      0.37281045751633984,
      0.362244309997119,
      0.362244309997119,
      0.3583981561509652,
      0.34524891223249043,
      0.36081672007713517,
      0.3553041729512318,
      0.24794338788146836,
      0.33618233618233617,
      0.39629707898938676,
      0.3703543647363872,
      0.3725274725274725,
      0.30818619582664525,
      0.3829611248966087,
      0.36783949439036284,
      0.27247191011235955,
      0.37784437784437785,
      0.3226164959911089,
      0.38775007044237825,
      0.3829611248966087,
      0.38197197991012416,
      0.37273504273504277,
      0.3682140509063586,
      0.3815073815073815,
      0.25548191785305185,
      0.3560962846677133,
      0.38197197991012416,
      0.35182278039420906,
      0.3563309542690986,
      0.3556410256410257,
      0.3812820512820513,
      0.3596670423593501,
      0.33923693717508147,
      0.35205744999559435,
      0.33832614030633834,
      0.33923693717508147,
      0.35205744999559435,
      0.33923693717508147,
      0.3641880341880342,
      0.4024420024420024,
      0.3629462041226747,
      0.3644544997486174,
      0.39572649572649576,
      0.2766666666666667,
      0.29824404761904766,
      0.3022123015873016,
      0.2942757936507937,
      0.25518419489007726,
      0.21698398157841864,
      0.27652285985619324
    ],
    [
      0.7068181818181819,
      0.7777777777777778,
      0.6840909090909091,
      0.6919191919191919,
      0.0,
      0.6878787878787879,
      0.9206349206349206,
      0.6881313131313131,
      0.7272727272727273,
      0.8152362788726425,
      0.6919191919191919,
      0.787878787878788,
      0.7630324221233312,
      0.7706081796990888,
      0.787878787878788,
      0.7426262626262626,
      0.6353754940711462,
      0.6353754940711462,
      0.8917748917748919,
      0.6926406926406926,
      0.6111111111111112,
      0.636904761904762,
      0.6395502645502645,
      0.6574891774891775,
      0.6796536796536796,
      0.7316017316017316,
      0.636904761904762,
      0.48472435569209765,
      0.49771844221559597,
      0.5347985347985348,
      0.5305250305250305,
      0.5238095238095238,
      0.5195360195360196,
      0.5162121828788495,
      0.5119856401907683,
      0.4777506444173111,
      0.5052231718898386,
      0.4501054501054501,
      0.46981413648080317,
      0.381860231271996,
      0.3894017094017094,
      0.37230769230769234,
      0.39136518911799817,
      0.39136518911799817,
      0.38037617812898716,
      0.374271172023981,
      0.36983334447837496,
      0.3534726711197299,
      0.25814746951412143,
      0.3471713471713472,
      0.40698083967314747,
      0.36852286290488545,
      0.3868131868131868,
      0.2826759917450126,
      0.3792981212336051,
      0.3640356059710899,
      0.2707712298402507,
      0.3998223998223998,
      0.35924653262114564,
      0.39873908143138925,
      0.3683091102445942,
      0.38685598479412914,
      0.3904395604395604,
      0.3788978115901193,
      0.37836095528403224,
      0.2656859994857049,
      0.37807430664573527,
      0.3758669738051182,
      0.36281179138322006,
      0.3929609908991352,
      0.37945054945054946,
      0.3605250305250305,
      0.3706560533483611,
      0.38685598479412914,
      0.3612149591531034,
      0.34931515129534935,
      0.35022594816409247,
      0.35022594816409247,
      0.3758669738051182,
      0.34953601953601954,
      0.3816849816849817,
      0.3611147022911729,
      0.34829418947066004,
      0.40671550671550677,
      0.2868707482993198,
      0.2846386054421769,
      0.30844812925170073,
      0.29654336734693887,
      0.25359689330277563,
      0.20507921967365675,
      0.30473670949861426
    ],
    [
      0.7646279871889629,
      0.7585858585858586,
      0.7646279871889629,
      0.8888111888111889,
      0.6878787878787879,
      0.0,
      0.6878787878787879,
      0.7646279871889629,
      0.6515151515151515,
      0.743801652892562,
      0.8403263403263405,
      0.7585858585858586,
      0.7362258953168044,
      0.7121212121212122,
      0.7181818181818181,
      0.683030303030303,
      0.5823451910408433,
      0.5823451910408433,
      0.6878787878787879,
      0.6893939393939394,
      0.5277777777777778,
      0.6638888888888889,
      0.6555555555555556,
      0.6542424242424243,
      0.6893939393939394,
      0.6857142857142857,
      0.6555555555555556,
      0.4912058371735791,
      0.48091171952652023,
      0.5025641025641026,
      0.4948717948717949,
      0.5025641025641026,
      0.4948717948717949,
      0.4612671279337946,
      0.46498203650700276,
      0.47274453941120603,
      0.4632914194317702,
      0.4639027639027639,
      0.4579704246370913,
      0.36451483157365505,
      0.3856623931623932,
      0.381860231271996,
      0.35775713050993946,
      0.35775713050993946,
      0.3558340535868626,
      0.3425861903389994,
      0.361106776928278,
      0.35444947209653094,
      0.24794338788146836,
      0.3353276353276353,
      0.3937329764252841,
      0.36779026217228467,
      0.37338217338217333,
      0.3058052434456929,
      0.38039702233250616,
      0.36953729382571887,
      0.2700909577314072,
      0.3752802752802753,
      0.3226164959911089,
      0.3851859678782756,
      0.38039702233250616,
      0.3794078773460216,
      0.3616239316239316,
      0.36735935005165776,
      0.37894327894327895,
      0.25468826705940106,
      0.3535321821036107,
      0.3809463388844832,
      0.3509680795395082,
      0.353766851704996,
      0.35307692307692307,
      0.37188034188034186,
      0.35881234150464925,
      0.3383822363203806,
      0.35274121067935504,
      0.3374714394516375,
      0.3383822363203806,
      0.352529009087843,
      0.3383822363203806,
      0.36333333333333334,
      0.3904761904761905,
      0.361236802413273,
      0.36435394670688787,
      0.39316239316239315,
      0.2742857142857143,
      0.29586309523809523,
      0.28395833333333337,
      0.29824404761904766,
      0.25518419489007726,
      0.21698398157841864,
      0.27441124597987343
    ],
    [
      0.6954545454545454,
      0.787878787878788,
      0.6840909090909091,
      0.6919191919191919,
      0.9206349206349206,
      0.6878787878787879,
      0.0,
      0.6881313131313131,
      0.7272727272727273,
      0.7788726425090062,
      0.7032828282828283,
      0.7777777777777778,
      0.7933354524263616,
      0.7706081796990888,
      0.7777777777777778,
      0.7729292929292929,
      0.6353754940711462,
      0.6353754940711462,
      0.8917748917748919,
      0.6926406926406926,
      0.6111111111111112,
      0.636904761904762,
      0.6395502645502645,
      0.6574891774891775,
      0.6796536796536796,
      0.7316017316017316,
      0.636904761904762,
      0.48472435569209765,
      0.48791452064696844,
      0.5347985347985348,
      0.5305250305250305,
      0.5238095238095238,
      0.5195360195360196,
      0.510717677384344,
      0.517902799954082,
      0.46676163342830007,
      0.4997286663953331,
      0.4501054501054501,
      0.46981413648080317,
      0.3775867269984917,
      0.3851282051282051,
      0.37230769230769234,
      0.39136518911799817,
      0.39136518911799817,
      0.38037617812898716,
      0.374271172023981,
      0.36983334447837496,
      0.3534726711197299,
      0.2623491501863903,
      0.3471713471713472,
      0.40698083967314747,
      0.36852286290488545,
      0.3868131868131868,
      0.2826759917450126,
      0.3792981212336051,
      0.3640356059710899,
      0.2866442457132666,
      0.3998223998223998,
      0.3637714194989737,
      0.39873908143138925,
      0.3683091102445942,
      0.38685598479412914,
      0.3904395604395604,
      0.3788978115901193,
      0.37836095528403224,
      0.2656859994857049,
      0.37807430664573527,
      0.3758669738051182,
      0.36281179138322006,
      0.3929609908991352,
      0.37945054945054946,
      0.3605250305250305,
      0.3706560533483611,
      0.38685598479412914,
      0.3612149591531034,
      0.34931515129534935,
      0.35022594816409247,
      0.35022594816409247,
      0.3758669738051182,
      0.34953601953601954,
      0.37069597069597066,
      0.3611147022911729,
      0.34829418947066004,
      0.40671550671550677,
      0.2868707482993198,
      0.2846386054421769,
      0.30844812925170073,
      0.29654336734693887,
      0.25915244885833116,
      0.20507921967365675,
      0.31267321743512216
    ],
    [
      0.9200049273220006,
      0.7285353535353536,
      0.9402069475240207,
      0.7617947770386795,
      0.6881313131313131,
      0.7646279871889629,
      0.6881313131313131,
      0.0,
      0.6477272727272727,
      0.6840909090909091,
      0.7718957871396895,
      0.7285353535353536,
      0.6780303030303031,
      0.6780303030303031,
      0.7285353535353536,
      0.6832828282828283,
      0.5747694334650857,
      0.5747694334650857,
      0.6881313131313131,
      0.6780303030303031,
      0.5208333333333334,
      0.6319444444444445,
      0.6122685185185185,
      0.6277272727272727,
      0.6628787878787878,
      0.6881313131313131,
      0.6215277777777778,
      0.49249551971326166,
      0.48432558507273876,
      0.49679487179487186,
      0.4893162393162393,
      0.49679487179487186,
      0.4893162393162393,
      0.46294600461267127,
      0.4660901400269755,
      0.4539411206077873,
      0.4562751686735427,
      0.4391164391164391,
      0.44833866073703477,
      0.36985671191553543,
      0.3685683760683761,
      0.3730618401206636,
      0.36988971337422966,
      0.36988971337422966,
      0.3680135407663498,
      0.3527956962802126,
      0.3716556493853283,
      0.3424836601307189,
      0.2568719593100398,
      0.33618233618233617,
      0.36439842209072987,
      0.35753385191587445,
      0.3597069597069597,
      0.2784242910647405,
      0.35732009925558317,
      0.3517176393848306,
      0.26056714820759763,
      0.3836441336441337,
      0.33223188060649356,
      0.36439842209072987,
      0.35732009925558317,
      0.37449334743149176,
      0.3556410256410257,
      0.34730440499671267,
      0.3662895370212444,
      0.2525057273768614,
      0.3657116692830979,
      0.37449334743149176,
      0.3390022675736961,
      0.36594633888448325,
      0.3556410256410257,
      0.33854700854700853,
      0.34730440499671267,
      0.3488523217904661,
      0.3488523217904661,
      0.3479415249217229,
      0.3488523217904661,
      0.35017858173741573,
      0.3488523217904661,
      0.33854700854700853,
      0.39358974358974363,
      0.3597410759175465,
      0.3403217697335344,
      0.3668803418803419,
      0.2726984126984127,
      0.2744345238095238,
      0.2912996031746032,
      0.2744345238095238,
      0.24962863933452167,
      0.21103160062603768,
      0.2645287563986751
    ],
    [
      0.6477272727272727,
      0.7272727272727273,
      0.6477272727272727,
      0.6515151515151515,
      0.7272727272727273,
      0.6515151515151515,
      0.7272727272727273,
      0.6477272727272727,
      0.0,
      0.6666666666666667,
      0.6515151515151515,
      0.7272727272727273,
      0.6666666666666667,
      0.6666666666666667,
      0.7272727272727273,
      0.7830303030303031,
      0.6932367149758454,
      0.6932367149758454,
      0.7272727272727273,
      0.6571969696969696,
      0.6333333333333334,
      0.5972222222222222,
      0.5972222222222222,
      0.6220454545454545,
      0.6515151515151515,
      0.6883116883116883,
      0.5972222222222222,
      0.4543010752688172,
      0.46620583717357905,
      0.4871794871794872,
      0.5,
      0.4871794871794872,
      0.5,
      0.47225613892280555,
      0.47225613892280555,
      0.4411206077872744,
      0.47225613892280555,
      0.4305694305694306,
      0.4502781169447836,
      0.3594871794871795,
      0.3723076923076923,
      0.3594871794871795,
      0.3327571305099395,
      0.3327571305099395,
      0.3327571305099395,
      0.3327571305099395,
      0.3452696728558798,
      0.3339366515837104,
      0.23533834586466165,
      0.32763532763532766,
      0.36210904480135253,
      0.33189282627484873,
      0.34175824175824177,
      0.24866238630283574,
      0.33167907361455745,
      0.3444995864350703,
      0.23675762439807382,
      0.3522033522033522,
      0.3346828609986504,
      0.36210904480135253,
      0.33167907361455745,
      0.33068992862807295,
      0.34282051282051285,
      0.3511200338123415,
      0.33022533022533024,
      0.24754540991654395,
      0.3304552590266876,
      0.33222839016653444,
      0.3432757718472005,
      0.35940787734602164,
      0.34282051282051285,
      0.33,
      0.3511200338123415,
      0.35940787734602164,
      0.33222839016653444,
      0.3297791317593298,
      0.33068992862807295,
      0.3320161885750226,
      0.35940787734602164,
      0.33,
      0.35360195360195357,
      0.3330316742081448,
      0.3287581699346405,
      0.37008547008547005,
      0.2528571428571429,
      0.250625,
      0.27443452380952377,
      0.2625297619047619,
      0.22740641711229947,
      0.2392590896192662,
      0.26278659611992944
    ],
    [
      0.6923553719008265,
      0.7121212121212122,
      0.6840909090909091,
      0.7347107438016529,
      0.8152362788726425,
      0.743801652892562,
      0.7788726425090062,
      0.6840909090909091,
      0.6666666666666667,
      0.0,
      0.7264462809917356,
      0.7212121212121212,
      0.8814367450731088,
      0.8731722822631913,
      0.7212121212121212,
      0.6852341597796143,
      0.60915171784737,
      0.60915171784737,
      0.7714346259800806,
      0.7134986225895316,
      0.5523504273504273,
      0.6361111111111111,
      0.6429292929292929,
      0.6783471074380164,
      0.7052341597796142,
      0.6978748524203069,
      0.6436868686868686,
      0.49044826141600334,
      0.48148467598182965,
      0.5242424242424242,
      0.5088578088578088,
      0.5172494172494172,
      0.5018648018648019,
      0.48624215290881956,
      0.4820156102207384,
      0.4641975308641975,
      0.4792491459158125,
      0.44525474525474523,
      0.4539744206410873,
      0.3904072398190046,
      0.36376068376068377,
      0.3640120663650075,
      0.3826405803933894,
      0.38963358738639636,
      0.3826405803933894,
      0.36725596500877405,
      0.36583734048237093,
      0.34862196626902503,
      0.25443689437497485,
      0.3423206423206423,
      0.39517597786828557,
      0.3619627563447788,
      0.3916416916416916,
      0.30039398803443745,
      0.3687420106774945,
      0.35918490112038504,
      0.26467970232015176,
      0.38926628926628926,
      0.3296095029841159,
      0.38118996388227155,
      0.36174900368448754,
      0.40807920601735026,
      0.367062937062937,
      0.3688023514946592,
      0.3867252405713944,
      0.26118177355290756,
      0.3803387089101375,
      0.3940931920313363,
      0.34514057371200224,
      0.37358037151851586,
      0.36006993006993004,
      0.35167832167832164,
      0.3548163375086452,
      0.35236825030639457,
      0.38500228294042727,
      0.35728495926515735,
      0.3453752433133876,
      0.3710162689544133,
      0.3453752433133876,
      0.34468531468531466,
      0.36898656898656895,
      0.3810503222267928,
      0.3690845102609809,
      0.3873348873348873,
      0.2688744588744589,
      0.2785470779220779,
      0.2904518398268398,
      0.2785470779220779,
      0.2723559120617944,
      0.20507921967365675,
      0.2978515311848645
    ],
    [
      0.7787139689578715,
      0.736111111111111,
      0.7787139689578715,
      0.9168609168609169,
      0.6919191919191919,
      0.8403263403263405,
      0.7032828282828283,
      0.7718957871396895,
      0.6515151515151515,
      0.7264462809917356,
      0.0,
      0.726010101010101,
      0.7121212121212122,
      0.7196969696969696,
      0.726010101010101,
      0.7022222222222222,
      0.5823451910408433,
      0.5823451910408433,
      0.702020202020202,
      0.696969696969697,
      0.5277777777777778,
      0.6666666666666666,
      0.6574074074074074,
      0.6466666666666666,
      0.6818181818181818,
      0.6796536796536796,
      0.6666666666666666,
      0.48472435569209765,
      0.4760097587422065,
      0.5128205128205129,
      0.49572649572649574,
      0.5128205128205129,
      0.49572649572649574,
      0.46676163342830007,
      0.45704058524571345,
      0.46676163342830007,
      0.46676163342830007,
      0.46475746475746477,
      0.45882512549179216,
      0.36451483157365505,
      0.38673076923076927,
      0.37281045751633984,
      0.362244309997119,
      0.37185969461250357,
      0.3669451646979737,
      0.34524891223249043,
      0.3653416069549632,
      0.3553041729512318,
      0.24794338788146836,
      0.33618233618233617,
      0.39736545505776283,
      0.3703543647363872,
      0.3725274725274725,
      0.30818619582664525,
      0.3915081334436173,
      0.36783949439036284,
      0.27247191011235955,
      0.37784437784437785,
      0.3226164959911089,
      0.38775007044237825,
      0.3915081334436173,
      0.3905189884571328,
      0.3748717948717949,
      0.36928242697473473,
      0.3900543900543901,
      0.25548191785305185,
      0.36464329321472183,
      0.3905189884571328,
      0.35182278039420906,
      0.3563309542690986,
      0.3556410256410257,
      0.3834188034188034,
      0.3596670423593501,
      0.33923693717508147,
      0.35205744999559435,
      0.33832614030633834,
      0.33923693717508147,
      0.35205744999559435,
      0.33923693717508147,
      0.3641880341880342,
      0.38855311355311356,
      0.3714932126696832,
      0.3644544997486174,
      0.4042735042735043,
      0.28460317460317464,
      0.29824404761904766,
      0.3101488095238095,
      0.2863392857142858,
      0.25518419489007726,
      0.21698398157841864,
      0.27652285985619324
    ],
    [
      0.7295454545454546,
      0.9625,
      0.7295454545454546,
      0.7323232323232323,
      0.787878787878788,
      0.7585858585858586,
      0.7777777777777778,
      0.7285353535353536,
      0.7272727272727273,
      0.7212121212121212,
      0.726010101010101,
      0.0,
      0.7128099173553719,
      0.7045454545454546,
      0.9375,
      0.7830303030303031,
      0.567193675889328,
      0.567193675889328,
      0.7777777777777778,
      0.6666666666666666,
      0.5277777777777778,
      0.6969696969696969,
      0.6742424242424242,
      0.6315151515151515,
      0.7333333333333333,
      0.8,
      0.6856060606060606,
      0.5215751989945537,
      0.5246309667562039,
      0.5694444444444445,
      0.5555555555555555,
      0.5694444444444445,
      0.5555555555555555,
      0.488739655406322,
      0.4900076182127464,
      0.5240116108171663,
      0.488739655406322,
      0.44338994338994336,
      0.4630986297652964,
      0.4087799564270153,
      0.4270601851851852,
      0.4229411764705883,
      0.371218668971478,
      0.371218668971478,
      0.40215355805243447,
      0.34557764333045227,
      0.35884433348936395,
      0.37565359477124177,
      0.24794338788146836,
      0.36882716049382713,
      0.43047924297924306,
      0.4012172284644195,
      0.4056547619047619,
      0.3062518006338231,
      0.40098566308243727,
      0.35732009925558317,
      0.28793678231880476,
      0.41726791726791723,
      0.3482575216321346,
      0.42006257631257643,
      0.40098566308243727,
      0.41380297823596784,
      0.3854029304029304,
      0.40468559218559225,
      0.3815073815073815,
      0.2794078773460217,
      0.39965986394557823,
      0.38197197991012416,
      0.3560962846677133,
      0.39479249273063705,
      0.37578754578754575,
      0.35243589743589737,
      0.39426892551892556,
      0.3691514670896114,
      0.3435104414485857,
      0.3711496149614961,
      0.3721363115693012,
      0.3435104414485857,
      0.3691514670896114,
      0.3428205128205128,
      0.4316798941798941,
      0.388562091503268,
      0.3415786827551533,
      0.4425925925925926,
      0.3052747252747253,
      0.29875,
      0.3211858974358975,
      0.3083653846153847,
      0.2615068754774637,
      0.22085454426393802,
      0.3036029226505416
    ],
    [
      0.6780303030303031,
      0.7203856749311295,
      0.6780303030303031,
      0.7203856749311295,
      0.7630324221233312,
      0.7362258953168044,
      0.7933354524263616,
      0.6780303030303031,
      0.6666666666666667,
      0.8814367450731088,
      0.7121212121212122,
      0.7128099173553719,
      0.0,
      0.8814367450731088,
      0.7045454545454546,
      0.6921212121212121,
      0.60915171784737,
      0.60915171784737,
      0.7623437168891716,
      0.7134986225895316,
      0.5523504273504273,
      0.6319444444444445,
      0.6401515151515151,
      0.6783471074380164,
      0.7052341597796142,
      0.6933293978748524,
      0.6395202020202021,
      0.4876704836382255,
      0.4716807544132022,
      0.5203962703962705,
      0.5075757575757576,
      0.5134032634032635,
      0.5005827505827506,
      0.4807476474143141,
      0.487932769984052,
      0.46035137701804363,
      0.47375464042130705,
      0.443972693972694,
      0.452692369359036,
      0.3775867269984917,
      0.36429487179487174,
      0.3640120663650075,
      0.37879442654723555,
      0.37879442654723555,
      0.37879442654723555,
      0.3659739137267227,
      0.36583734048237093,
      0.3473399149869738,
      0.2586385750472438,
      0.3410385910385911,
      0.3843368170291247,
      0.358116602498625,
      0.39478854478854475,
      0.2968225594630089,
      0.3648958568313407,
      0.3579028498383337,
      0.27301303565348506,
      0.3854201354201354,
      0.334134389861944,
      0.3773438100361177,
      0.3579028498383337,
      0.39595799389613817,
      0.3632167832167832,
      0.3605272932196009,
      0.3815970354431893,
      0.2599912973624314,
      0.37649255506398366,
      0.3889649869031312,
      0.3438585224299511,
      0.36973421767236203,
      0.3562237762237762,
      0.3503962703962704,
      0.35353428622659394,
      0.35108619902434335,
      0.3767272246653689,
      0.356002907983106,
      0.34409319203133637,
      0.3697342176723619,
      0.34409319203133637,
      0.34340326340326344,
      0.3664224664224664,
      0.37848621966269025,
      0.3678024589789295,
      0.38348873348873347,
      0.2653030303030303,
      0.27497564935064933,
      0.28688041125541125,
      0.27497564935064933,
      0.27791146761734997,
      0.20507921967365675,
      0.2990420073753407
    ],
    [
      0.6938705234159779,
      0.7272727272727273,
      0.6856060606060606,
      0.727961432506887,
      0.7706081796990888,
      0.7121212121212122,
      0.7706081796990888,
      0.6780303030303031,
      0.6666666666666667,
      0.8731722822631913,
      0.7196969696969696,
      0.7045454545454546,
      0.8814367450731088,
      0.0,
      0.7045454545454546,
      0.676969696969697,
      0.60915171784737,
      0.60915171784737,
      0.7850709896164443,
      0.7134986225895316,
      0.5523504273504273,
      0.6319444444444445,
      0.6401515151515151,
      0.6783471074380164,
      0.7052341597796142,
      0.6933293978748524,
      0.6395202020202021,
      0.4876704836382255,
      0.4765827151975159,
      0.5203962703962705,
      0.5075757575757576,
      0.5134032634032635,
      0.5005827505827506,
      0.49323515990182654,
      0.494925776977059,
      0.46035137701804363,
      0.4792491459158125,
      0.443972693972694,
      0.452692369359036,
      0.37733534439416794,
      0.36429487179487174,
      0.35948717948717945,
      0.38578743354024253,
      0.37879442654723555,
      0.37879442654723555,
      0.3729669207197297,
      0.36583734048237093,
      0.3473399149869738,
      0.25443689437497485,
      0.3410385910385911,
      0.3983228310151387,
      0.358116602498625,
      0.40119880119880114,
      0.2968225594630089,
      0.3648958568313407,
