{
  "stem": "Horizontal_Computational_Grids",
  "singular": "Horizontal Grid",
  "endpoint": "horizontal_computational_grid",
  "count": 11,
  "method": "field-level | link: field-level (links uninformative) | order: spectral graph components",
  "entries": [
    {
      "id": "h101",
      "label": "h101",
      "spectral_rank": 0
    },
    {
      "id": "h110",
      "label": "h110",
      "spectral_rank": 1
    },
    {
      "id": "h102",
      "label": "h102",
      "spectral_rank": 2
    },
    {
      "id": "h109",
      "label": "h109",
      "spectral_rank": 3
    },
    {
      "id": "h107",
      "label": "h107",
      "spectral_rank": 4
    },
    {
      "id": "h106",
      "label": "h106",
      "spectral_rank": 5
    },
    {
      "id": "h105",
      "label": "h105",
      "spectral_rank": 6
    },
    {
      "id": "h108",
      "label": "h108",
      "spectral_rank": 7
    },
    {
      "id": "h103",
      "label": "h103",
      "spectral_rank": 8
    },
    {
      "id": "h100",
      "label": "h100",
      "spectral_rank": 9
    },
    {
      "id": "h104",
      "label": "h104",
      "spectral_rank": 10
    }
  ],
  "link_matrix": [
    [
      0.0,
      0.6339869281045751,
      0.6339869281045751,
      0.4008714596949891,
      0.2962962962962963,
      0.2962962962962963,
      0.2962962962962963,
      0.32244008714596945,
      0.30848196152283885,
      0.45861689463872607,
      0.3640046296296296
    ],
    [
      0.6339869281045751,
      0.0,
      0.9411764705882353,
      0.6013071895424836,
      0.4444444444444444,
      0.4444444444444444,
      0.4444444444444444,
      0.4836601307189542,
      0.3028322440087146,
      0.4008714596949891,
      0.2962962962962963
    ],
    [
      0.6339869281045751,
      0.9411764705882353,
      0.0,
      0.6209150326797386,
      0.4444444444444444,
      0.4444444444444444,
      0.4444444444444444,
      0.4836601307189542,
      0.3028322440087146,
      0.4008714596949891,
      0.2962962962962963
    ],
    [
      0.4008714596949891,
      0.6013071895424836,
      0.6209150326797386,
      0.0,
      0.4444444444444444,
      0.4444444444444444,
      0.4444444444444444,
      0.4611111111111111,
      0.2962962962962963,
      0.433048433048433,
      0.2962962962962963
    ],
    [
      0.2962962962962963,
      0.4444444444444444,
      0.4444444444444444,
      0.4444444444444444,
      0.0,
      0.6451612903225806,
      0.6129032258064516,
      0.5806451612903226,
      0.4166666666666667,
      0.3333333333333333,
      0.40860215053763443
    ],
    [
      0.2962962962962963,
      0.4444444444444444,
      0.4444444444444444,
      0.4444444444444444,
      0.6451612903225806,
      0.0,
      0.8888888888888888,
      0.5666666666666667,
      0.39166666666666666,
      0.3333333333333333,
      0.5925925925925926
    ],
    [
      0.2962962962962963,
      0.4444444444444444,
      0.4444444444444444,
      0.4444444444444444,
      0.6129032258064516,
      0.8888888888888888,
      0.0,
      0.5666666666666667,
      0.39999999999999997,
      0.3333333333333333,
      0.5925925925925926
    ],
    [
      0.32244008714596945,
      0.4836601307189542,
      0.4836601307189542,
      0.4611111111111111,
      0.5806451612903226,
      0.5666666666666667,
      0.5666666666666667,
      0.0,
      0.3833333333333333,
      0.3333333333333333,
      0.3666666666666667
    ],
    [
      0.30848196152283885,
      0.3028322440087146,
      0.3028322440087146,
      0.2962962962962963,
      0.4166666666666667,
      0.39166666666666666,
      0.39999999999999997,
      0.3833333333333333,
      0.0,
      0.3505154639175258,
      0.40208333333333335
    ],
    [
      0.45861689463872607,
      0.4008714596949891,
      0.4008714596949891,
      0.433048433048433,
      0.3333333333333333,
      0.3333333333333333,
      0.3333333333333333,
      0.3333333333333333,
      0.3505154639175258,
      0.0,
      0.3917525773195876
    ],
    [
      0.3640046296296296,
      0.2962962962962963,
      0.2962962962962963,
      0.2962962962962963,
      0.40860215053763443,
      0.5925925925925926,
      0.5925925925925926,
      0.3666666666666667,
      0.40208333333333335,
      0.3917525773195876,
      0.0
    ]
  ],
  "text_matrix": [
    [
      0.0,
      0.6339869281045751,
      0.6339869281045751,
      0.4008714596949891,
      0.2962962962962963,
      0.2962962962962963,
      0.2962962962962963,
      0.32244008714596945,
      0.30848196152283885,
      0.45861689463872607,
      0.3640046296296296
    ],
    [
      0.6339869281045751,
      0.0,
      0.9411764705882353,
      0.6013071895424836,
      0.4444444444444444,
      0.4444444444444444,
      0.4444444444444444,
      0.4836601307189542,
      0.3028322440087146,
      0.4008714596949891,
      0.2962962962962963
    ],
    [
      0.6339869281045751,
      0.9411764705882353,
      0.0,
      0.6209150326797386,
      0.4444444444444444,
      0.4444444444444444,
      0.4444444444444444,
      0.4836601307189542,
      0.3028322440087146,
      0.4008714596949891,
      0.2962962962962963
    ],
    [
      0.4008714596949891,
      0.6013071895424836,
      0.6209150326797386,
      0.0,
      0.4444444444444444,
      0.4444444444444444,
      0.4444444444444444,
      0.4611111111111111,
      0.2962962962962963,
      0.433048433048433,
      0.2962962962962963
    ],
    [
      0.2962962962962963,
      0.4444444444444444,
      0.4444444444444444,
      0.4444444444444444,
      0.0,
      0.6451612903225806,
      0.6129032258064516,
      0.5806451612903226,
      0.4166666666666667,
      0.3333333333333333,
      0.40860215053763443
    ],
    [
      0.2962962962962963,
      0.4444444444444444,
      0.4444444444444444,
      0.4444444444444444,
      0.6451612903225806,
      0.0,
      0.8888888888888888,
      0.5666666666666667,
      0.39166666666666666,
      0.3333333333333333,
      0.5925925925925926
    ],
    [
      0.2962962962962963,
      0.4444444444444444,
      0.4444444444444444,
      0.4444444444444444,
      0.6129032258064516,
      0.8888888888888888,
      0.0,
      0.5666666666666667,
      0.39999999999999997,
      0.3333333333333333,
      0.5925925925925926
    ],
    [
      0.32244008714596945,
      0.4836601307189542,
      0.4836601307189542,
      0.4611111111111111,
      0.5806451612903226,
      0.5666666666666667,
      0.5666666666666667,
      0.0,
      0.3833333333333333,
      0.3333333333333333,
      0.3666666666666667
    ],
    [
      0.30848196152283885,
      0.3028322440087146,
      0.3028322440087146,
      0.2962962962962963,
      0.4166666666666667,
      0.39166666666666666,
      0.39999999999999997,
      0.3833333333333333,
      0.0,
      0.3505154639175258,
      0.40208333333333335
    ],
    [
      0.45861689463872607,
      0.4008714596949891,
      0.4008714596949891,
      0.433048433048433,
      0.3333333333333333,
      0.3333333333333333,
      0.3333333333333333,
      0.3333333333333333,
      0.3505154639175258,
      0.0,
      0.3917525773195876
    ],
    [
      0.3640046296296296,
      0.2962962962962963,
      0.2962962962962963,
      0.2962962962962963,
      0.40860215053763443,
      0.5925925925925926,
      0.5925925925925926,
      0.3666666666666667,
      0.40208333333333335,
      0.3917525773195876,
      0.0
    ]
  ],
  "dendrogram": {
    "name": "",
    "leaf": false,
    "children": [
      {
        "name": "",
        "leaf": false,
        "children": [
          {
            "name": "h101",
            "leaf": true,
            "spectral_index": 0,
            "value": 0.0
          },
          {
            "name": "h100",
            "leaf": true,
            "spectral_index": 4,
            "value": 0.0
          }
        ],
        "value": 0.5766479382307157
      },
      {
        "name": "",
        "leaf": false,
        "children": [
          {
            "name": "h103",
            "leaf": true,
            "spectral_index": 3,
            "value": 0.0
          },
          {
            "name": "",
            "leaf": false,
            "children": [
              {
                "name": "h104",
                "leaf": true,
                "spectral_index": 5,
                "value": 0.0
              },
              {
                "name": "",
                "leaf": false,
                "children": [
                  {
                    "name": "h107",
                    "leaf": true,
                    "spectral_index": 1,
                    "value": 0.0
                  },
                  {
                    "name": "h108",
                    "leaf": true,
                    "spectral_index": 2,
                    "value": 0.0
                  }
                ],
                "value": 0.42867383512544804
              }
            ],
            "value": 0.5510354440461968
          }
        ],
        "value": 0.6039351851851852
      }
    ],
    "value": 0.6412632442095368
  },
  "schema": {
    "name": "",
    "children": [
      {
        "name": "arrangement",
        "type": "scalar"
      },
      {
        "name": "description",
        "type": "scalar"
      },
      {
        "name": "horizontal_subgrids",
        "type": "scalar"
      },
      {
        "name": "ui_label",
        "type": "scalar"
      },
      {
        "name": "validation_key",
        "type": "scalar"
      }
    ]
  }
}