{
  "stem": "Horizontal_Computational_Grids",
  "singular": "Horizontal Grid",
  "endpoint": "horizontal_computational_grid",
  "count": 32,
  "method": "field-level | link: field-level (links uninformative) | order: spectral graph components",
  "entries": [
    {
      "id": "h118",
      "label": "h118",
      "spectral_rank": 0
    },
    {
      "id": "h122",
      "label": "h122",
      "spectral_rank": 1
    },
    {
      "id": "h115",
      "label": "h115",
      "spectral_rank": 2
    },
    {
      "id": "h111",
      "label": "h111",
      "spectral_rank": 3
    },
    {
      "id": "h102",
      "label": "h102",
      "spectral_rank": 4
    },
    {
      "id": "h117",
      "label": "h117",
      "spectral_rank": 5
    },
    {
      "id": "h110",
      "label": "h110",
      "spectral_rank": 6
    },
    {
      "id": "h119",
      "label": "h119",
      "spectral_rank": 7
    },
    {
      "id": "h120",
      "label": "h120",
      "spectral_rank": 8
    },
    {
      "id": "h113",
      "label": "h113",
      "spectral_rank": 9
    },
    {
      "id": "h114",
      "label": "h114",
      "spectral_rank": 10
    },
    {
      "id": "h130",
      "label": "h130",
      "spectral_rank": 11
    },
    {
      "id": "h129",
      "label": "h129",
      "spectral_rank": 12
    },
    {
      "id": "h109",
      "label": "h109",
      "spectral_rank": 13
    },
    {
      "id": "h128",
      "label": "h128",
      "spectral_rank": 14
    },
    {
      "id": "h127",
      "label": "h127",
      "spectral_rank": 15
    },
    {
      "id": "h112",
      "label": "h112",
      "spectral_rank": 16
    },
    {
      "id": "h124",
      "label": "h124",
      "spectral_rank": 17
    },
    {
      "id": "h106",
      "label": "h106",
      "spectral_rank": 18
    },
    {
      "id": "h105",
      "label": "h105",
      "spectral_rank": 19
    },
    {
      "id": "h104",
      "label": "h104",
      "spectral_rank": 20
    },
    {
      "id": "h123",
      "label": "h123",
      "spectral_rank": 21
    },
    {
      "id": "h107",
      "label": "h107",
      "spectral_rank": 22
    },
    {
      "id": "no-horizontal",
      "label": "no-horizontal",
      "spectral_rank": 23
    },
    {
      "id": "h108",
      "label": "h108",
      "spectral_rank": 24
    },
    {
      "id": "h100",
      "label": "h100",
      "spectral_rank": 25
    },
    {
      "id": "h126",
      "label": "h126",
      "spectral_rank": 26
    },
    {
      "id": "h116",
      "label": "h116",
      "spectral_rank": 27
    },
    {
      "id": "h121",
      "label": "h121",
      "spectral_rank": 28
    },
    {
      "id": "h101",
      "label": "h101",
      "spectral_rank": 29
    },
    {
      "id": "h125",
      "label": "h125",
      "spectral_rank": 30
    },
    {
      "id": "h103",
      "label": "h103",
      "spectral_rank": 31
    }
  ],
  "link_matrix": [
    [
      0.0,
      0.9607843137254901,
      0.9607843137254901,
      0.9411764705882353,
      0.9411764705882353,
      0.9411764705882353,
      0.9509803921568627,
      0.9411764705882353,
      0.9607843137254901,
      0.9411764705882353,
      0.6993464052287581,
      0.6568627450980392,
      0.6568627450980392,
      0.6013071895424836,
      0.2962962962962963,
      0.2962962962962963,
      0.4640522875816993,
      0.5098039215686274,
      0.4444444444444444,
      0.4444444444444444,
      0.2962962962962963,
      0.6274509803921569,
      0.4444444444444444,
      0.0,
      0.4836601307189542,
      0.4008714596949891,
      0.5904139433551198,
      0.6470588235294118,
      0.2962962962962963,
      0.477124183006536,
      0.4008714596949891,
      0.3028322440087146
    ],
    [
      0.9607843137254901,
      0.0,
      0.9411764705882353,
      0.9509803921568627,
      0.9509803921568627,
      0.9411764705882353,
      0.9411764705882353,
      0.9411764705882353,
      0.9509803921568627,
      0.9411764705882353,
      0.6993464052287581,
      0.6568627450980392,
      0.6568627450980392,
      0.6013071895424836,
      0.2962962962962963,
      0.2962962962962963,
      0.4640522875816993,
      0.5098039215686274,
      0.4444444444444444,
      0.4444444444444444,
      0.2962962962962963,
      0.6274509803921569,
      0.4444444444444444,
      0.0,
      0.4836601307189542,
      0.4008714596949891,
      0.5904139433551198,
      0.6339869281045751,
      0.2962962962962963,
      0.4803921568627451,
      0.4074074074074074,
      0.3028322440087146
    ],
    [
      0.9607843137254901,
      0.9411764705882353,
      0.0,
      0.9411764705882353,
      0.9411764705882353,
      0.9705882352941176,
      0.9509803921568627,
      0.9509803921568627,
      0.9509803921568627,
      0.9411764705882353,
      0.6993464052287581,
      0.6666666666666666,
      0.6568627450980392,
      0.6013071895424836,
      0.2962962962962963,
      0.2962962962962963,
      0.4640522875816993,
      0.5098039215686274,
      0.4444444444444444,
      0.4444444444444444,
      0.2962962962962963,
      0.6274509803921569,
      0.4444444444444444,
      0.0,
      0.4836601307189542,
      0.4008714596949891,
      0.596949891067538,
      0.6339869281045751,
      0.2962962962962963,
      0.477124183006536,
      0.4008714596949891,
      0.3028322440087146
    ],
    [
      0.9411764705882353,
      0.9509803921568627,
      0.9411764705882353,
      0.0,
      0.9607843137254901,
      0.9509803921568627,
      0.9607843137254901,
      0.9607843137254901,
      0.9411764705882353,
      0.9411764705882353,
      0.6993464052287581,
      0.6568627450980392,
      0.6568627450980392,
      0.611111111111111,
      0.2962962962962963,
      0.2962962962962963,
      0.4640522875816993,
      0.5098039215686274,
      0.4444444444444444,
      0.4444444444444444,
      0.2962962962962963,
      0.6274509803921569,
      0.4444444444444444,
      0.0,
      0.4836601307189542,
      0.4008714596949891,
      0.5904139433551198,
      0.6274509803921569,
      0.2962962962962963,
      0.477124183006536,
      0.4008714596949891,
      0.3028322440087146
    ],
    [
      0.9411764705882353,
      0.9509803921568627,
      0.9411764705882353,
      0.9607843137254901,
      0.0,
      0.9411764705882353,
      0.9411764705882353,
      0.9509803921568627,
      0.9411764705882353,
      0.9705882352941176,
      0.6993464052287581,
      0.6568627450980392,
      0.6568627450980392,
      0.611111111111111,
      0.2962962962962963,
      0.2962962962962963,
      0.4640522875816993,
      0.5098039215686274,
      0.4444444444444444,
      0.4444444444444444,
      0.2962962962962963,
      0.6274509803921569,
      0.4444444444444444,
      0.0,
      0.4836601307189542,
      0.4074074074074074,
      0.5904139433551198,
      0.6274509803921569,
      0.2962962962962963,
      0.48366013071895425,
      0.4008714596949891,
      0.3028322440087146
    ],
    [
      0.9411764705882353,
      0.9411764705882353,
      0.9705882352941176,
      0.9509803921568627,
      0.9411764705882353,
      0.0,
      0.9411764705882353,
      0.9607843137254901,
      0.9411764705882353,
      0.9607843137254901,
      0.6993464052287581,
      0.6764705882352942,
      0.6568627450980392,
      0.6013071895424836,
      0.2962962962962963,
      0.2962962962962963,
      0.4640522875816993,
      0.5098039215686274,
      0.4444444444444444,
      0.4444444444444444,
      0.2962962962962963,
      0.6274509803921569,
      0.4444444444444444,
      0.0,
      0.4836601307189542,
      0.4008714596949891,
      0.5904139433551198,
      0.6274509803921569,
      0.2962962962962963,
      0.477124183006536,
      0.4008714596949891,
      0.3028322440087146
    ],
    [
      0.9509803921568627,
      0.9411764705882353,
      0.9509803921568627,
      0.9607843137254901,
      0.9411764705882353,
      0.9411764705882353,
      0.0,
      0.9411764705882353,
      0.9411764705882353,
      0.9411764705882353,
      0.6993464052287581,
      0.6568627450980392,
      0.6666666666666666,
      0.6013071895424836,
      0.2962962962962963,
      0.2962962962962963,
      0.4640522875816993,
      0.5098039215686274,
      0.4444444444444444,
      0.4444444444444444,
      0.2962962962962963,
      0.6274509803921569,
      0.4444444444444444,
      0.0,
      0.4836601307189542,
      0.4008714596949891,
      0.596949891067538,
      0.6274509803921569,
      0.2962962962962963,
      0.4803921568627451,
      0.4008714596949891,
      0.3028322440087146
    ],
    [
      0.9411764705882353,
      0.9411764705882353,
      0.9509803921568627,
      0.9607843137254901,
      0.9509803921568627,
      0.9607843137254901,
      0.9411764705882353,
      0.0,
      0.9411764705882353,
      0.9411764705882353,
      0.7189542483660131,
      0.6568627450980392,
      0.6666666666666666,
      0.6013071895424836,
      0.2962962962962963,
      0.2962962962962963,
      0.4640522875816993,
      0.5098039215686274,
      0.4444444444444444,
      0.4444444444444444,
      0.2962962962962963,
      0.6274509803921569,
      0.4444444444444444,
      0.0,
      0.4836601307189542,
      0.4008714596949891,
      0.5904139433551198,
      0.6339869281045751,
      0.2962962962962963,
      0.477124183006536,
      0.4008714596949891,
      0.3028322440087146
    ],
    [
      0.9607843137254901,
      0.9509803921568627,
      0.9509803921568627,
      0.9411764705882353,
      0.9411764705882353,
      0.9411764705882353,
      0.9411764705882353,
      0.9411764705882353,
      0.0,
      0.9411764705882353,
      0.6993464052287581,
      0.6666666666666666,
      0.6666666666666666,
      0.6013071895424836,
      0.2962962962962963,
      0.2962962962962963,
      0.4640522875816993,
      0.5098039215686274,
      0.4444444444444444,
      0.4444444444444444,
      0.2962962962962963,
      0.6274509803921569,
      0.4444444444444444,
      0.0,
      0.4836601307189542,
      0.4008714596949891,
      0.596949891067538,
      0.6405228758169934,
      0.2962962962962963,
      0.4803921568627451,
      0.4074074074074074,
      0.3028322440087146
    ],
    [
      0.9411764705882353,
      0.9411764705882353,
      0.9411764705882353,
      0.9411764705882353,
      0.9705882352941176,
      0.9607843137254901,
      0.9411764705882353,
      0.9411764705882353,
      0.9411764705882353,
      0.0,
      0.7091503267973855,
      0.6666666666666666,
      0.6568627450980392,
      0.611111111111111,
      0.2962962962962963,
      0.2962962962962963,
      0.4640522875816993,
      0.5098039215686274,
      0.4444444444444444,
      0.4444444444444444,
      0.2962962962962963,
      0.6339869281045751,
      0.4444444444444444,
      0.0,
      0.4836601307189542,
      0.4139433551198257,
      0.5904139433551198,
      0.6274509803921569,
      0.2962962962962963,
      0.48366013071895425,
      0.4008714596949891,
      0.3028322440087146
    ],
    [
      0.6993464052287581,
      0.6993464052287581,
      0.6993464052287581,
      0.6993464052287581,
      0.6993464052287581,
      0.6993464052287581,
      0.6993464052287581,
      0.7189542483660131,
      0.6993464052287581,
      0.7091503267973855,
      0.0,
      0.6304909560723514,
      0.6421188630490956,
      0.686046511627907,
      0.2962962962962963,
      0.2962962962962963,
      0.4560723514211886,
      0.4444444444444444,
      0.4444444444444444,
      0.4444444444444444,
      0.2962962962962963,
      0.4727668845315904,
      0.4444444444444444,
      0.0,
      0.49095607235142114,
      0.43583118001722654,
      0.4662309368191721,
      0.4727668845315904,
      0.2962962962962963,
      0.38126361655773416,
      0.4573643410852713,
      0.2962962962962963
    ],
    [
      0.6568627450980392,
      0.6568627450980392,
      0.6666666666666666,
      0.6568627450980392,
      0.6568627450980392,
      0.6764705882352942,
      0.6568627450980392,
      0.6568627450980392,
      0.6666666666666666,
      0.6666666666666666,
      0.6304909560723514,
      0.0,
      0.95,
      0.8777777777777778,
      0.2962962962962963,
      0.2962962962962963,
      0.45694444444444443,
      0.5,
      0.4444444444444444,
      0.4444444444444444,
      0.2962962962962963,
      0.43790849673202614,
      0.4444444444444444,
      0.0,
      0.4611111111111111,
      0.433048433048433,
      0.4008714596949891,
      0.43790849673202614,
      0.2962962962962963,
      0.3888888888888889,
      0.5851851851851851,
      0.2962962962962963
    ],
    [
      0.6568627450980392,
      0.6568627450980392,
      0.6568627450980392,
      0.6568627450980392,
      0.6568627450980392,
      0.6568627450980392,
      0.6666666666666666,
      0.6666666666666666,
      0.6666666666666666,
      0.6568627450980392,
      0.6421188630490956,
      0.95,
      0.0,
      0.8777777777777778,
      0.2962962962962963,
      0.2962962962962963,
      0.45694444444444443,
      0.5,
      0.4444444444444444,
      0.4444444444444444,
      0.2962962962962963,
      0.43790849673202614,
      0.4444444444444444,
      0.0,
      0.4611111111111111,
      0.433048433048433,
      0.4074074074074074,
      0.4444444444444444,
      0.2962962962962963,
      0.3856209150326797,
      0.5851851851851851,
      0.2962962962962963
    ],
    [
      0.6013071895424836,
      0.6013071895424836,
      0.6013071895424836,
      0.611111111111111,
      0.611111111111111,
      0.6013071895424836,
      0.6013071895424836,
      0.6013071895424836,
      0.6013071895424836,
      0.611111111111111,
      0.686046511627907,
      0.8777777777777778,
      0.8777777777777778,
      0.0,
      0.2962962962962963,
      0.2962962962962963,
      0.45694444444444443,
      0.4444444444444444,
      0.4444444444444444,
      0.4444444444444444,
      0.2962962962962963,
      0.4008714596949891,
      0.4444444444444444,
      0.0,
      0.4611111111111111,
      0.433048433048433,
      0.4074074074074074,
      0.4008714596949891,
      0.2962962962962963,
      0.34858387799564267,
      0.6222222222222222,
      0.2962962962962963
    ],
    [
      0.2962962962962963,
      0.2962962962962963,
      0.2962962962962963,
      0.2962962962962963,
      0.2962962962962963,
      0.2962962962962963,
      0.2962962962962963,
      0.2962962962962963,
      0.2962962962962963,
      0.2962962962962963,
      0.2962962962962963,
      0.2962962962962963,
      0.2962962962962963,
      0.2962962962962963,
      0.0,
      0.9629629629629629,
      0.39166666666666666,
      0.35462962962962963,
      0.5925925925925926,
      0.5925925925925926,
      0.6296296296296297,
      0.30864197530864196,
      0.40860215053763443,
      0.005813953488372093,
      0.3666666666666667,
      0.3367697594501718,
      0.39215686274509803,
      0.29726953230602865,
      0.5958929226255959,
      0.2962962962962963,
      0.3962962962962963,
      0.4064814814814815
    ],
    [
      0.2962962962962963,
      0.2962962962962963,
      0.2962962962962963,
      0.2962962962962963,
      0.2962962962962963,
      0.2962962962962963,
      0.2962962962962963,
      0.2962962962962963,
      0.2962962962962963,
      0.2962962962962963,
      0.2962962962962963,
      0.2962962962962963,
      0.2962962962962963,
      0.2962962962962963,
      0.9629629629629629,
      0.0,
      0.39166666666666666,
      0.35462962962962963,
      0.5925925925925926,
      0.5925925925925926,
      0.5925925925925926,
      0.30864197530864196,
      0.40860215053763443,
      0.005813953488372093,
      0.3666666666666667,
      0.3367697594501718,
      0.39215686274509803,
      0.29726953230602865,
      0.5958929226255959,
      0.2962962962962963,
      0.3962962962962963,
      0.4064814814814815
    ],
    [
      0.4640522875816993,
      0.4640522875816993,
      0.4640522875816993,
      0.4640522875816993,
      0.4640522875816993,
      0.4640522875816993,
      0.4640522875816993,
      0.4640522875816993,
      0.4640522875816993,
      0.4640522875816993,
      0.4560723514211886,
      0.45694444444444443,
      0.45694444444444443,
      0.45694444444444443,
      0.39166666666666666,
      0.39166666666666666,
      0.0,
      0.9194444444444444,
      0.5875,
      0.5875,
      0.39166666666666666,
      0.3093681917211329,
      0.625,
      0.0,
      0.575,
      0.3416666666666666,
      0.34640522875817,
      0.3093681917211329,
      0.39166666666666666,
      0.3028322440087146,
      0.30462962962962964,
      0.65
    ],
    [
      0.5098039215686274,
      0.5098039215686274,
      0.5098039215686274,
      0.5098039215686274,
      0.5098039215686274,
      0.5098039215686274,
      0.5098039215686274,
      0.5098039215686274,
      0.5098039215686274,
      0.5098039215686274,
      0.4444444444444444,
      0.5,
      0.5,
      0.4444444444444444,
      0.35462962962962963,
      0.35462962962962963,
      0.9194444444444444,
      0.0,
      0.5319444444444444,
      0.5319444444444444,
      0.35462962962962963,
      0.3398692810457516,
      0.5694444444444444,
      0.0,
      0.5194444444444444,
      0.2962962962962963,
      0.3028322440087146,
      0.3398692810457516,
      0.35462962962962963,
      0.33660130718954245,
      0.2962962962962963,
      0.6129629629629629
    ],
    [
      0.4444444444444444,
      0.4444444444444444,
      0.4444444444444444,
      0.4444444444444444,
      0.4444444444444444,
      0.4444444444444444,
      0.4444444444444444,
      0.4444444444444444,
      0.4444444444444444,
      0.4444444444444444,
      0.4444444444444444,
      0.4444444444444444,
      0.4444444444444444,
      0.4444444444444444,
      0.5925925925925926,
      0.5925925925925926,
      0.5875,
      0.5319444444444444,
      0.0,
      0.8888888888888888,
      0.5925925925925926,
      0.2962962962962963,
      0.6451612903225806,
      0.0,
      0.5666666666666667,
      0.3333333333333333,
      0.3333333333333333,
      0.2962962962962963,
      0.5925925925925926,
      0.2962962962962963,
      0.2962962962962963,
      0.39166666666666666
    ],
    [
      0.4444444444444444,
      0.4444444444444444,
      0.4444444444444444,
      0.4444444444444444,
      0.4444444444444444,
      0.4444444444444444,
      0.4444444444444444,
      0.4444444444444444,
      0.4444444444444444,
      0.4444444444444444,
      0.4444444444444444,
      0.4444444444444444,
      0.4444444444444444,
      0.4444444444444444,
      0.5925925925925926,
      0.5925925925925926,
      0.5875,
      0.5319444444444444,
      0.8888888888888888,
      0.0,
      0.5925925925925926,
      0.2962962962962963,
      0.6129032258064516,
      0.0,
      0.5666666666666667,
      0.3333333333333333,
      0.3333333333333333,
      0.2962962962962963,
      0.5925925925925926,
      0.2962962962962963,
      0.2962962962962963,
      0.39999999999999997
    ],
    [
      0.2962962962962963,
      0.2962962962962963,
      0.2962962962962963,
      0.2962962962962963,
      0.2962962962962963,
      0.2962962962962963,
      0.2962962962962963,
      0.2962962962962963,
      0.2962962962962963,
      0.2962962962962963,
      0.2962962962962963,
      0.2962962962962963,
      0.2962962962962963,
      0.2962962962962963,
      0.6296296296296297,
      0.5925925925925926,
      0.39166666666666666,
      0.35462962962962963,
      0.5925925925925926,
      0.5925925925925926,
      0.0,
      0.30671296296296297,
      0.40860215053763443,
      0.00390625,
      0.3666666666666667,
      0.3917525773195876,
      0.3385416666666667,
      0.3001892403352257,
      0.5958929226255959,
      0.3333333333333333,
      0.2962962962962963,
      0.40208333333333335
    ],
    [
      0.6274509803921569,
      0.6274509803921569,
      0.6274509803921569,
      0.6274509803921569,
      0.6274509803921569,
      0.6274509803921569,
      0.6274509803921569,
      0.6274509803921569,
      0.6274509803921569,
      0.6339869281045751,
      0.4727668845315904,
      0.43790849673202614,
      0.43790849673202614,
      0.4008714596949891,
      0.30864197530864196,
      0.30864197530864196,
      0.3093681917211329,
      0.3398692810457516,
      0.2962962962962963,
      0.2962962962962963,
      0.30671296296296297,
      0.0,
      0.2962962962962963,
      0.023255813953488372,
      0.32244008714596945,
      0.4173797812366642,
      0.6198257080610022,
      0.6414961118267258,
      0.2962962962962963,
      0.4799731858555388,
      0.4142047930283224,
      0.31023965141612203
    ],
    [
      0.4444444444444444,
      0.4444444444444444,
      0.4444444444444444,
      0.4444444444444444,
      0.4444444444444444,
      0.4444444444444444,
      0.4444444444444444,
      0.4444444444444444,
      0.4444444444444444,
      0.4444444444444444,
      0.4444444444444444,
      0.4444444444444444,
      0.4444444444444444,
      0.4444444444444444,
      0.40860215053763443,
      0.40860215053763443,
      0.625,
      0.5694444444444444,
      0.6451612903225806,
      0.6129032258064516,
      0.40860215053763443,
      0.2962962962962963,
      0.0,
      0.0,
      0.5806451612903226,
      0.3333333333333333,
      0.3333333333333333,
      0.2962962962962963,
      0.40860215053763443,
      0.2962962962962963,
      0.2962962962962963,
      0.4166666666666667
    ],
    [
      0.0,
      0.0,
      0.0,
      0.0,
      0.0,
      0.0,
      0.0,
      0.0,
      0.0,
      0.0,
      0.0,
      0.0,
      0.0,
      0.0,
      0.005813953488372093,
      0.005813953488372093,
      0.0,
      0.0,
      0.0,
      0.0,
      0.00390625,
      0.023255813953488372,
      0.0,
      0.0,
      0.0,
      0.0,
      0.005813953488372093,
      0.0018248175182481751,
      0.007425742574257425,
      0.0,
      0.015,
      0.005555555555555556
    ],
    [
      0.4836601307189542,
      0.4836601307189542,
      0.4836601307189542,
      0.4836601307189542,
      0.4836601307189542,
      0.4836601307189542,
      0.4836601307189542,
      0.4836601307189542,
      0.4836601307189542,
      0.4836601307189542,
      0.49095607235142114,
      0.4611111111111111,
      0.4611111111111111,
      0.4611111111111111,
      0.3666666666666667,
      0.3666666666666667,
      0.575,
      0.5194444444444444,
      0.5666666666666667,
      0.5666666666666667,
      0.3666666666666667,
      0.32244008714596945,
      0.5806451612903226,
      0.0,
      0.0,
      0.3333333333333333,
      0.35947712418300654,
      0.32244008714596945,
      0.3666666666666667,
      0.3093681917211329,
      0.3074074074074074,
      0.3833333333333333
    ],
    [
      0.4008714596949891,
      0.4008714596949891,
      0.4008714596949891,
      0.4008714596949891,
      0.4074074074074074,
      0.4008714596949891,
      0.4008714596949891,
      0.4008714596949891,
      0.4008714596949891,
      0.4139433551198257,
      0.43583118001722654,
      0.433048433048433,
      0.433048433048433,
      0.433048433048433,
      0.3367697594501718,
      0.3367697594501718,
      0.3416666666666666,
      0.2962962962962963,
      0.3333333333333333,
      0.3333333333333333,
      0.3917525773195876,
      0.4173797812366642,
      0.3333333333333333,
      0.0,
      0.3333333333333333,
      0.0,
      0.4447813489657031,
      0.4108137334414706,
      0.35313531353135313,
      0.39785486844310375,
      0.44679413751578695,
      0.3505154639175258
    ],
    [
      0.5904139433551198,
      0.5904139433551198,
      0.596949891067538,
      0.5904139433551198,
      0.5904139433551198,
      0.5904139433551198,
      0.596949891067538,
      0.5904139433551198,
      0.596949891067538,
      0.5904139433551198,
      0.4662309368191721,
      0.4008714596949891,
      0.4074074074074074,
      0.4074074074074074,
      0.39215686274509803,
      0.39215686274509803,
      0.34640522875817,
      0.3028322440087146,
      0.3333333333333333,
      0.3333333333333333,
      0.3385416666666667,
      0.6198257080610022,
      0.3333333333333333,
      0.005813953488372093,
      0.35947712418300654,
      0.4447813489657031,
      0.0,
      0.5913871793648521,
      0.33993399339933994,
      0.4486341545165075,
      0.46087145969498905,
      0.35468409586056643
    ],
    [
      0.6470588235294118,
      0.6339869281045751,
      0.6339869281045751,
      0.6274509803921569,
      0.6274509803921569,
      0.6274509803921569,
      0.6274509803921569,
      0.6339869281045751,
      0.6405228758169934,
      0.6274509803921569,
      0.4727668845315904,
      0.43790849673202614,
      0.4444444444444444,
      0.4008714596949891,
      0.29726953230602865,
      0.29726953230602865,
      0.3093681917211329,
      0.3398692810457516,
      0.2962962962962963,
      0.2962962962962963,
      0.3001892403352257,
      0.6414961118267258,
      0.2962962962962963,
      0.0018248175182481751,
      0.32244008714596945,
      0.4108137334414706,
      0.5913871793648521,
      0.0,
      0.29970262233035955,
      0.48199036305519777,
      0.40233131370958763,
      0.30429209802331314
    ],
    [
      0.2962962962962963,
      0.2962962962962963,
      0.2962962962962963,
      0.2962962962962963,
      0.2962962962962963,
      0.2962962962962963,
      0.2962962962962963,
      0.2962962962962963,
      0.2962962962962963,
      0.2962962962962963,
      0.2962962962962963,
      0.2962962962962963,
      0.2962962962962963,
      0.2962962962962963,
      0.5958929226255959,
      0.5958929226255959,
      0.39166666666666666,
      0.35462962962962963,
      0.5925925925925926,
      0.5925925925925926,
      0.5958929226255959,
      0.2962962962962963,
      0.40860215053763443,
      0.007425742574257425,
      0.3666666666666667,
      0.35313531353135313,
      0.33993399339933994,
      0.29970262233035955,
      0.0,
      0.30484330484330485,
      0.3028969563623029,
      0.4099009900990099
    ],
    [
      0.477124183006536,
      0.4803921568627451,
      0.477124183006536,
      0.477124183006536,
      0.48366013071895425,
      0.477124183006536,
      0.4803921568627451,
      0.477124183006536,
      0.4803921568627451,
      0.48366013071895425,
      0.38126361655773416,
      0.3888888888888889,
      0.3856209150326797,
      0.34858387799564267,
      0.2962962962962963,
      0.2962962962962963,
      0.3028322440087146,
      0.33660130718954245,
      0.2962962962962963,
      0.2962962962962963,
      0.3333333333333333,
      0.4799731858555388,
      0.2962962962962963,
      0.0,
      0.3093681917211329,
      0.39785486844310375,
      0.4486341545165075,
      0.48199036305519777,
      0.30484330484330485,
      0.0,
      0.35143288084464547,
      0.3024132730015083
    ],
    [
      0.4008714596949891,
      0.4074074074074074,
      0.4008714596949891,
      0.4008714596949891,
      0.4008714596949891,
      0.4008714596949891,
      0.4008714596949891,
      0.4008714596949891,
      0.4074074074074074,
      0.4008714596949891,
      0.4573643410852713,
      0.5851851851851851,
      0.5851851851851851,
      0.6222222222222222,
      0.3962962962962963,
      0.3962962962962963,
      0.30462962962962964,
      0.2962962962962963,
      0.2962962962962963,
      0.2962962962962963,
      0.2962962962962963,
      0.4142047930283224,
      0.2962962962962963,
      0.015,
      0.3074074074074074,
      0.44679413751578695,
      0.46087145969498905,
      0.40233131370958763,
      0.3028969563623029,
      0.35143288084464547,
      0.0,
      0.3296296296296296
    ],
    [
      0.3028322440087146,
      0.3028322440087146,
      0.3028322440087146,
      0.3028322440087146,
      0.3028322440087146,
      0.3028322440087146,
      0.3028322440087146,
      0.3028322440087146,
      0.3028322440087146,
      0.3028322440087146,
      0.2962962962962963,
      0.2962962962962963,
      0.2962962962962963,
      0.2962962962962963,
      0.4064814814814815,
      0.4064814814814815,
      0.65,
      0.6129629629629629,
      0.39166666666666666,
      0.39999999999999997,
      0.40208333333333335,
      0.31023965141612203,
      0.4166666666666667,
      0.005555555555555556,
      0.3833333333333333,
      0.3505154639175258,
      0.35468409586056643,
      0.30429209802331314,
      0.4099009900990099,
      0.3024132730015083,
      0.3296296296296296,
      0.0
    ]
  ],
  "text_matrix": [
    [
      0.0,
      0.9607843137254901,
      0.9607843137254901,
      0.9411764705882353,
      0.9411764705882353,
      0.9411764705882353,
      0.9509803921568627,
      0.9411764705882353,
      0.9607843137254901,
      0.9411764705882353,
      0.6993464052287581,
      0.6568627450980392,
      0.6568627450980392,
      0.6013071895424836,
      0.2962962962962963,
      0.2962962962962963,
      0.4640522875816993,
      0.5098039215686274,
      0.4444444444444444,
      0.4444444444444444,
      0.2962962962962963,
      0.6274509803921569,
      0.4444444444444444,
      0.0,
      0.4836601307189542,
      0.4008714596949891,
      0.5904139433551198,
      0.6470588235294118,
      0.2962962962962963,
      0.477124183006536,
      0.4008714596949891,
      0.3028322440087146
    ],
    [
      0.9607843137254901,
      0.0,
      0.9411764705882353,
      0.9509803921568627,
      0.9509803921568627,
      0.9411764705882353,
      0.9411764705882353,
      0.9411764705882353,
      0.9509803921568627,
      0.9411764705882353,
      0.6993464052287581,
      0.6568627450980392,
      0.6568627450980392,
      0.6013071895424836,
      0.2962962962962963,
      0.2962962962962963,
      0.4640522875816993,
      0.5098039215686274,
      0.4444444444444444,
      0.4444444444444444,
      0.2962962962962963,
      0.6274509803921569,
      0.4444444444444444,
      0.0,
      0.4836601307189542,
      0.4008714596949891,
      0.5904139433551198,
      0.6339869281045751,
      0.2962962962962963,
      0.4803921568627451,
      0.4074074074074074,
      0.3028322440087146
    ],
    [
      0.9607843137254901,
      0.9411764705882353,
      0.0,
      0.9411764705882353,
      0.9411764705882353,
      0.9705882352941176,
      0.9509803921568627,
      0.9509803921568627,
      0.9509803921568627,
      0.9411764705882353,
      0.6993464052287581,
      0.6666666666666666,
      0.6568627450980392,
      0.6013071895424836,
      0.2962962962962963,
      0.2962962962962963,
      0.4640522875816993,
      0.5098039215686274,
      0.4444444444444444,
      0.4444444444444444,
      0.2962962962962963,
      0.6274509803921569,
      0.4444444444444444,
      0.0,
      0.4836601307189542,
      0.4008714596949891,
      0.596949891067538,
      0.6339869281045751,
      0.2962962962962963,
      0.477124183006536,
      0.4008714596949891,
      0.3028322440087146
    ],
    [
      0.9411764705882353,
      0.9509803921568627,
      0.9411764705882353,
      0.0,
      0.9607843137254901,
      0.9509803921568627,
      0.9607843137254901,
      0.9607843137254901,
      0.9411764705882353,
      0.9411764705882353,
      0.6993464052287581,
      0.6568627450980392,
      0.6568627450980392,
      0.611111111111111,
      0.2962962962962963,
      0.2962962962962963,
      0.4640522875816993,
      0.5098039215686274,
      0.4444444444444444,
      0.4444444444444444,
      0.2962962962962963,
      0.6274509803921569,
      0.4444444444444444,
      0.0,
      0.4836601307189542,
      0.4008714596949891,
      0.5904139433551198,
      0.6274509803921569,
      0.2962962962962963,
      0.477124183006536,
      0.4008714596949891,
      0.3028322440087146
    ],
    [
      0.9411764705882353,
      0.9509803921568627,
      0.9411764705882353,
      0.9607843137254901,
      0.0,
      0.9411764705882353,
      0.9411764705882353,
      0.9509803921568627,
      0.9411764705882353,
      0.9705882352941176,
      0.6993464052287581,
      0.6568627450980392,
      0.6568627450980392,
      0.611111111111111,
      0.2962962962962963,
      0.2962962962962963,
      0.4640522875816993,
      0.5098039215686274,
      0.4444444444444444,
      0.4444444444444444,
      0.2962962962962963,
      0.6274509803921569,
      0.4444444444444444,
      0.0,
      0.4836601307189542,
      0.4074074074074074,
      0.5904139433551198,
      0.6274509803921569,
      0.2962962962962963,
      0.48366013071895425,
      0.4008714596949891,
      0.3028322440087146
    ],
    [
      0.9411764705882353,
      0.9411764705882353,
      0.9705882352941176,
      0.9509803921568627,
      0.9411764705882353,
      0.0,
      0.9411764705882353,
      0.9607843137254901,
      0.9411764705882353,
      0.9607843137254901,
      0.6993464052287581,
      0.6764705882352942,
      0.6568627450980392,
      0.6013071895424836,
      0.2962962962962963,
      0.2962962962962963,
      0.4640522875816993,
      0.5098039215686274,
      0.4444444444444444,
      0.4444444444444444,
      0.2962962962962963,
      0.6274509803921569,
      0.4444444444444444,
      0.0,
      0.4836601307189542,
      0.4008714596949891,
      0.5904139433551198,
      0.6274509803921569,
      0.2962962962962963,
      0.477124183006536,
      0.4008714596949891,
      0.3028322440087146
    ],
    [
      0.9509803921568627,
      0.9411764705882353,
      0.9509803921568627,
      0.9607843137254901,
      0.9411764705882353,
      0.9411764705882353,
      0.0,
      0.9411764705882353,
      0.9411764705882353,
      0.9411764705882353,
      0.6993464052287581,
      0.6568627450980392,
      0.6666666666666666,
      0.6013071895424836,
      0.2962962962962963,
      0.2962962962962963,
      0.4640522875816993,
      0.5098039215686274,
      0.4444444444444444,
      0.4444444444444444,
      0.2962962962962963,
      0.6274509803921569,
      0.4444444444444444,
      0.0,
      0.4836601307189542,
      0.4008714596949891,
      0.596949891067538,
      0.6274509803921569,
      0.2962962962962963,
      0.4803921568627451,
      0.4008714596949891,
      0.3028322440087146
    ],
    [
      0.9411764705882353,
      0.9411764705882353,
      0.9509803921568627,
      0.9607843137254901,
      0.9509803921568627,
      0.9607843137254901,
      0.9411764705882353,
      0.0,
      0.9411764705882353,
      0.9411764705882353,
      0.7189542483660131,
      0.6568627450980392,
      0.6666666666666666,
      0.6013071895424836,
      0.2962962962962963,
      0.2962962962962963,
      0.4640522875816993,
      0.5098039215686274,
      0.4444444444444444,
      0.4444444444444444,
      0.2962962962962963,
      0.6274509803921569,
      0.4444444444444444,
      0.0,
      0.4836601307189542,
      0.4008714596949891,
      0.5904139433551198,
      0.6339869281045751,
      0.2962962962962963,
      0.477124183006536,
      0.4008714596949891,
      0.3028322440087146
    ],
    [
      0.9607843137254901,
      0.9509803921568627,
      0.9509803921568627,
      0.9411764705882353,
      0.9411764705882353,
      0.9411764705882353,
      0.9411764705882353,
      0.9411764705882353,
      0.0,
      0.9411764705882353,
      0.6993464052287581,
      0.6666666666666666,
      0.6666666666666666,
      0.6013071895424836,
      0.2962962962962963,
      0.2962962962962963,
      0.4640522875816993,
      0.5098039215686274,
      0.4444444444444444,
      0.4444444444444444,
      0.2962962962962963,
      0.6274509803921569,
      0.4444444444444444,
      0.0,
      0.4836601307189542,
      0.4008714596949891,
      0.596949891067538,
      0.6405228758169934,
      0.2962962962962963,
      0.4803921568627451,
      0.4074074074074074,
      0.3028322440087146
    ],
    [
      0.9411764705882353,
      0.9411764705882353,
      0.9411764705882353,
      0.9411764705882353,
      0.9705882352941176,
      0.9607843137254901,
      0.9411764705882353,
      0.9411764705882353,
      0.9411764705882353,
      0.0,
      0.7091503267973855,
      0.6666666666666666,
      0.6568627450980392,
      0.611111111111111,
      0.2962962962962963,
      0.2962962962962963,
      0.4640522875816993,
      0.5098039215686274,
      0.4444444444444444,
      0.4444444444444444,
      0.2962962962962963,
      0.6339869281045751,
      0.4444444444444444,
      0.0,
      0.4836601307189542,
      0.4139433551198257,
      0.5904139433551198,
      0.6274509803921569,
      0.2962962962962963,
      0.48366013071895425,
      0.4008714596949891,
      0.3028322440087146
    ],
    [
      0.6993464052287581,
      0.6993464052287581,
      0.6993464052287581,
      0.6993464052287581,
      0.6993464052287581,
      0.6993464052287581,
      0.6993464052287581,
      0.7189542483660131,
      0.6993464052287581,
      0.7091503267973855,
      0.0,
      0.6304909560723514,
      0.6421188630490956,
      0.686046511627907,
      0.2962962962962963,
      0.2962962962962963,
      0.4560723514211886,
      0.4444444444444444,
      0.4444444444444444,
      0.4444444444444444,
      0.2962962962962963,
      0.4727668845315904,
      0.4444444444444444,
      0.0,
      0.49095607235142114,
      0.43583118001722654,
      0.4662309368191721,
      0.4727668845315904,
      0.2962962962962963,
      0.38126361655773416,
      0.4573643410852713,
      0.2962962962962963
    ],
    [
      0.6568627450980392,
      0.6568627450980392,
      0.6666666666666666,
      0.6568627450980392,
      0.6568627450980392,
      0.6764705882352942,
      0.6568627450980392,
      0.6568627450980392,
      0.6666666666666666,
      0.6666666666666666,
      0.6304909560723514,
      0.0,
      0.95,
      0.8777777777777778,
      0.2962962962962963,
      0.2962962962962963,
      0.45694444444444443,
      0.5,
      0.4444444444444444,
      0.4444444444444444,
      0.2962962962962963,
      0.43790849673202614,
      0.4444444444444444,
      0.0,
      0.4611111111111111,
      0.433048433048433,
      0.4008714596949891,
      0.43790849673202614,
      0.2962962962962963,
      0.3888888888888889,
      0.5851851851851851,
      0.2962962962962963
    ],
    [
      0.6568627450980392,
      0.6568627450980392,
      0.6568627450980392,
      0.6568627450980392,
      0.6568627450980392,
      0.6568627450980392,
      0.6666666666666666,
      0.6666666666666666,
      0.6666666666666666,
      0.6568627450980392,
      0.6421188630490956,
      0.95,
      0.0,
      0.8777777777777778,
      0.2962962962962963,
      0.2962962962962963,
      0.45694444444444443,
      0.5,
      0.4444444444444444,
      0.4444444444444444,
      0.2962962962962963,
      0.43790849673202614,
      0.4444444444444444,
      0.0,
      0.4611111111111111,
      0.433048433048433,
      0.4074074074074074,
      0.4444444444444444,
      0.2962962962962963,
      0.3856209150326797,
      0.5851851851851851,
      0.2962962962962963
    ],
    [
      0.6013071895424836,
      0.6013071895424836,
      0.6013071895424836,
      0.611111111111111,
      0.611111111111111,
      0.6013071895424836,
      0.6013071895424836,
      0.6013071895424836,
      0.6013071895424836,
      0.611111111111111,
      0.686046511627907,
      0.8777777777777778,
      0.8777777777777778,
      0.0,
      0.2962962962962963,
      0.2962962962962963,
      0.45694444444444443,
      0.4444444444444444,
      0.4444444444444444,
      0.4444444444444444,
      0.2962962962962963,
      0.4008714596949891,
      0.4444444444444444,
      0.0,
      0.4611111111111111,
      0.433048433048433,
      0.4074074074074074,
      0.4008714596949891,
      0.2962962962962963,
      0.34858387799564267,
      0.6222222222222222,
      0.2962962962962963
    ],
    [
