{
  "stem": "Horizontal_Grid_Cells",
  "singular": "Grid Cell",
  "endpoint": "horizontal_grid_cell",
  "count": 68,
  "method": "field-level | link: field-level (links uninformative) | order: spectral graph components",
  "entries": [
    {
      "id": "g145",
      "label": "g145",
      "spectral_rank": 0
    },
    {
      "id": "g146",
      "label": "g146",
      "spectral_rank": 1
    },
    {
      "id": "g144",
      "label": "g144",
      "spectral_rank": 2
    },
    {
      "id": "g106",
      "label": "g106",
      "spectral_rank": 3
    },
    {
      "id": "g150",
      "label": "g150",
      "spectral_rank": 4
    },
    {
      "id": "g133",
      "label": "g133",
      "spectral_rank": 5
    },
    {
      "id": "g101",
      "label": "g101",
      "spectral_rank": 6
    },
    {
      "id": "g105",
      "label": "g105",
      "spectral_rank": 7
    },
    {
      "id": "g117",
      "label": "g117",
      "spectral_rank": 8
    },
    {
      "id": "g100",
      "label": "g100",
      "spectral_rank": 9
    },
    {
      "id": "g129",
      "label": "g129",
      "spectral_rank": 10
    },
    {
      "id": "g114",
      "label": "g114",
      "spectral_rank": 11
    },
    {
      "id": "g137",
      "label": "g137",
      "spectral_rank": 12
    },
    {
      "id": "g152",
      "label": "g152",
      "spectral_rank": 13
    },
    {
      "id": "g113",
      "label": "g113",
      "spectral_rank": 14
    },
    {
      "id": "g110",
      "label": "g110",
      "spectral_rank": 15
    },
    {
      "id": "g139",
      "label": "g139",
      "spectral_rank": 16
    },
    {
      "id": "g151",
      "label": "g151",
      "spectral_rank": 17
    },
    {
      "id": "g108",
      "label": "g108",
      "spectral_rank": 18
    },
    {
      "id": "g167",
      "label": "g167",
      "spectral_rank": 19
    },
    {
      "id": "g123",
      "label": "g123",
      "spectral_rank": 20
    },
    {
      "id": "g140",
      "label": "g140",
      "spectral_rank": 21
    },
    {
      "id": "g134",
      "label": "g134",
      "spectral_rank": 22
    },
    {
      "id": "g131",
      "label": "g131",
      "spectral_rank": 23
    },
    {
      "id": "g109",
      "label": "g109",
      "spectral_rank": 24
    },
    {
      "id": "g111",
      "label": "g111",
      "spectral_rank": 25
    },
    {
      "id": "g138",
      "label": "g138",
      "spectral_rank": 26
    },
    {
      "id": "g115",
      "label": "g115",
      "spectral_rank": 27
    },
    {
      "id": "g158",
      "label": "g158",
      "spectral_rank": 28
    },
    {
      "id": "g163",
      "label": "g163",
      "spectral_rank": 29
    },
    {
      "id": "g159",
      "label": "g159",
      "spectral_rank": 30
    },
    {
      "id": "g161",
      "label": "g161",
      "spectral_rank": 31
    },
    {
      "id": "g166",
      "label": "g166",
      "spectral_rank": 32
    },
    {
      "id": "g165",
      "label": "g165",
      "spectral_rank": 33
    },
    {
      "id": "g164",
      "label": "g164",
      "spectral_rank": 34
    },
    {
      "id": "g130",
      "label": "g130",
      "spectral_rank": 35
    },
    {
      "id": "g116",
      "label": "g116",
      "spectral_rank": 36
    },
    {
      "id": "g118",
      "label": "g118",
      "spectral_rank": 37
    },
    {
      "id": "g132",
      "label": "g132",
      "spectral_rank": 38
    },
    {
      "id": "g143",
      "label": "g143",
      "spectral_rank": 39
    },
    {
      "id": "g119",
      "label": "g119",
      "spectral_rank": 40
    },
    {
      "id": "g135",
      "label": "g135",
      "spectral_rank": 41
    },
    {
      "id": "g128",
      "label": "g128",
      "spectral_rank": 42
    },
    {
      "id": "g127",
      "label": "g127",
      "spectral_rank": 43
    },
    {
      "id": "g157",
      "label": "g157",
      "spectral_rank": 44
    },
    {
      "id": "g156",
      "label": "g156",
      "spectral_rank": 45
    },
    {
      "id": "g148",
      "label": "g148",
      "spectral_rank": 46
    },
    {
      "id": "g162",
      "label": "g162",
      "spectral_rank": 47
    },
    {
      "id": "g147",
      "label": "g147",
      "spectral_rank": 48
    },
    {
      "id": "g149",
      "label": "g149",
      "spectral_rank": 49
    },
    {
      "id": "g112",
      "label": "g112",
      "spectral_rank": 50
    },
    {
      "id": "g124",
      "label": "g124",
      "spectral_rank": 51
    },
    {
      "id": "g125",
      "label": "g125",
      "spectral_rank": 52
    },
    {
      "id": "g107",
      "label": "g107",
      "spectral_rank": 53
    },
    {
      "id": "g126",
      "label": "g126",
      "spectral_rank": 54
    },
    {
      "id": "g153",
      "label": "g153",
      "spectral_rank": 55
    },
    {
      "id": "g154",
      "label": "g154",
      "spectral_rank": 56
    },
    {
      "id": "g155",
      "label": "g155",
      "spectral_rank": 57
    },
    {
      "id": "g102",
      "label": "g102",
      "spectral_rank": 58
    },
    {
      "id": "g104",
      "label": "g104",
      "spectral_rank": 59
    },
    {
      "id": "g103",
      "label": "g103",
      "spectral_rank": 60
    },
    {
      "id": "g142",
      "label": "g142",
      "spectral_rank": 61
    },
    {
      "id": "g136",
      "label": "g136",
      "spectral_rank": 62
    },
    {
      "id": "g120",
      "label": "g120",
      "spectral_rank": 63
    },
    {
      "id": "g141",
      "label": "g141",
      "spectral_rank": 64
    },
    {
      "id": "g160",
      "label": "g160",
      "spectral_rank": 65
    },
    {
      "id": "g122",
      "label": "g122",
      "spectral_rank": 66
    },
    {
      "id": "g121",
      "label": "g121",
      "spectral_rank": 67
    }
  ],
  "link_matrix": [
    [
      0.0,
      0.8162854030501089,
      0.799074074074074,
      0.6495014245014245,
      0.6495014245014245,
      0.4651477320016646,
      0.38790726817042603,
      0.4972905636873248,
      0.4685746352413019,
      0.4855841909413338,
      0.48614163614163614,
      0.43392646625405246,
      0.49224791412291413,
      0.4959183120166466,
      0.4763893513893514,
      0.4833218277449047,
      0.4870395807895808,
      0.49848241458074916,
      0.47851413543721233,
      0.4709123155905334,
      0.41748849441157126,
      0.4664542633292634,
      0.49848241458074916,
      0.47891150468470056,
      0.47050131492439184,
      0.4789115046847005,
      0.46124592999593,
      0.4656936226166995,
      0.44207215817049283,
      0.4164311325294671,
      0.4164311325294671,
      0.5176068376068377,
      0.509059829059829,
      0.5176068376068377,
      0.509059829059829,
      0.3502564102564102,
      0.3680341880341881,
      0.3680341880341881,
      0.36551892551892556,
      0.3771153846153847,
      0.3848148148148148,
      0.40597883597883605,
      0.3552136752136752,
      0.38495726495726496,
      0.3851282051282051,
      0.3894017094017094,
      0.36429487179487174,
      0.3851282051282051,
      0.36429487179487174,
      0.36376068376068377,
      0.4292948717948718,
      0.38673076923076927,
      0.3856623931623932,
      0.3723076923076923,
      0.3904700854700855,
      0.3685683760683761,
      0.3685683760683761,
      0.3685683760683761,
      0.2866666666666667,
      0.3128205128205128,
      0.3128205128205128,
      0.3484162895927601,
      0.3700435729847494,
      0.3386904761904762,
      0.305982905982906,
      0.440713607380274,
      0.26940035273368607,
      0.370072265437434
    ],
    [
      0.8162854030501089,
      0.0,
      0.7944444444444444,
      0.6374643874643874,
      0.6374643874643874,
      0.4697773616312942,
      0.4021929824561403,
      0.4819059483027094,
      0.4685746352413019,
      0.4902138205709634,
      0.4817843376666906,
      0.4381999705275567,
      0.47976444851444855,
      0.511302927401262,
      0.4644845894845895,
      0.46312952005259694,
      0.47976444851444855,
      0.48309779919613377,
      0.46312952005259694,
      0.4709123155905334,
      0.4328731097961867,
      0.46124592999593,
      0.48309779919613377,
      0.46502261579581167,
      0.4503090072320841,
      0.49557817135136717,
      0.46124592999593,
      0.4503090072320841,
      0.42925164534998,
      0.42925164534998,
      0.42925164534998,
      0.5047863247863248,
      0.5218803418803419,
      0.5047863247863248,
      0.5218803418803419,
      0.36124542124542125,
      0.3552136752136752,
      0.35948717948717945,
      0.356971916971917,
      0.3640120663650075,
      0.407962962962963,
      0.3894444444444444,
      0.3680341880341881,
      0.40632478632478636,
      0.37230769230769234,
      0.37230769230769234,
      0.35948717948717945,
      0.37230769230769234,
      0.3640120663650075,
      0.3640120663650075,
      0.4111010558069382,
      0.37281045751633984,
      0.381860231271996,
      0.3594871794871795,
      0.37281045751633984,
      0.3730618401206636,
      0.3730618401206636,
      0.3730618401206636,
      0.2866666666666667,
      0.3128205128205128,
      0.3128205128205128,
      0.3330316742081448,
      0.37467320261437903,
      0.32440476190476186,
      0.27521367521367524,
      0.451702618369285,
      0.28130511463844793,
      0.35725175261692116
    ],
    [
      0.799074074074074,
      0.7944444444444444,
      0.0,
      0.6339240824534942,
      0.6339240824534942,
      0.48290372328706765,
      0.3809044670499779,
      0.474364470172996,
      0.468846966395986,
      0.5033401822267368,
      0.46898477339653805,
      0.45227739636968844,
      0.4738509720127367,
      0.48153922704932633,
      0.4872825975767152,
      0.47293344162122436,
      0.4692213423831071,
      0.48334918180045755,
      0.4686599373477201,
      0.4878513134118842,
      0.41773987701589504,
      0.4542431288754818,
      0.48334918180045755,
      0.466111940414548,
      0.45483389410991215,
      0.47918383583938456,
      0.4496134992458522,
      0.4505603898364079,
      0.4302571757672751,
      0.4166825151337909,
      0.4166825151337909,
      0.543499245852187,
      0.5352036199095023,
      0.543499245852187,
      0.5352036199095023,
      0.35747468218056455,
      0.35571644042232275,
      0.3647662141779789,
      0.3464856711915535,
      0.38588235294117645,
      0.40415032679738566,
      0.3902614379084967,
      0.36853695324283564,
      0.40280542986425344,
      0.3730618401206637,
      0.381860231271996,
      0.37733534439416794,
      0.3775867269984917,
      0.3775867269984917,
      0.3904072398190046,
      0.41160382101558574,
      0.36451483157365505,
      0.36451483157365505,
      0.3594871794871795,
      0.3602413273001508,
      0.36985671191553543,
      0.36985671191553543,
      0.36985671191553543,
      0.2866666666666667,
      0.3128205128205128,
      0.3128205128205128,
      0.33328305681246856,
      0.3983660130718954,
      0.3293067226890756,
      0.27621920563097035,
      0.4299759789955868,
      0.2584292976449839,
      0.3582572830342163
    ],
    [
      0.6495014245014245,
      0.6374643874643874,
      0.6339240824534942,
      0.0,
      0.9444444444444445,
      0.6129032258064516,
      0.4115928962678188,
      0.5540604905929982,
      0.5035493827160494,
      0.747874149659864,
      0.6158730158730159,
      0.5033702734768272,
      0.613960113960114,
      0.6594766058683584,
      0.6390331890331891,
      0.621904761904762,
      0.6209045584045584,
      0.638963785355538,
      0.621904761904762,
      0.6230335533553355,
      0.6239867659222499,
      0.6173992673992674,
      0.6133227597145122,
      0.6746849942726231,
      0.6241025641025642,
      0.6357961053837342,
      0.6243437118437118,
      0.6241025641025642,
      0.6099656357388316,
      0.5740681998413957,
      0.5612476870208829,
      0.5265508684863524,
      0.5368072787427626,
      0.5778329197684037,
      0.5880893300248139,
      0.37847099137421714,
      0.41501240694789077,
      0.4662944582299421,
      0.38752076512987327,
      0.40347394540942927,
      0.40098566308243716,
      0.4228110599078341,
      0.42142266335814715,
      0.4222497932175351,
      0.3829611248966088,
      0.3792981212336051,
      0.3648958568313407,
      0.3792981212336051,
      0.3648958568313407,
      0.3687420106774945,
      0.36135235732009924,
      0.3915081334436173,
      0.38039702233250616,
      0.33167907361455745,
      0.3829611248966087,
      0.35732009925558317,
      0.3547559966914805,
      0.3547559966914805,
      0.2976190476190476,
      0.32464846980976014,
      0.32464846980976014,
      0.38842866535174225,
      0.4337606837606837,
      0.3511904761904762,
      0.346004780992374,
      0.4496277915632754,
      0.3210656471025134,
      0.47154037029967544
    ],
    [
      0.6495014245014245,
      0.6374643874643874,
      0.6339240824534942,
      0.9444444444444445,
      0.0,
      0.557347670250896,
      0.4592119438868664,
      0.6053425418750495,
      0.559104938271605,
      0.6923185941043085,
      0.6019841269841271,
      0.5546523247588785,
      0.6035434472934473,
      0.7107586571504098,
      0.6223665223665223,
      0.6090842490842492,
      0.676460113960114,
      0.6133227597145122,
      0.6731868131868132,
      0.6785891089108911,
      0.6752688172043011,
      0.6069826007326008,
      0.6646048109965637,
      0.6538516609392898,
      0.6112820512820514,
      0.6913516609392899,
      0.6798992673992674,
      0.6753846153846154,
      0.6612476870208829,
      0.5548374306106265,
      0.6125297383029342,
      0.5778329197684037,
      0.5880893300248139,
      0.5265508684863524,
      0.5368072787427626,
      0.42975304265626846,
      0.4662944582299421,
      0.41501240694789077,
      0.4388028164119246,
      0.40347394540942927,
      0.45654121863799274,
      0.47836661546338966,
      0.37014061207609583,
      0.37096774193548376,
      0.4342431761786601,
      0.3683091102445942,
      0.3579028498383337,
      0.3683091102445942,
      0.3579028498383337,
      0.36174900368448754,
      0.36135235732009924,
      0.3915081334436173,
      0.38039702233250616,
      0.33167907361455745,
      0.3829611248966087,
      0.35732009925558317,
      0.3547559966914805,
      0.3547559966914805,
      0.2976190476190476,
      0.32464846980976014,
      0.32464846980976014,
      0.4397107166337936,
      0.4893162393162393,
      0.39880952380952384,
      0.3972868322744253,
      0.5009098428453267,
      0.36868469472156107,
      0.5228224215817268
    ],
    [
      0.4651477320016646,
      0.4697773616312942,
      0.48290372328706765,
      0.6129032258064516,
      0.557347670250896,
      0.0,
      0.37519902697921276,
      0.4535206795268714,
      0.5398148148148149,
      0.7468820861678004,
      0.5603174603174603,
      0.5047028318674055,
      0.5890440577940578,
      0.5204335183716627,
      0.5775853775853775,
      0.5021611721611722,
      0.5959885022385022,
      0.49992069785884224,
      0.5021611721611722,
      0.623927392739274,
      0.4529363110008271,
      0.5567689255189255,
      0.4742796722178166,
      0.6082474226804123,
      0.47358974358974365,
      0.5304696449026346,
      0.56371336996337,
      0.47358974358974365,
      0.5486386465767908,
      0.5383822363203806,
      0.5255617234998677,
      0.45070584845865747,
      0.46096225871506774,
      0.5019878997407088,
      0.512244309997119,
      0.3821047865991686,
      0.37762892538173437,
      0.42891097666378564,
      0.3911545603548247,
      0.37891097666378565,
      0.41604244694132336,
      0.42397895487783127,
      0.43532123307404214,
      0.43791414577931437,
      0.3840391817919908,
      0.38037617812898716,
      0.37879442654723555,
      0.38037617812898716,
      0.37879442654723555,
      0.3826405803933894,
      0.3641961970613656,
      0.3669451646979737,
      0.3558340535868626,
      0.3327571305099395,
      0.3583981561509652,
      0.3680135407663498,
      0.3654494382022472,
      0.3654494382022472,
      0.2857142857142857,
      0.31028522039757994,
      0.31028522039757994,
      0.37210217996734846,
      0.44662921348314605,
      0.37687265917602997,
      0.3277167277167277,
      0.5028522039757994,
      0.30459374761140406,
      0.49023336214347446
    ],
    [
      0.38790726817042603,
      0.4021929824561403,
      0.3809044670499779,
      0.4115928962678188,
      0.4592119438868664,
      0.37519902697921276,
      0.0,
      0.648110661268556,
      0.43728248875307696,
      0.4069946659982674,
      0.3579893495859883,
      0.44337313872917583,
      0.3575968849078093,
      0.5660150340865926,
      0.37415460356636826,
      0.41368562809739284,
      0.4200968849078093,
      0.48142119655157856,
      0.4732094376212023,
      0.4322200319579469,
      0.4024376552240329,
      0.3449918428910026,
      0.5290402441706262,
      0.4005388436104021,
      0.405282266752855,
      0.5004688155991976,
      0.4074918428910026,
      0.4648060762766645,
      0.4541102721818307,
      0.4040402441706262,
      0.4576116727420548,
      0.3830478156174751,
      0.39415892672858616,
      0.33860337117303063,
      0.3497144822841417,
      0.3020020639834881,
      0.2941589267285862,
      0.24971448228414175,
      0.29808049535603715,
      0.23141382868937047,
      0.3312767212148017,
      0.3277753206545776,
      0.2836576735957541,
      0.28591331269349846,
      0.3193719593100398,
      0.25814746951412143,
      0.25443689437497485,
      0.2623491501863903,
      0.2586385750472438,
      0.25443689437497485,
      0.25440070765148165,
      0.24794338788146836,
      0.24794338788146836,
      0.23533834586466165,
      0.24794338788146836,
      0.2568719593100398,
      0.2568719593100398,
      0.2568719593100398,
      0.2222222222222222,
      0.24185463659147868,
      0.24185463659147868,
      0.3122321735711829,
      0.34841331269349846,
      0.4846628826969384,
      0.4010260946483856,
      0.41961521450685535,
      0.4034571723426213,
      0.5344095532950022
    ],
    [
      0.4972905636873248,
      0.4819059483027094,
      0.474364470172996,
      0.5540604905929982,
      0.6053425418750495,
      0.4535206795268714,
      0.648110661268556,
      0.0,
      0.5200444550289751,
      0.566881003413511,
      0.5299561119994558,
      0.5588968069320533,
      0.5384147586159971,
      0.7400254028737,
      0.5529615894940972,
      0.5752480749384775,
      0.6057224509236894,
      0.7258474239898388,
      0.6393506390410416,
      0.5969675319520521,
      0.5450107168373421,
      0.5138510869935019,
      0.7771294752718902,
      0.548999761848059,
      0.550813685798206,
      0.6232833214257363,
      0.5811587793011942,
      0.6149162499007701,
      0.6066920695403667,
      0.5399499880924029,
      0.5976422957847106,
      0.4858469703670942,
      0.46203744655757034,
      0.4382279227480465,
      0.41441839893852267,
      0.39561087592931904,
      0.3667993513194751,
      0.31918030370042744,
      0.3812051136243971,
      0.3114772224679346,
      0.39953957291418585,
      0.43056736864786394,
      0.3482575216321345,
      0.34960704929745173,
      0.4251805985552115,
      0.35924653262114564,
      0.3296095029841159,
      0.3637714194989737,
      0.334134389861944,
      0.3296095029841159,
      0.3541319361752798,
      0.3226164959911089,
      0.3226164959911089,
      0.3346828609986504,
      0.3226164959911089,
      0.33223188060649356,
      0.33223188060649356,
      0.33223188060649356,
      0.28696741854636587,
      0.3097165991902834,
      0.3097165991902834,
      0.3898496385993409,
      0.40317291662850124,
      0.39755761953904367,
      0.31848512684425995,
      0.5175381893648147,
      0.3264666190362785,
      0.43332029167942476
    ],
    [
      0.4685746352413019,
      0.4685746352413019,
      0.468846966395986,
      0.5035493827160494,
      0.559104938271605,
      0.5398148148148149,
      0.43728248875307696,
      0.5200444550289751,
      0.0,
      0.6092592592592593,
      0.5096560846560846,
      0.5330149153678565,
      0.5118496472663139,
      0.5481481481481482,
      0.5609788359788359,
      0.471957671957672,
      0.5847663139329805,
      0.5584045584045584,
      0.5360602360602361,
      0.7754629629629629,
      0.5584045584045584,
      0.585923721340388,
      0.6096866096866097,
      0.5216049382716049,
      0.5378917378917379,
      0.6396604938271605,
      0.6588403880070547,
      0.601994301994302,
      0.5391737891737891,
      0.5455840455840456,
      0.6032763532763533,
      0.5263532763532764,
      0.5135327635327636,
      0.4750712250712251,
      0.4622507122507122,
      0.42234617234617233,
      0.4141737891737892,
      0.3628917378917379,
      0.4158820482349894,
      0.3584045584045584,
      0.44521604938271614,
      0.45017636684303347,
      0.3596866096866097,
      0.3611111111111111,
      0.4131054131054131,
      0.3471713471713472,
      0.3410385910385911,
      0.3471713471713472,
      0.3410385910385911,
      0.3423206423206423,
      0.3386752136752137,
      0.33618233618233617,
      0.3353276353276353,
      0.32763532763532766,
      0.33618233618233617,
      0.33618233618233617,
      0.3353276353276353,
      0.3353276353276353,
      0.2857142857142857,
      0.30982905982905984,
      0.30982905982905984,
      0.48096348096348096,
      0.45622895622895626,
      0.4226791726791727,
      0.34542309542309546,
      0.5904558404558405,
      0.3164210128495843,
      0.48475783475783474
    ],
    [
      0.4855841909413338,
      0.4902138205709634,
      0.5033401822267368,
      0.747874149659864,
      0.6923185941043085,
      0.7468820861678004,
      0.4069946659982674,
      0.566881003413511,
      0.6092592592592593,
      0.0,
      0.6666666666666666,
      0.5600328888952031,
      0.6782534595034595,
      0.6693354264782836,
      0.7507756132756134,
      0.6357509157509157,
      0.6851979039479038,
      0.6488226059654632,
      0.6357509157509157,
      0.8196094609460945,
      0.5575091575091575,
      0.6459783272283272,
      0.6231815803244375,
      0.7478741496598639,
      0.6071794871794872,
      0.6700963718820862,
      0.6529227716727716,
      0.6071794871794872,
      0.6775248560962847,
      0.6672684458398744,
      0.6544479330193617,
      0.4676347462061748,
      0.47789115646258506,
      0.5189167974882261,
      0.5291732077446364,
      0.3772893772893772,
      0.3753270538984825,
      0.42660910518053374,
      0.3863391510450334,
      0.37660910518053375,
      0.4135487528344672,
      0.4214852607709751,
      0.43301936159079024,
      0.4338042909471481,
      0.3817373103087389,
      0.37807430664573527,
      0.37649255506398366,
      0.37807430664573527,
      0.37649255506398366,
      0.3803387089101375,
      0.36008634222919933,
      0.36464329321472183,
      0.3535321821036107,
      0.3304552590266876,
      0.3560962846677133,
      0.3657116692830979,
      0.3631475667189953,
      0.3631475667189953,
      0.2857142857142857,
      0.3116169544740973,
      0.3116169544740973,
      0.371735834373197,
      0.44623233908948196,
      0.39091350826044696,
      0.326872760938695,
      0.5445578231292517,
      0.3196157583912686,
      0.530604194340458
    ],
    [
      0.48614163614163614,
      0.4817843376666906,
      0.46898477339653805,
      0.6158730158730159,
      0.6019841269841271,
      0.5603174603174603,
      0.3579893495859883,
      0.5299561119994558,
      0.5096560846560846,
      0.6666666666666666,
      0.0,
      0.5176205393399964,
      0.7225198412698411,
      0.5919413919413921,
      0.7238095238095238,
      0.6410256410256411,
      0.7051587301587302,
      0.5816849816849817,
      0.6153846153846154,
      0.6285714285714286,
      0.5326007326007326,
      0.6856150793650794,
      0.568864468864469,
      0.7019841269841272,
      0.617948717948718,
      0.6023809523809525,
      0.6682539682539682,
      0.5923076923076923,
      0.6351648351648352,
      0.6172161172161172,
      0.6043956043956045,
      0.4391941391941393,
      0.45457875457875463,
      0.4520146520146521,
      0.4673992673992674,
      0.3564102564102564,
      0.3776556776556777,
      0.3904761904761905,
      0.3610644257703081,
      0.3648351648351648,
      0.3980158730158731,
      0.3952380952380952,
      0.38021978021978026,
      0.380952380952381,
      0.38534798534798537,
      0.3868131868131868,
      0.40119880119880114,
      0.3868131868131868,
      0.39478854478854475,
      0.3916416916416916,
      0.36556776556776555,
      0.3725274725274725,
      0.37338217338217333,
      0.34175824175824177,
      0.3725274725274725,
      0.3597069597069597,
      0.36739926739926737,
      0.36739926739926737,
      0.2857142857142857,
      0.31135531135531136,
      0.31135531135531136,
      0.3752418521649291,
      0.40558608058608064,
      0.3867346938775511,
      0.31284868977176666,
      0.5150183150183151,
      0.31815803244374674,
      0.4647224570301493
    ],
    [
      0.43392646625405246,
      0.4381999705275567,
      0.45227739636968844,
      0.5033702734768272,
      0.5546523247588785,
      0.5047028318674055,
      0.44337313872917583,
      0.5588968069320533,
      0.5330149153678565,
      0.5600328888952031,
      0.5176205393399964,
      0.0,
      0.5293703280128619,
      0.5978010461184412,
      0.5668268885463456,
      0.5098549715744286,
      0.5966780203205542,
      0.5329443342029058,
      0.5739575356769927,
      0.5710734056350293,
      0.5538981769459072,
      0.5267846783683887,
      0.5842263854849571,
      0.5852369435543388,
      0.4962803109409445,
      0.5780725393311109,
      0.594092370676081,
      0.5603828750435086,
      0.6460061743235695,
      0.5747392059977776,
      0.6320071105070615,
      0.4795711388003477,
      0.48377281947261663,
      0.43195209118130007,
      0.436153771853569,
      0.3987388058671745,
      0.41234424804404524,
      0.36472520042499756,
      0.40294048653944337,
      0.3451173572877427,
      0.4357674104124409,
      0.433935908580939,
      0.38448535913038956,
      0.3862537057263224,
      0.4357674104124409,
      0.36983334447837496,
      0.36583734048237093,
      0.36983334447837496,
      0.36583734048237093,
      0.36583734048237093,
      0.3606126800852968,
      0.3653416069549632,
      0.361106776928278,
      0.3452696728558798,
      0.36081672007713517,
      0.3716556493853283,
      0.3716556493853283,
      0.3716556493853283,
      0.2976190476190476,
      0.32581786030061893,
      0.32581786030061893,
      0.4161222933028207,
      0.44226608415249385,
      0.42011289364230536,
      0.34131652661064427,
      0.5835612351449455,
      0.46226033516855025,
      0.6183866805149025
    ],
    [
      0.49224791412291413,
      0.47976444851444855,
      0.4738509720127367,
      0.613960113960114,
      0.6035434472934473,
      0.5890440577940578,
      0.3575968849078093,
      0.5384147586159971,
      0.5118496472663139,
      0.6782534595034595,
      0.7225198412698411,
      0.5293703280128619,
      0.0,
      0.5941344979806519,
      0.7378917378917379,
      0.6044895275664507,
      0.9270833333333334,
      0.5890978679440219,
      0.5948741429510661,
      0.6416615791615791,
      0.5417253686484456,
      0.8783068783068783,
      0.5794824833286373,
      0.6806573056573056,
      0.5678594909364141,
      0.6039631664631665,
      0.8053902116402116,
      0.5582441063210294,
      0.6186836667605898,
      0.6026580257349488,
      0.5930426411195642,
      0.4571945148868226,
      0.4547525124448202,
      0.4668098995022072,
      0.46436789706020476,
      0.36365877712031563,
      0.38637644406875177,
      0.39599182868413635,
      0.380034558201979,
      0.37676105945336713,
      0.40468559218559225,
      0.43047924297924306,
      0.3831713158636236,
      0.38391096083403775,
      0.39736545505776283,
      0.40698083967314747,
      0.3983228310151387,
      0.40698083967314747,
      0.3843368170291247,
      0.39517597786828557,
      0.38848971541279237,
      0.39736545505776283,
      0.3937329764252841,
      0.36210904480135253,
      0.39629707898938676,
      0.36439842209072987,
      0.36183431952662726,
      0.36183431952662726,
      0.2959183673469387,
      0.32237954353338966,
      0.32237954353338966,
      0.34746877054569364,
      0.40221815221815227,
      0.3559000523286238,
      0.3114492345261576,
      0.5275312294543063,
      0.3152036455607884,
      0.4780454588146895
    ],
    [
      0.4959183120166466,
      0.511302927401262,
      0.48153922704932633,
      0.6594766058683584,
      0.7107586571504098,
      0.5204335183716627,
      0.5660150340865926,
      0.7400254028737,
      0.5481481481481482,
      0.6693354264782836,
      0.5919413919413921,
      0.5978010461184412,
      0.5941344979806519,
      0.0,
      0.6137307137307138,
      0.6554578754578755,
      0.6614421902883441,
      0.8410256410256411,
      0.7195604395604396,
      0.6614876872302614,
      0.6125297383029342,
      0.5753310791772331,
      0.8923076923076925,
      0.6570843246100979,
      0.615897435897436,
      0.7360824742268041,
      0.6426387714849253,
      0.6799999999999999,
      0.7516997092254825,
      0.6709304784562519,
      0.723529947952273,
      0.4880216003927344,
      0.5094501718213058,
      0.44040255277368673,
      0.4618311242022582,
      0.4083736587418473,
      0.3963549337260677,
      0.3487358861070201,
      0.3963688568210789,
      0.3499263622974963,
      0.4268437747819191,
      0.4515690495071938,
      0.36915146708961133,
      0.3763547449114459,
      0.4588950568332011,
      0.3929609908991352,
      0.36973421767236203,
      0.3929609908991352,
      0.36973421767236203,
      0.37358037151851586,
      0.3890470526037536,
      0.3563309542690986,
      0.353766851704996,
      0.35940787734602164,
      0.3563309542690986,
      0.36594633888448325,
      0.36338223632038064,
      0.36338223632038064,
      0.2976190476190476,
      0.3244779275707111,
      0.3244779275707111,
      0.42247571795549593,
      0.44982614530592324,
      0.41506300114547534,
      0.3528419297933289,
      0.5612055668360189,
      0.4089413973360954,
      0.5168214946565463
    ],
    [
      0.4763893513893514,
      0.4644845894845895,
      0.4872825975767152,
      0.6390331890331891,
      0.6223665223665223,
      0.5775853775853775,
      0.37415460356636826,
      0.5529615894940972,
      0.5609788359788359,
      0.7507756132756134,
      0.7238095238095238,
      0.5668268885463456,
      0.7378917378917379,
      0.6137307137307138,
      0.0,
      0.6917948717948718,
      0.7233084045584045,
      0.6181263181263181,
      0.6815384615384615,
      0.6823805594845198,
      0.5525141525141526,
      0.7008547008547009,
      0.6027417027417028,
      0.735954785954786,
      0.6258608058608057,
      0.641065416065416,
      0.6862713675213675,
      0.6156043956043955,
      0.663958263958264,
      0.6463758463758464,
      0.6309912309912311,
      0.47747807747807747,
      0.4664890664890665,
      0.49286269286269285,
      0.4818736818736819,
      0.3777999777999778,
      0.39780774780774786,
      0.4324231324231325,
      0.36487172957761194,
      0.3961593961593962,
      0.424013949013949,
      0.4577441077441078,
      0.4067821067821068,
      0.4075591075591075,
      0.39322899322899324,
      0.3998223998223998,
      0.3924131424131424,
      0.3998223998223998,
      0.3854201354201354,
      0.38926628926628926,
      0.3818265068265068,
      0.37784437784437785,
      0.3752802752802753,
      0.3522033522033522,
      0.37784437784437785,
      0.3836441336441337,
      0.38352203352203357,
      0.37253302253302256,
      0.30612244897959184,
      0.3335553335553335,
      0.3335553335553335,
      0.35761503453811144,
      0.4158554408554409,
      0.3811688311688312,
      0.328144505067582,
      0.6093462093462094,
      0.3302277087991374,
      0.5628798551875476
    ],
    [
      0.4833218277449047,
      0.46312952005259694,
      0.47293344162122436,
      0.621904761904762,
      0.6090842490842492,
      0.5021611721611722,
      0.41368562809739284,
      0.5752480749384775,
      0.471957671957672,
      0.6357509157509157,
      0.6410256410256411,
      0.5098549715744286,
      0.6044895275664507,
      0.6554578754578755,
      0.6917948717948718,
      0.0,
      0.5980792711561943,
      0.6397069597069598,
      0.9358974358974359,
      0.5837739817937838,
      0.5407326007326007,
      0.5703014933784165,
      0.6268864468864469,
      0.6347252747252747,
      0.9032967032967034,
      0.6107326007326008,
      0.5638912369681601,
      0.8391941391941392,
      0.621904761904762,
      0.6017582417582417,
      0.5889377289377289,
      0.4261564625850341,
      0.4244557823129252,
      0.43806122448979595,
      0.43636054421768705,
      0.3380272108843538,
      0.3361904761904762,
      0.3570238095238095,
      0.3260224089635854,
      0.33704081632653066,
      0.36205128205128206,
      0.3977655677655678,
      0.3684615384615384,
      0.3756410256410256,
      0.3812820512820513,
      0.3904395604395604,
      0.3632167832167832,
      0.3904395604395604,
      0.3632167832167832,
      0.367062937062937,
      0.37243589743589745,
      0.3748717948717949,
      0.3616239316239316,
      0.34282051282051285,
      0.37273504273504277,
      0.3556410256410257,
      0.35307692307692307,
      0.35307692307692307,
      0.2857142857142857,
      0.31153846153846154,
      0.31153846153846154,
      0.3532638301869071,
      0.36852634544942237,
      0.3584444444444445,
      0.30475405546834117,
      0.5038095238095238,
      0.31737571951857674,
      0.44244636316064895
    ],
    [
      0.4870395807895808,
      0.47976444851444855,
      0.4692213423831071,
      0.6209045584045584,
      0.676460113960114,
      0.5959885022385022,
      0.4200968849078093,
      0.6057224509236894,
      0.5847663139329805,
      0.6851979039479038,
      0.7051587301587302,
      0.5966780203205542,
      0.9270833333333334,
      0.6614421902883441,
      0.7233084045584045,
      0.5980792711561943,
      0.0,
      0.5955081243542782,
      0.6621818352587583,
      0.7145782458282458,
      0.6090330609561379,
      0.8053902116402116,
      0.6467901756363295,
      0.6806573056573056,
      0.5614492345261577,
      0.6768798331298331,
      0.8783068783068783,
      0.6255517986287218,
      0.6859913590682822,
      0.6026580257349488,
      0.6603503334272566,
      0.5245022071945149,
      0.5220602047525125,
      0.4732201559124636,
      0.47077815347046115,
      0.4309664694280079,
      0.45368413637644406,
      0.40240208509439274,
      0.4473422505096713,
      0.37676105945336713,
      0.4776022588522589,
      0.5033959096459097,
      0.38958157227387996,
      0.39032121724429414,
      0.4646731473654552,
      0.39873908143138925,
      0.3773438100361177,
      0.39873908143138925,
      0.3773438100361177,
      0.38118996388227155,
      0.38848971541279237,
      0.38775007044237825,
      0.3851859678782756,
      0.36210904480135253,
      0.38775007044237825,
      0.36439842209072987,
      0.36183431952662726,
      0.36183431952662726,
      0.2959183673469387,
      0.32237954353338966,
      0.32237954353338966,
      0.41477646285338593,
      0.47513481888481895,
      0.4184000523286238,
      0.37875692683384987,
      0.5948389217619986,
      0.3777036455607884,
      0.5453531511223818
    ],
    [
      0.49848241458074916,
      0.48309779919613377,
      0.48334918180045755,
      0.638963785355538,
      0.6133227597145122,
      0.49992069785884224,
      0.48142119655157856,
      0.7258474239898388,
      0.5584045584045584,
      0.6488226059654632,
      0.5816849816849817,
      0.5329443342029058,
      0.5890978679440219,
      0.8410256410256411,
      0.6181263181263181,
      0.6397069597069598,
      0.5955081243542782,
      0.0,
      0.6397069597069598,
      0.6717440974866716,
      0.6227861485593444,
      0.646484925331079,
      0.9487179487179488,
      0.6378535553793285,
      0.6902564102564104,
      0.7155696537139836,
      0.6528951817413355,
      0.6902564102564104,
      0.6619561194818927,
      0.7388791964049697,
      0.7209658453881704,
      0.47373588610702005,
      0.4380216003927343,
      0.4975454099165439,
      0.4618311242022582,
      0.3607546111227996,
      0.33980731467844866,
      0.3636168384879725,
      0.34454812852976235,
      0.3475454099165439,
      0.362741210679355,
      0.38929798723613157,
      0.3883822363203807,
      0.3891752577319588,
      0.3905189884571328,
      0.38685598479412914,
      0.35108619902434335,
      0.38685598479412914,
      0.35108619902434335,
      0.35236825030639457,
      0.37943166798836897,
      0.33923693717508147,
      0.3383822363203806,
      0.35940787734602164,
      0.33923693717508147,
      0.3488523217904661,
      0.34799762093576525,
      0.34799762093576525,
      0.2857142857142857,
      0.31165741475019826,
      0.31165741475019826,
      0.43273212821190615,
      0.37290306838284626,
      0.35950744558991976,
      0.28889635156203636,
      0.5201799258103778,
      0.3069005810095648,
      0.4144405422755938
    ],
    [
      0.47851413543721233,
      0.46312952005259694,
      0.4686599373477201,
      0.621904761904762,
      0.6731868131868132,
      0.5021611721611722,
      0.4732094376212023,
      0.6393506390410416,
      0.5360602360602361,
      0.6357509157509157,
      0.6153846153846154,
      0.5739575356769927,
      0.5948741429510661,
      0.7195604395604396,
      0.6815384615384615,
      0.9358974358974359,
      0.6621818352587583,
      0.6397069597069598,
      0.0,
      0.6478765458963477,
      0.6048351648351648,
      0.5606861087630318,
      0.6909890109890111,
      0.6283150183150182,
      0.8391941391941392,
      0.6748351648351648,
      0.6279938010707242,
      0.9032967032967034,
      0.686007326007326,
      0.5953479853479853,
      0.653040293040293,
      0.4856802721088436,
      0.4839795918367347,
      0.43806122448979595,
      0.43636054421768705,
      0.39755102040816326,
      0.39571428571428574,
      0.3570238095238095,
      0.38554621848739495,
      0.33704081632653066,
      0.42615384615384616,
      0.46186813186813186,
      0.3684615384615384,
      0.3756410256410256,
      0.4453846153846154,
      0.37945054945054946,
      0.3562237762237762,
      0.37945054945054946,
      0.3562237762237762,
      0.36006993006993004,
      0.37243589743589745,
      0.3556410256410257,
      0.35307692307692307,
      0.34282051282051285,
      0.3556410256410257,
      0.3556410256410257,
      0.35307692307692307,
      0.35307692307692307,
      0.2857142857142857,
      0.31153846153846154,
      0.31153846153846154,
      0.41736639428947114,
      0.43262890955198646,
      0.41400000000000003,
      0.3642778649921507,
      0.5679120879120879,
      0.3768995290423862,
      0.5019701726844584
    ],
    [
      0.4709123155905334,
      0.4709123155905334,
      0.4878513134118842,
      0.6230335533553355,
      0.6785891089108911,
      0.623927392739274,
      0.4322200319579469,
      0.5969675319520521,
      0.7754629629629629,
      0.8196094609460945,
      0.6285714285714286,
      0.5710734056350293,
      0.6416615791615791,
      0.6614876872302614,
