{
  "stem": "Horizontal_Computational_Grids",
  "singular": "Horizontal Grid",
  "endpoint": "horizontal_computational_grid",
  "count": 29,
  "method": "embedding (all-MiniLM-L6-v2) | link: field-level (links uninformative) | order: spectral graph components",
  "entries": [
    {
      "id": "h103",
      "label": "h103",
      "spectral_rank": 0
    },
    {
      "id": "h112",
      "label": "h112",
      "spectral_rank": 1
    },
    {
      "id": "h106",
      "label": "h106",
      "spectral_rank": 2
    },
    {
      "id": "h105",
      "label": "h105",
      "spectral_rank": 3
    },
    {
      "id": "h107",
      "label": "h107",
      "spectral_rank": 4
    },
    {
      "id": "h108",
      "label": "h108",
      "spectral_rank": 5
    },
    {
      "id": "h124",
      "label": "h124",
      "spectral_rank": 6
    },
    {
      "id": "h113",
      "label": "h113",
      "spectral_rank": 7
    },
    {
      "id": "h120",
      "label": "h120",
      "spectral_rank": 8
    },
    {
      "id": "h110",
      "label": "h110",
      "spectral_rank": 9
    },
    {
      "id": "h122",
      "label": "h122",
      "spectral_rank": 10
    },
    {
      "id": "h119",
      "label": "h119",
      "spectral_rank": 11
    },
    {
      "id": "h102",
      "label": "h102",
      "spectral_rank": 12
    },
    {
      "id": "h118",
      "label": "h118",
      "spectral_rank": 13
    },
    {
      "id": "h117",
      "label": "h117",
      "spectral_rank": 14
    },
    {
      "id": "h111",
      "label": "h111",
      "spectral_rank": 15
    },
    {
      "id": "h115",
      "label": "h115",
      "spectral_rank": 16
    },
    {
      "id": "h128",
      "label": "h128",
      "spectral_rank": 17
    },
    {
      "id": "h127",
      "label": "h127",
      "spectral_rank": 18
    },
    {
      "id": "h126",
      "label": "h126",
      "spectral_rank": 19
    },
    {
      "id": "h125",
      "label": "h125",
      "spectral_rank": 20
    },
    {
      "id": "h109",
      "label": "h109",
      "spectral_rank": 21
    },
    {
      "id": "h114",
      "label": "h114",
      "spectral_rank": 22
    },
    {
      "id": "h104",
      "label": "h104",
      "spectral_rank": 23
    },
    {
      "id": "h123",
      "label": "h123",
      "spectral_rank": 24
    },
    {
      "id": "h100",
      "label": "h100",
      "spectral_rank": 25
    },
    {
      "id": "h116",
      "label": "h116",
      "spectral_rank": 26
    },
    {
      "id": "h121",
      "label": "h121",
      "spectral_rank": 27
    },
    {
      "id": "h101",
      "label": "h101",
      "spectral_rank": 28
    }
  ],
  "link_matrix": [
    [
      0.0,
      0.65,
      0.39166666666666666,
      0.39999999999999997,
      0.4166666666666667,
      0.3833333333333333,
      0.6129629629629629,
      0.3028322440087146,
      0.3028322440087146,
      0.3028322440087146,
      0.3028322440087146,
      0.3028322440087146,
      0.3028322440087146,
      0.3028322440087146,
      0.3028322440087146,
      0.3028322440087146,
      0.3028322440087146,
      0.4064814814814815,
      0.4064814814814815,
      0.35468409586056643,
      0.3296296296296296,
      0.2962962962962963,
      0.2962962962962963,
      0.40208333333333335,
      0.31023965141612203,
      0.3505154639175258,
      0.30429209802331314,
      0.4099009900990099,
      0.30848196152283885
    ],
    [
      0.65,
      0.0,
      0.5875,
      0.5875,
      0.625,
      0.575,
      0.9194444444444444,
      0.4640522875816993,
      0.4640522875816993,
      0.4640522875816993,
      0.4640522875816993,
      0.4640522875816993,
      0.4640522875816993,
      0.4640522875816993,
      0.4640522875816993,
      0.4640522875816993,
      0.4640522875816993,
      0.39166666666666666,
      0.39166666666666666,
      0.34640522875817,
      0.30462962962962964,
      0.45694444444444443,
      0.4560723514211886,
      0.39166666666666666,
      0.3093681917211329,
      0.3416666666666666,
      0.3093681917211329,
      0.39166666666666666,
      0.3093681917211329
    ],
    [
      0.39166666666666666,
      0.5875,
      0.0,
      0.8888888888888888,
      0.6451612903225806,
      0.5666666666666667,
      0.5319444444444444,
      0.4444444444444444,
      0.4444444444444444,
      0.4444444444444444,
      0.4444444444444444,
      0.4444444444444444,
      0.4444444444444444,
      0.4444444444444444,
      0.4444444444444444,
      0.4444444444444444,
      0.4444444444444444,
      0.5925925925925926,
      0.5925925925925926,
      0.3333333333333333,
      0.2962962962962963,
      0.4444444444444444,
      0.4444444444444444,
      0.5925925925925926,
      0.2962962962962963,
      0.3333333333333333,
      0.2962962962962963,
      0.5925925925925926,
      0.2962962962962963
    ],
    [
      0.39999999999999997,
      0.5875,
      0.8888888888888888,
      0.0,
      0.6129032258064516,
      0.5666666666666667,
      0.5319444444444444,
      0.4444444444444444,
      0.4444444444444444,
      0.4444444444444444,
      0.4444444444444444,
      0.4444444444444444,
      0.4444444444444444,
      0.4444444444444444,
      0.4444444444444444,
      0.4444444444444444,
      0.4444444444444444,
      0.5925925925925926,
      0.5925925925925926,
      0.3333333333333333,
      0.2962962962962963,
      0.4444444444444444,
      0.4444444444444444,
      0.5925925925925926,
      0.2962962962962963,
      0.3333333333333333,
      0.2962962962962963,
      0.5925925925925926,
      0.2962962962962963
    ],
    [
      0.4166666666666667,
      0.625,
      0.6451612903225806,
      0.6129032258064516,
      0.0,
      0.5806451612903226,
      0.5694444444444444,
      0.4444444444444444,
      0.4444444444444444,
      0.4444444444444444,
      0.4444444444444444,
      0.4444444444444444,
      0.4444444444444444,
      0.4444444444444444,
      0.4444444444444444,
      0.4444444444444444,
      0.4444444444444444,
      0.40860215053763443,
      0.40860215053763443,
      0.3333333333333333,
      0.2962962962962963,
      0.4444444444444444,
      0.4444444444444444,
      0.40860215053763443,
      0.2962962962962963,
      0.3333333333333333,
      0.2962962962962963,
      0.40860215053763443,
      0.2962962962962963
    ],
    [
      0.3833333333333333,
      0.575,
      0.5666666666666667,
      0.5666666666666667,
      0.5806451612903226,
      0.0,
      0.5194444444444444,
      0.4836601307189542,
      0.4836601307189542,
      0.4836601307189542,
      0.4836601307189542,
      0.4836601307189542,
      0.4836601307189542,
      0.4836601307189542,
      0.4836601307189542,
      0.4836601307189542,
      0.4836601307189542,
      0.3666666666666667,
      0.3666666666666667,
      0.35947712418300654,
      0.3074074074074074,
      0.4611111111111111,
      0.49095607235142114,
      0.3666666666666667,
      0.32244008714596945,
      0.3333333333333333,
      0.32244008714596945,
      0.3666666666666667,
      0.32244008714596945
    ],
    [
      0.6129629629629629,
      0.9194444444444444,
      0.5319444444444444,
      0.5319444444444444,
      0.5694444444444444,
      0.5194444444444444,
      0.0,
      0.5098039215686274,
      0.5098039215686274,
      0.5098039215686274,
      0.5098039215686274,
      0.5098039215686274,
      0.5098039215686274,
      0.5098039215686274,
      0.5098039215686274,
      0.5098039215686274,
      0.5098039215686274,
      0.35462962962962963,
      0.35462962962962963,
      0.3028322440087146,
      0.2962962962962963,
      0.4444444444444444,
      0.4444444444444444,
      0.35462962962962963,
      0.3398692810457516,
      0.2962962962962963,
      0.3398692810457516,
      0.35462962962962963,
      0.3398692810457516
    ],
    [
      0.3028322440087146,
      0.4640522875816993,
      0.4444444444444444,
      0.4444444444444444,
      0.4444444444444444,
      0.4836601307189542,
      0.5098039215686274,
      0.0,
      0.9411764705882353,
      0.9411764705882353,
      0.9411764705882353,
      0.9411764705882353,
      0.9705882352941176,
      0.9411764705882353,
      0.9607843137254901,
      0.9411764705882353,
      0.9411764705882353,
      0.2962962962962963,
      0.2962962962962963,
      0.5904139433551198,
      0.4008714596949891,
      0.611111111111111,
      0.7091503267973855,
      0.2962962962962963,
      0.6339869281045751,
      0.4139433551198257,
      0.6274509803921569,
      0.2962962962962963,
      0.6405228758169934
    ],
    [
      0.3028322440087146,
      0.4640522875816993,
      0.4444444444444444,
      0.4444444444444444,
      0.4444444444444444,
      0.4836601307189542,
      0.5098039215686274,
      0.9411764705882353,
      0.0,
      0.9411764705882353,
      0.9509803921568627,
      0.9411764705882353,
      0.9411764705882353,
      0.9607843137254901,
      0.9411764705882353,
      0.9411764705882353,
      0.9509803921568627,
      0.2962962962962963,
      0.2962962962962963,
      0.596949891067538,
      0.4074074074074074,
      0.6013071895424836,
      0.6993464052287581,
      0.2962962962962963,
      0.6274509803921569,
      0.4008714596949891,
      0.6405228758169934,
      0.2962962962962963,
      0.6339869281045751
    ],
    [
      0.3028322440087146,
      0.4640522875816993,
      0.4444444444444444,
      0.4444444444444444,
      0.4444444444444444,
      0.4836601307189542,
      0.5098039215686274,
      0.9411764705882353,
      0.9411764705882353,
      0.0,
      0.9411764705882353,
      0.9411764705882353,
      0.9411764705882353,
      0.9509803921568627,
      0.9411764705882353,
      0.9607843137254901,
      0.9509803921568627,
      0.2962962962962963,
      0.2962962962962963,
      0.596949891067538,
      0.4008714596949891,
      0.6013071895424836,
      0.6993464052287581,
      0.2962962962962963,
      0.6274509803921569,
      0.4008714596949891,
      0.6274509803921569,
      0.2962962962962963,
      0.6339869281045751
    ],
    [
      0.3028322440087146,
      0.4640522875816993,
      0.4444444444444444,
      0.4444444444444444,
      0.4444444444444444,
      0.4836601307189542,
      0.5098039215686274,
      0.9411764705882353,
      0.9509803921568627,
      0.9411764705882353,
      0.0,
      0.9411764705882353,
      0.9509803921568627,
      0.9607843137254901,
      0.9411764705882353,
      0.9509803921568627,
      0.9411764705882353,
      0.2962962962962963,
      0.2962962962962963,
      0.5904139433551198,
      0.4074074074074074,
      0.6013071895424836,
      0.6993464052287581,
      0.2962962962962963,
      0.6274509803921569,
      0.4008714596949891,
      0.6339869281045751,
      0.2962962962962963,
      0.6339869281045751
    ],
    [
      0.3028322440087146,
      0.4640522875816993,
      0.4444444444444444,
      0.4444444444444444,
      0.4444444444444444,
      0.4836601307189542,
      0.5098039215686274,
      0.9411764705882353,
      0.9411764705882353,
      0.9411764705882353,
      0.9411764705882353,
      0.0,
      0.9509803921568627,
      0.9411764705882353,
      0.9607843137254901,
      0.9607843137254901,
      0.9509803921568627,
      0.2962962962962963,
      0.2962962962962963,
      0.5904139433551198,
      0.4008714596949891,
      0.6013071895424836,
      0.7189542483660131,
      0.2962962962962963,
      0.6274509803921569,
      0.4008714596949891,
      0.6339869281045751,
      0.2962962962962963,
      0.6274509803921569
    ],
    [
      0.3028322440087146,
      0.4640522875816993,
      0.4444444444444444,
      0.4444444444444444,
      0.4444444444444444,
      0.4836601307189542,
      0.5098039215686274,
      0.9705882352941176,
      0.9411764705882353,
      0.9411764705882353,
      0.9509803921568627,
      0.9509803921568627,
      0.0,
      0.9411764705882353,
      0.9411764705882353,
      0.9607843137254901,
      0.9411764705882353,
      0.2962962962962963,
      0.2962962962962963,
      0.5904139433551198,
      0.4008714596949891,
      0.611111111111111,
      0.6993464052287581,
      0.2962962962962963,
      0.6274509803921569,
      0.4074074074074074,
      0.6274509803921569,
      0.2962962962962963,
      0.6405228758169934
    ],
    [
      0.3028322440087146,
      0.4640522875816993,
      0.4444444444444444,
      0.4444444444444444,
      0.4444444444444444,
      0.4836601307189542,
      0.5098039215686274,
      0.9411764705882353,
      0.9607843137254901,
      0.9509803921568627,
      0.9607843137254901,
      0.9411764705882353,
      0.9411764705882353,
      0.0,
      0.9411764705882353,
      0.9411764705882353,
      0.9607843137254901,
      0.2962962962962963,
      0.2962962962962963,
      0.5904139433551198,
      0.4008714596949891,
      0.6013071895424836,
      0.6993464052287581,
      0.2962962962962963,
      0.6274509803921569,
      0.4008714596949891,
      0.6470588235294118,
      0.2962962962962963,
      0.6274509803921569
    ],
    [
      0.3028322440087146,
      0.4640522875816993,
      0.4444444444444444,
      0.4444444444444444,
      0.4444444444444444,
      0.4836601307189542,
      0.5098039215686274,
      0.9607843137254901,
      0.9411764705882353,
      0.9411764705882353,
      0.9411764705882353,
      0.9607843137254901,
      0.9411764705882353,
      0.9411764705882353,
      0.0,
      0.9509803921568627,
      0.9705882352941176,
      0.2962962962962963,
      0.2962962962962963,
      0.5904139433551198,
      0.4008714596949891,
      0.6013071895424836,
      0.6993464052287581,
      0.2962962962962963,
      0.6274509803921569,
      0.4008714596949891,
      0.6274509803921569,
      0.2962962962962963,
      0.6274509803921569
    ],
    [
      0.3028322440087146,
      0.4640522875816993,
      0.4444444444444444,
      0.4444444444444444,
      0.4444444444444444,
      0.4836601307189542,
      0.5098039215686274,
      0.9411764705882353,
      0.9411764705882353,
      0.9607843137254901,
      0.9509803921568627,
      0.9607843137254901,
      0.9607843137254901,
      0.9411764705882353,
      0.9509803921568627,
      0.0,
      0.9411764705882353,
      0.2962962962962963,
      0.2962962962962963,
      0.5904139433551198,
      0.4008714596949891,
      0.611111111111111,
      0.6993464052287581,
      0.2962962962962963,
      0.6274509803921569,
      0.4008714596949891,
      0.6274509803921569,
      0.2962962962962963,
      0.6274509803921569
    ],
    [
      0.3028322440087146,
      0.4640522875816993,
      0.4444444444444444,
      0.4444444444444444,
      0.4444444444444444,
      0.4836601307189542,
      0.5098039215686274,
      0.9411764705882353,
      0.9509803921568627,
      0.9509803921568627,
      0.9411764705882353,
      0.9509803921568627,
      0.9411764705882353,
      0.9607843137254901,
      0.9705882352941176,
      0.9411764705882353,
      0.0,
      0.2962962962962963,
      0.2962962962962963,
      0.596949891067538,
      0.4008714596949891,
      0.6013071895424836,
      0.6993464052287581,
      0.2962962962962963,
      0.6274509803921569,
      0.4008714596949891,
      0.6339869281045751,
      0.2962962962962963,
      0.6274509803921569
    ],
    [
      0.4064814814814815,
      0.39166666666666666,
      0.5925925925925926,
      0.5925925925925926,
      0.40860215053763443,
      0.3666666666666667,
      0.35462962962962963,
      0.2962962962962963,
      0.2962962962962963,
      0.2962962962962963,
      0.2962962962962963,
      0.2962962962962963,
      0.2962962962962963,
      0.2962962962962963,
      0.2962962962962963,
      0.2962962962962963,
      0.2962962962962963,
      0.0,
      0.9629629629629629,
      0.39215686274509803,
      0.3962962962962963,
      0.2962962962962963,
      0.2962962962962963,
      0.6296296296296297,
      0.30864197530864196,
      0.3367697594501718,
      0.29726953230602865,
      0.5958929226255959,
      0.2962962962962963
    ],
    [
      0.4064814814814815,
      0.39166666666666666,
      0.5925925925925926,
      0.5925925925925926,
      0.40860215053763443,
      0.3666666666666667,
      0.35462962962962963,
      0.2962962962962963,
      0.2962962962962963,
      0.2962962962962963,
      0.2962962962962963,
      0.2962962962962963,
      0.2962962962962963,
      0.2962962962962963,
      0.2962962962962963,
      0.2962962962962963,
      0.2962962962962963,
      0.9629629629629629,
      0.0,
      0.39215686274509803,
      0.3962962962962963,
      0.2962962962962963,
      0.2962962962962963,
      0.5925925925925926,
      0.30864197530864196,
      0.3367697594501718,
      0.29726953230602865,
      0.5958929226255959,
      0.2962962962962963
    ],
    [
      0.35468409586056643,
      0.34640522875817,
      0.3333333333333333,
      0.3333333333333333,
      0.3333333333333333,
      0.35947712418300654,
      0.3028322440087146,
      0.5904139433551198,
      0.596949891067538,
      0.596949891067538,
      0.5904139433551198,
      0.5904139433551198,
      0.5904139433551198,
      0.5904139433551198,
      0.5904139433551198,
      0.5904139433551198,
      0.596949891067538,
      0.39215686274509803,
      0.39215686274509803,
      0.0,
      0.46087145969498905,
      0.4074074074074074,
      0.4662309368191721,
      0.3385416666666667,
      0.6198257080610022,
      0.4447813489657031,
      0.5913871793648521,
      0.33993399339933994,
      0.6073630958974926
    ],
    [
      0.3296296296296296,
      0.30462962962962964,
      0.2962962962962963,
      0.2962962962962963,
      0.2962962962962963,
      0.3074074074074074,
      0.2962962962962963,
      0.4008714596949891,
      0.4074074074074074,
      0.4008714596949891,
      0.4074074074074074,
      0.4008714596949891,
      0.4008714596949891,
      0.4008714596949891,
      0.4008714596949891,
      0.4008714596949891,
      0.4008714596949891,
      0.3962962962962963,
      0.3962962962962963,
      0.46087145969498905,
      0.0,
      0.6222222222222222,
      0.4573643410852713,
      0.2962962962962963,
      0.4142047930283224,
      0.44679413751578695,
      0.40233131370958763,
      0.3028969563623029,
      0.40652117720911335
    ],
    [
      0.2962962962962963,
      0.45694444444444443,
      0.4444444444444444,
      0.4444444444444444,
      0.4444444444444444,
      0.4611111111111111,
      0.4444444444444444,
      0.611111111111111,
      0.6013071895424836,
      0.6013071895424836,
      0.6013071895424836,
      0.6013071895424836,
      0.611111111111111,
      0.6013071895424836,
      0.6013071895424836,
      0.611111111111111,
      0.6013071895424836,
      0.2962962962962963,
      0.2962962962962963,
      0.4074074074074074,
      0.6222222222222222,
      0.0,
      0.686046511627907,
      0.2962962962962963,
      0.4008714596949891,
      0.433048433048433,
      0.4008714596949891,
      0.2962962962962963,
      0.4008714596949891
    ],
    [
      0.2962962962962963,
      0.4560723514211886,
      0.4444444444444444,
      0.4444444444444444,
      0.4444444444444444,
      0.49095607235142114,
      0.4444444444444444,
      0.7091503267973855,
      0.6993464052287581,
      0.6993464052287581,
      0.6993464052287581,
      0.7189542483660131,
      0.6993464052287581,
      0.6993464052287581,
      0.6993464052287581,
      0.6993464052287581,
      0.6993464052287581,
      0.2962962962962963,
      0.2962962962962963,
      0.4662309368191721,
      0.4573643410852713,
      0.686046511627907,
      0.0,
      0.2962962962962963,
      0.4727668845315904,
      0.43583118001722654,
      0.4727668845315904,
      0.2962962962962963,
      0.4662309368191721
    ],
    [
      0.40208333333333335,
      0.39166666666666666,
      0.5925925925925926,
      0.5925925925925926,
      0.40860215053763443,
      0.3666666666666667,
      0.35462962962962963,
      0.2962962962962963,
      0.2962962962962963,
      0.2962962962962963,
      0.2962962962962963,
      0.2962962962962963,
      0.2962962962962963,
      0.2962962962962963,
      0.2962962962962963,
      0.2962962962962963,
      0.2962962962962963,
      0.6296296296296297,
      0.5925925925925926,
      0.3385416666666667,
      0.2962962962962963,
      0.2962962962962963,
      0.2962962962962963,
      0.0,
      0.30671296296296297,
      0.3917525773195876,
      0.3001892403352257,
      0.5958929226255959,
      0.3640046296296296
    ],
    [
      0.31023965141612203,
      0.3093681917211329,
      0.2962962962962963,
      0.2962962962962963,
      0.2962962962962963,
      0.32244008714596945,
      0.3398692810457516,
      0.6339869281045751,
      0.6274509803921569,
      0.6274509803921569,
      0.6274509803921569,
      0.6274509803921569,
      0.6274509803921569,
      0.6274509803921569,
      0.6274509803921569,
      0.6274509803921569,
      0.6274509803921569,
      0.30864197530864196,
      0.30864197530864196,
      0.6198257080610022,
      0.4142047930283224,
      0.4008714596949891,
      0.4727668845315904,
      0.30671296296296297,
      0.0,
      0.4173797812366642,
      0.6414961118267258,
      0.2962962962962963,
      0.6331006979062811
    ],
    [
      0.3505154639175258,
      0.3416666666666666,
      0.3333333333333333,
      0.3333333333333333,
      0.3333333333333333,
      0.3333333333333333,
      0.2962962962962963,
      0.4139433551198257,
      0.4008714596949891,
      0.4008714596949891,
      0.4008714596949891,
      0.4008714596949891,
      0.4074074074074074,
      0.4008714596949891,
      0.4008714596949891,
      0.4008714596949891,
      0.4008714596949891,
      0.3367697594501718,
      0.3367697594501718,
      0.4447813489657031,
      0.44679413751578695,
      0.433048433048433,
      0.43583118001722654,
      0.3917525773195876,
      0.4173797812366642,
      0.0,
      0.4108137334414706,
      0.35313531353135313,
      0.45861689463872607
    ],
    [
      0.30429209802331314,
      0.3093681917211329,
      0.2962962962962963,
      0.2962962962962963,
      0.2962962962962963,
      0.32244008714596945,
      0.3398692810457516,
      0.6274509803921569,
      0.6405228758169934,
      0.6274509803921569,
      0.6339869281045751,
      0.6339869281045751,
      0.6274509803921569,
      0.6470588235294118,
      0.6274509803921569,
      0.6274509803921569,
      0.6339869281045751,
      0.29726953230602865,
      0.29726953230602865,
      0.5913871793648521,
      0.40233131370958763,
      0.4008714596949891,
      0.4727668845315904,
      0.3001892403352257,
      0.6414961118267258,
      0.4108137334414706,
      0.0,
      0.29970262233035955,
      0.6298840704164878
    ],
    [
      0.4099009900990099,
      0.39166666666666666,
      0.5925925925925926,
      0.5925925925925926,
      0.40860215053763443,
      0.3666666666666667,
      0.35462962962962963,
      0.2962962962962963,
      0.2962962962962963,
      0.2962962962962963,
      0.2962962962962963,
      0.2962962962962963,
      0.2962962962962963,
      0.2962962962962963,
      0.2962962962962963,
      0.2962962962962963,
      0.2962962962962963,
      0.5958929226255959,
      0.5958929226255959,
      0.33993399339933994,
      0.3028969563623029,
      0.2962962962962963,
      0.2962962962962963,
      0.5958929226255959,
      0.2962962962962963,
      0.35313531353135313,
      0.29970262233035955,
      0.0,
      0.3028969563623029
    ],
    [
      0.30848196152283885,
      0.3093681917211329,
      0.2962962962962963,
      0.2962962962962963,
      0.2962962962962963,
      0.32244008714596945,
      0.3398692810457516,
      0.6405228758169934,
      0.6339869281045751,
      0.6339869281045751,
      0.6339869281045751,
      0.6274509803921569,
      0.6405228758169934,
      0.6274509803921569,
      0.6274509803921569,
      0.6274509803921569,
      0.6274509803921569,
      0.2962962962962963,
      0.2962962962962963,
      0.6073630958974926,
      0.40652117720911335,
      0.4008714596949891,
      0.4662309368191721,
      0.3640046296296296,
      0.6331006979062811,
      0.45861689463872607,
      0.6298840704164878,
      0.3028969563623029,
      0.0
    ]
  ],
  "text_matrix": [
    [
      0.0,
      0.182823921055548,
      0.182823921055548,
      0.20019637304855167,
      0.182823921055548,
      0.182823921055548,
      0.0,
      0.0,
      0.0,
      0.0,
      0.0,
      0.0,
      0.0,
      0.0,
      0.0,
      0.0,
      0.0,
      0.10962088203959829,
      0.10962088203959829,
      0.07573261376700534,
      0.0,
      0.0,
      0.0,
      0.23434241957557142,
      0.06595165568257275,
      0.21741432218251452,
      0.08233403542061947,
      0.19074546682526752,
      0.058083681529932735
    ],
    [
      0.182823921055548,
      0.0,
      0.19693473188171587,
      0.21564803348698378,
      0.19693473188171587,
      0.19693473188171587,
      0.0,
      0.0,
      0.0,
      0.0,
      0.0,
      0.0,
      0.0,
      0.0,
      0.0,
      0.0,
      0.0,
      0.11808169788977607,
      0.11808169788977607,
      0.08157784769518893,
      0.0,
      0.0,
      0.0,
      0.1599807858326486,
      0.0,
      0.11566049418995303,
      0.0,
      0.05851546926289662,
      0.0
    ],
    [
      0.182823921055548,
      0.19693473188171587,
      0.0,
      0.21564803348698378,
      0.19693473188171587,
      0.19693473188171587,
      0.0,
      0.0,
      0.0,
      0.0,
      0.0,
      0.0,
      0.0,
      0.0,
      0.0,
      0.0,
      0.0,
      0.11808169788977607,
      0.11808169788977607,
      0.08157784769518893,
      0.0,
      0.0,
      0.0,
      0.1599807858326486,
      0.0,
      0.11566049418995303,
      0.0,
      0.05851546926289662,
      0.0
    ],
    [
      0.20019637304855167,
      0.21564803348698378,
      0.21564803348698378,
      0.0,
      0.21564803348698378,
      0.21564803348698378,
      0.0,
      0.4492908271874895,
      0.0,
      0.0,
      0.0,
      0.0,
      0.0,
      0.0,
      0.0,
      0.0,
      0.0,
      0.12930215862597932,
      0.12930215862597932,
      0.08932960815735866,
      0.0,
      0.0,
      0.0,
      0.17518261776817667,
      0.0,
      0.12665088522413037,
      0.0,
      0.06407577655063328,
      0.0
    ],
    [
      0.182823921055548,
      0.19693473188171587,
      0.19693473188171587,
      0.21564803348698378,
      0.0,
      0.19693473188171587,
      0.0,
      0.0,
      0.0,
      0.0,
      0.0,
      0.0,
      0.0,
      0.0,
      0.0,
      0.0,
      0.0,
      0.11808169788977607,
      0.11808169788977607,
      0.08157784769518893,
      0.0,
      0.0,
      0.0,
      0.1599807858326486,
      0.0,
      0.11566049418995303,
      0.0,
      0.05851546926289662,
      0.0
    ],
    [
      0.182823921055548,
      0.19693473188171587,
      0.19693473188171587,
      0.21564803348698378,
      0.19693473188171587,
      0.0,
      0.0,
      0.0,
      0.0,
      0.0,
      0.0,
      0.0,
      0.0,
      0.0,
      0.0,
      0.0,
      0.0,
      0.11808169788977607,
      0.11808169788977607,
      0.08157784769518893,
      0.0,
      0.0,
      0.0,
      0.1599807858326486,
      0.0,
      0.11566049418995303,
      0.0,
      0.05851546926289662,
      0.0
    ],
    [
      0.0,
      0.0,
      0.0,
      0.0,
      0.0,
      0.0,
      0.0,
      0.10946812633159198,
      0.10588264843902744,
      0.10588264843902744,
      0.10588264843902744,
      0.10588264843902744,
      0.10588264843902744,
      0.10588264843902744,
      0.10588264843902744,
      0.10588264843902744,
      0.10588264843902744,
      0.0,
      0.0,
      0.0,
      0.0,
      0.0,
      0.0,
      0.0,
      0.06858540944499308,
      0.0,
      0.027212432843789682,
      0.0,
      0.12080646159898246
    ],
    [
      0.0,
      0.0,
      0.0,
      0.4492908271874895,
      0.0,
      0.0,
      0.10946812633159198,
      0.0,
      0.06718302713076395,
      0.06718302713076395,
      0.06718302713076395,
      0.06718302713076395,
      0.06718302713076395,
      0.06718302713076395,
      0.06718302713076395,
      0.06718302713076395,
      0.06718302713076395,
      0.0,
      0.0,
      0.0,
      0.0,
      0.0,
      0.0,
      0.0,
      0.04351775754996262,
      0.0,
      0.017266413723030283,
      0.0,
      0.07665225517899389
    ],
    [
      0.0,
      0.0,
      0.0,
      0.0,
      0.0,
      0.0,
      0.10588264843902744,
      0.06718302713076395,
      0.0,
      0.06498253949472592,
      0.06498253949472592,
      0.06498253949472592,
      0.06498253949472592,
      0.06498253949472592,
      0.06498253949472592,
      0.06498253949472592,
      0.06498253949472592,
      0.0,
      0.0,
      0.0,
      0.0,
      0.0,
      0.0,
      0.0,
      0.04209239326486712,
      0.0,
      0.01670087609338026,
      0.0,
      0.07414161600419894
    ],
    [
      0.0,
      0.0,
      0.0,
      0.0,
      0.0,
      0.0,
      0.10588264843902744,
      0.06718302713076395,
      0.06498253949472592,
      0.0,
      0.06498253949472592,
      0.06498253949472592,
      0.06498253949472592,
      0.06498253949472592,
      0.06498253949472592,
      0.06498253949472592,
      0.06498253949472592,
      0.0,
      0.0,
      0.0,
      0.0,
      0.0,
      0.0,
      0.0,
      0.04209239326486712,
      0.0,
      0.01670087609338026,
      0.0,
      0.07414161600419894
    ],
    [
      0.0,
      0.0,
      0.0,
      0.0,
      0.0,
      0.0,
      0.10588264843902744,
      0.06718302713076395,
      0.06498253949472592,
      0.06498253949472592,
      0.0,
      0.06498253949472592,
      0.06498253949472592,
      0.06498253949472592,
      0.06498253949472592,
      0.06498253949472592,
      0.06498253949472592,
      0.0,
      0.0,
      0.0,
      0.0,
      0.0,
      0.0,
      0.0,
      0.04209239326486712,
      0.0,
      0.01670087609338026,
      0.0,
      0.07414161600419894
    ],
    [
      0.0,
      0.0,
      0.0,
      0.0,
      0.0,
      0.0,
      0.10588264843902744,
      0.06718302713076395,
      0.06498253949472592,
      0.06498253949472592,
      0.06498253949472592,
      0.0,
      0.06498253949472592,
      0.06498253949472592,
      0.06498253949472592,
      0.06498253949472592,
      0.06498253949472592,
      0.0,
      0.0,
      0.0,
      0.0,
      0.0,
      0.0,
      0.0,
      0.04209239326486712,
      0.0,
      0.01670087609338026,
      0.0,
      0.07414161600419894
    ],
    [
      0.0,
      0.0,
      0.0,
      0.0,
      0.0,
      0.0,
      0.10588264843902744,
      0.06718302713076395,
      0.06498253949472592,
      0.06498253949472592,
      0.06498253949472592,
      0.06498253949472592,
      0.0,
      0.06498253949472592,
      0.06498253949472592,
      0.06498253949472592,
      0.06498253949472592,
      0.0,
      0.0,
      0.0,
      0.0,
      0.0,
      0.0,
      0.0,
      0.04209239326486712,
      0.0,
      0.01670087609338026,
      0.0,
      0.07414161600419894
    ],
    [
      0.0,
      0.0,
      0.0,
      0.0,
      0.0,
      0.0,
      0.10588264843902744,
      0.06718302713076395,
      0.06498253949472592,
      0.06498253949472592,
      0.06498253949472592,
      0.06498253949472592,
      0.06498253949472592,
      0.0,
      0.06498253949472592,
      0.06498253949472592,
      0.06498253949472592,
      0.0,
      0.0,
      0.0,
      0.0,
      0.0,
      0.0,
      0.0,
      0.04209239326486712,
      0.0,
      0.01670087609338026,
      0.0,
      0.07414161600419894
    ],
    [
      0.0,
      0.0,
      0.0,
      0.0,
      0.0,
      0.0,
      0.10588264843902744,
      0.06718302713076395,
      0.06498253949472592,
      0.06498253949472592,
      0.06498253949472592,
      0.06498253949472592,
      0.06498253949472592,
      0.06498253949472592,
      0.0,
      0.06498253949472592,
      0.06498253949472592,
      0.0,
      0.0,
      0.0,
      0.0,
      0.0,
      0.0,
      0.0,
      0.04209239326486712,
      0.0,
      0.01670087609338026,
      0.0,
      0.07414161600419894
    ],
    [
      0.0,
      0.0,
      0.0,
      0.0,
      0.0,
      0.0,
      0.10588264843902744,
      0.06718302713076395,
      0.06498253949472592,
      0.06498253949472592,
      0.06498253949472592,
      0.06498253949472592,
      0.06498253949472592,
      0.06498253949472592,
      0.06498253949472592,
      0.0,
      0.06498253949472592,
      0.0,
      0.0,
      0.0,
      0.0,
      0.0,
      0.0,
      0.0,
      0.04209239326486712,
      0.0,
      0.01670087609338026,
      0.0,
      0.07414161600419894
    ],
    [
      0.0,
      0.0,
      0.0,
      0.0,
      0.0,
      0.0,
      0.10588264843902744,
      0.06718302713076395,
      0.06498253949472592,
      0.06498253949472592,
      0.06498253949472592,
      0.06498253949472592,
      0.06498253949472592,
      0.06498253949472592,
      0.06498253949472592,
      0.06498253949472592,
      0.0,
      0.0,
      0.0,
      0.0,
      0.0,
      0.0,
      0.0,
      0.0,
      0.04209239326486712,
      0.0,
      0.01670087609338026,
      0.0,
      0.07414161600419894
    ],
    [
      0.10962088203959829,
      0.11808169788977607,
      0.11808169788977607,
      0.12930215862597932,
      0.11808169788977607,
      0.11808169788977607,
      0.0,
      0.0,
      0.0,
      0.0,
      0.0,
      0.0,
      0.0,
      0.0,
      0.0,
      0.0,
      0.0,
      0.0,
      0.7112836426839562,
      0.49139697097779433,
      0.4363344585310581,
      0.0,
      0.0,
      0.09592418076972878,
      0.0,
      0.06934981657234143,
      0.05726924887431998,
      0.03508576621989628,
      0.0
    ],
    [
      0.10962088203959829,
      0.11808169788977607,
      0.11808169788977607,
      0.12930215862597932,
      0.11808169788977607,
      0.11808169788977607,
      0.0,
      0.0,
      0.0,
      0.0,
      0.0,
      0.0,
      0.0,
      0.0,
      0.0,
      0.0,
      0.0,
      0.7112836426839562,
      0.0,
      0.49139697097779433,
      0.4363344585310581,
      0.0,
      0.0,
      0.09592418076972878,
      0.0,
      0.06934981657234143,
      0.05726924887431998,
      0.03508576621989628,
      0.0
    ],
    [
      0.07573261376700534,
      0.08157784769518893,
      0.08157784769518893,
      0.08932960815735866,
      0.08157784769518893,
      0.08157784769518893,
      0.0,
      0.0,
      0.0,
      0.0,
      0.0,
      0.0,
      0.0,
      0.0,
      0.0,
      0.0,
      0.0,
      0.49139697097779433,
      0.49139697097779433,
      0.0,
      0.3014457501740526,
      0.0,
      0.0,
      0.06627011932385371,
      0.0,
      0.04791097075271304,
      0.12406641091153901,
      0.024239330430592704,
      0.0
    ],
    [
      0.0,
      0.0,
      0.0,
      0.0,
      0.0,
      0.0,
      0.0,
      0.0,
      0.0,
      0.0,
      0.0,
      0.0,
      0.0,
      0.0,
      0.0,
      0.0,
      0.0,
      0.4363344585310581,
      0.4363344585310581,
      0.3014457501740526,
      0.0,
      0.12563592391929565,
      0.12563592391929565,
      0.0,
      0.0,
      0.0,
      0.044056706784503116,
      0.0,
      0.0
    ],
    [
      0.0,
      0.0,
      0.0,
      0.0,
      0.0,
      0.0,
      0.0,
      0.0,
      0.0,
      0.0,
      0.0,
      0.0,
      0.0,
      0.0,
      0.0,
      0.0,
      0.0,
      0.0,
      0.0,
      0.0,
      0.12563592391929565,
      0.0,
      0.24842608115228,
      0.0,
      0.0,
      0.0,
      0.0,
      0.0,
      0.0
    ],
    [
      0.0,
      0.0,
      0.0,
      0.0,
      0.0,
      0.0,
      0.0,
      0.0,
      0.0,
      0.0,
      0.0,
      0.0,
      0.0,
      0.0,
      0.0,
      0.0,
      0.0,
      0.0,
      0.0,
      0.0,
      0.12563592391929565,
      0.24842608115228,
      0.0,
      0.0,
      0.0,
      0.0,
      0.0,
      0.0,
      0.0
    ],
    [
      0.23434241957557142,
      0.1599807858326486,
      0.1599807858326486,
      0.17518261776817667,
      0.1599807858326486,
      0.1599807858326486,
      0.0,
      0.0,
      0.0,
      0.0,
      0.0,
      0.0,
      0.0,
      0.0,
      0.0,
      0.0,
      0.0,
      0.09592418076972878,
      0.09592418076972878,
      0.06627011932385371,
      0.0,
      0.0,
      0.0,
      0.0,
      0.0,
      0.1482528101426332,
      0.014801902291366716,
      0.047535295915537484,
      0.0
    ],
    [
      0.06595165568257275,
      0.0,
      0.0,
      0.0,
      0.0,
      0.0,
      0.06858540944499308,
      0.04351775754996262,
      0.04209239326486712,
      0.04209239326486712,
      0.04209239326486712,
      0.04209239326486712,
      0.04209239326486712,
      0.04209239326486712,
      0.04209239326486712,
      0.04209239326486712,
      0.04209239326486712,
      0.0,
      0.0,
      0.0,
      0.0,
      0.0,
      0.0,
      0.0,
      0.0,
      0.04172321129998271,
      0.06769036105397247,
      0.04221758354868864,
      0.09852085320371931
    ],
    [
      0.21741432218251452,
      0.11566049418995303,
      0.11566049418995303,
      0.12665088522413037,
      0.11566049418995303,
      0.11566049418995303,
      0.0,
      0.0,
      0.0,
      0.0,
      0.0,
      0.0,
      0.0,
      0.0,
      0.0,
      0.0,
      0.0,
      0.06934981657234143,
      0.06934981657234143,
      0.04791097075271304,
      0.0,
      0.0,
      0.0,
      0.1482528101426332,
      0.04172321129998271,
      0.0,
      0.07954325002073243,
      0.11141007265125928,
      0.03674566911888253
    ],
    [
      0.08233403542061947,
      0.0,
      0.0,
      0.0,
      0.0,
      0.0,
      0.027212432843789682,
      0.017266413723030283,
      0.01670087609338026,
      0.01670087609338026,
      0.01670087609338026,
      0.01670087609338026,
      0.01670087609338026,
      0.01670087609338026,
      0.01670087609338026,
      0.01670087609338026,
      0.01670087609338026,
      0.05726924887431998,
      0.05726924887431998,
      0.12406641091153901,
      0.044056706784503116,
      0.0,
      0.0,
      0.014801902291366716,
      0.06769036105397247,
      0.07954325002073243,
      0.0,
      0.20603588887016883,
      0.10539113263004818
    ],
    [
      0.19074546682526752,
      0.05851546926289662,
      0.05851546926289662,
      0.06407577655063328,
      0.05851546926289662,
      0.05851546926289662,
      0.0,
      0.0,
      0.0,
      0.0,
      0.0,
      0.0,
      0.0,
      0.0,
      0.0,
      0.0,
      0.0,
      0.03508576621989628,
      0.03508576621989628,
      0.024239330430592704,
      0.0,
      0.0,
      0.0,
      0.047535295915537484,
      0.04221758354868864,
      0.11141007265125928,
      0.20603588887016883,
      0.0,
      0.037181063195860335
    ],
    [
      0.058083681529932735,
      0.0,
      0.0,
      0.0,
      0.0,
      0.0,
      0.12080646159898246,
      0.07665225517899389,
      0.07414161600419894,
      0.07414161600419894,
      0.07414161600419894,
      0.07414161600419894,
      0.07414161600419894,
      0.07414161600419894,
      0.07414161600419894,
      0.07414161600419894,
      0.07414161600419894,
      0.0,
      0.0,
      0.0,
      0.0,
      0.0,
      0.0,
      0.0,
      0.09852085320371931,
      0.03674566911888253,
      0.10539113263004818,
      0.037181063195860335,
      0.0
    ]
  ],
  "dendrogram": {
    "name": "",
    "leaf": false,
    "children": [
      {
        "name": "",
        "leaf": false,
        "children": [
          {
            "name": "",
            "leaf": false,
            "children": [
              {
                "name": "h123",
                "leaf": true,
