# Horizontal Grid Cells

**Stage 1.** Grid cells define the fundamental 2D horizontal geometry — the shape, resolution, and extent of a single tile. A regular 1° atmosphere grid and a tripolar ocean grid are each their own record. Every grid cell is assigned a `g###` ID used in Stage 2.

---

!!! info "Generated files"
    This page is auto-generated during the build from live registry data. Three files are produced for each record type:

    - **`Horizontal_Grid_Cells.md`** — this page, embedded in the MkDocs site layout
    - **`Horizontal_Grid_Cells_data.json`** — processed similarity matrices, dendrogram tree, and key schema
    - **`Horizontal_Grid_Cells_raw.json`** — raw JSON-LD records as fetched from the cmipld registry (depth 2)

---

<link href="https://fonts.googleapis.com/css2?family=Source+Code+Pro:wght@400;600;700&family=Pacifico&display=swap" rel="stylesheet">

<style>
.emd-viz { font-family: 'Source Code Pro', monospace; width: 100%; }
.emd-section { margin-bottom: 2.5rem; }
.emd-section-label {
  font-size: 11px; font-weight: 700; color: #0d1035;
  text-transform: uppercase; letter-spacing: 0.09em;
  margin-bottom: 12px; display: block;
}
.emd-selector-row { display: flex; gap: 10px; align-items: center; flex-wrap: wrap; }
#emd-entry-select {
  flex: 1; min-width: 240px; padding: 8px 12px;
  border: 1.5px solid #ccc; border-radius: 6px;
  font-family: 'Source Code Pro', monospace; font-size: 12px;
  color: #0d1035; background: #fff; cursor: pointer;
}
#emd-entry-select:focus { outline: none; border-color: #0d1035; }
#emd-go-btn {
  padding: 8px 18px; border: 1.5px solid #0d1035; border-radius: 6px;
  background: #0d1035; color: #fff;
  font-family: 'Source Code Pro', monospace; font-size: 12px;
  font-weight: 600; cursor: pointer; transition: background .15s;
}
#emd-go-btn:hover { background: #1a2080; }
.emd-stats {
  margin-top: 10px; font-size: 11px; color: #888;
  display: flex; gap: 20px; flex-wrap: wrap;
}
.emd-stats b { color: #0d1035; }
.emd-filter-bar { display: flex; flex-wrap: wrap; gap: 6px; margin-bottom: 10px; }
.emd-fbtn {
  padding: 4px 11px; border-radius: 20px; border: 1.5px solid #ccc;
  background: #fff; cursor: pointer; font-family: 'Source Code Pro', monospace;
  font-size: 11px; color: #555; transition: all .15s;
}
.emd-fbtn:hover  { border-color: #0d1035; color: #0d1035; }
.emd-fbtn.active { background: #0d1035; border-color: #0d1035; color: #fff; font-weight: 600; }
.emd-tip {
  position: fixed; background: #0d1035; color: #fff;
  padding: 10px 14px; border-radius: 8px; font-size: 12px;
  font-family: 'Source Code Pro', monospace; pointer-events: none;
  opacity: 0; transition: opacity .12s; line-height: 1.9;
  box-shadow: 0 6px 24px rgba(0,0,0,.25); max-width: 280px; z-index: 999;
}
.emd-tip-link { color: #e8607e; font-weight: 600; }
.emd-tip-text { color: #f5c842; font-weight: 600; }
.emd-tip-head { font-weight: 700; font-size: 13px;
  border-bottom: 1px solid rgba(255,255,255,.2); padding-bottom: 5px; margin-bottom: 5px; }
/* ── font toggle ── */
.emd-font-btn {
  padding: 5px 12px; border-radius: 20px; border: 1.5px solid #ccc;
  background: #fff; font-size: 11px; cursor: pointer;
  font-family: 'Source Code Pro', monospace; color: #888;
  transition: all .2s; white-space: nowrap;
}
.emd-font-btn:hover { border-color: #a060c0; color: #602080; }
.emd-font-btn.active { background: #f3e8ff; border-color: #a060c0;
  color: #602080; font-family: 'Pacifico', cursive; }
.emd-viz.pretty svg text { font-family: 'Pacifico', cursive !important; }
.emd-viz.pretty #emd-entry-select,
.emd-viz.pretty .emd-stats,
.emd-viz.pretty .emd-section-label { font-family: 'Pacifico', cursive !important; }
</style>

<div class="emd-viz">

<div class="emd-section">
<span class="emd-section-label">View a specific Grid Cell</span>
<div class="emd-selector-row">
  <select id="emd-entry-select">
    <option value="">Select an entry…</option>
    <option value="../Horizontal_Grid_Cells/g133/">g133</option>
    <option value="../Horizontal_Grid_Cells/g100/">g100</option>
    <option value="../Horizontal_Grid_Cells/g131/">g131</option>
    <option value="../Horizontal_Grid_Cells/g106/">g106</option>
    <option value="../Horizontal_Grid_Cells/g113/">g113</option>
    <option value="../Horizontal_Grid_Cells/g129/">g129</option>
    <option value="../Horizontal_Grid_Cells/g117/">g117</option>
    <option value="../Horizontal_Grid_Cells/g105/">g105</option>
    <option value="../Horizontal_Grid_Cells/g123/">g123</option>
    <option value="../Horizontal_Grid_Cells/g111/">g111</option>
    <option value="../Horizontal_Grid_Cells/g110/">g110</option>
    <option value="../Horizontal_Grid_Cells/g108/">g108</option>
    <option value="../Horizontal_Grid_Cells/g109/">g109</option>
    <option value="../Horizontal_Grid_Cells/g115/">g115</option>
    <option value="../Horizontal_Grid_Cells/g126/">g126</option>
    <option value="../Horizontal_Grid_Cells/g124/">g124</option>
    <option value="../Horizontal_Grid_Cells/g125/">g125</option>
    <option value="../Horizontal_Grid_Cells/g128/">g128</option>
    <option value="../Horizontal_Grid_Cells/g127/">g127</option>
    <option value="../Horizontal_Grid_Cells/g118/">g118</option>
    <option value="../Horizontal_Grid_Cells/g116/">g116</option>
    <option value="../Horizontal_Grid_Cells/g119/">g119</option>
    <option value="../Horizontal_Grid_Cells/g107/">g107</option>
    <option value="../Horizontal_Grid_Cells/g103/">g103</option>
    <option value="../Horizontal_Grid_Cells/g104/">g104</option>
    <option value="../Horizontal_Grid_Cells/g132/">g132</option>
    <option value="../Horizontal_Grid_Cells/tempgrid_JanStreffing-1775067544/">tempgrid_JanStreffing-1775067544</option>
    <option value="../Horizontal_Grid_Cells/tempgrid_JanStreffing-1775067544/">tempgrid_JanStreffing-1775067544</option>
    <option value="../Horizontal_Grid_Cells/g130/">g130</option>
    <option value="../Horizontal_Grid_Cells/g121/">g121</option>
    <option value="../Horizontal_Grid_Cells/g114/">g114</option>
    <option value="../Horizontal_Grid_Cells/g120/">g120</option>
    <option value="../Horizontal_Grid_Cells/g112/">g112</option>
    <option value="../Horizontal_Grid_Cells/g122/">g122</option>
    <option value="../Horizontal_Grid_Cells/g101/">g101</option>
  </select>
  <button id="emd-go-btn" onclick="emdGotoEntry()">Open →</button>
  <button class="emd-font-btn" id="emd-font-toggle" onclick="emdToggleFont()">✨ Pretty font</button>
</div>
<div class="emd-stats">
  <span><b>35</b> registered entries</span>
  <span>Endpoint: <b>horizontal_grid_cell</b></span>
</div>
</div>

<div class="emd-section">
<span class="emd-section-label">Similarity &amp; Hierarchical Clustering</span>
<div class="emd-filter-bar" id="emd-filter-bar"></div>
<div id="emd-combined-chart" style="overflow-x:auto; display:flex; justify-content:center;"></div>
<div class="emd-tip" id="emd-tip"></div>
</div>

<div class="emd-section">
<span class="emd-section-label">Record Key Schema</span>
<div id="emd-key-graph"></div>
</div>

</div>

<script src="https://d3js.org/d3.v7.min.js"></script>
<script>
(function () {
'use strict';

/* ── injected data ─────────────────────────────────────────────────────── */
var EMD_DATA    = {"ids":["g133","g100","g131","g106","g113","g129","g117","g105","g123","g111","g110","g108","g109","g115","g126","g124","g125","g128","g127","g118","g116","g119","g107","g103","g104","g132","tempgrid_JanStreffing-1775067544","tempgrid_JanStreffing-1775067544","g130","g121","g114","g120","g112","g122","g101"],"link":[[0.0,0.7468820861678004,0.6082474226804123,0.6129032258064516,0.5775853775853775,0.5603174603174603,0.5398148148148149,0.49131406948744405,0.4529363110008271,0.5304696449026346,0.5440079365079366,0.5440079365079366,0.5130555555555556,0.5130555555555556,0.3583981561509652,0.3669451646979737,0.3558340535868626,0.43532123307404214,0.43791414577931437,0.42891097666378564,0.37762892538173437,0.41604244694132336,0.3604868913857678,0.33614232209737827,0.33614232209737827,0.3911545603548247,0.40408280857719053,0.40408280857719053,0.3821047865991686,0.49023336214347446,0.5467614011896893,0.37687265917602997,0.4823434991974318,0.32802403588920437,0.4040604905929983],[0.7468820861678004,0.0,0.7478741496598639,0.747874149659864,0.7507756132756134,0.6666666666666666,0.6092592592592593,0.6141210870313036,0.5575091575091575,0.6700963718820862,0.6887301587301587,0.6887301587301587,0.6577777777777778,0.6577777777777778,0.3560962846677133,0.36464329321472183,0.3535321821036107,0.43301936159079024,0.4338042909471481,0.42660910518053374,0.3753270538984825,0.4135487528344672,0.3579931972789116,0.33758503401360546,0.33758503401360546,0.3863391510450334,0.39926739926739924,0.39926739926739924,0.3772893772893772,0.530604194340458,0.6067022963031367,0.39091350826044696,0.4987244897959184,0.3442015859598277,0.43830194799813416],[0.6082474226804123,0.7478741496598639,0.0,0.6746849942726231,0.735954785954786,0.7019841269841272,0.5216049382716049,0.5947497420020639,0.5650938408670367,0.7127004581901489,0.6876190476190476,0.680674603174603,0.6677777777777778,0.6608333333333334,0.38197197991012416,0.3905189884571328,0.3794078773460216,0.3947924927306371,0.3955855141422152,0.41402326196140626,0.41402326196140626,0.40685853379152354,0.3582474226804124,0.35151775486827036,0.35151775486827036,0.36916646119193114,0.3820947094142971,0.3820947094142971,0.371105698425286,0.5527308403993575,0.6340066888505337,0.41494845360824734,0.4900589101620029,0.36190025940224196,0.43134952388812536],[0.6129032258064516,0.747874149659864,0.6746849942726231,0.0,0.6390331890331891,0.6158730158730159,0.5035493827160494,0.6002321981424147,0.6239867659222499,0.6357961053837342,0.6737301587301587,0.6737301587301587,0.6761111111111111,0.6761111111111111,0.3829611248966087,0.3915081334436173,0.38039702233250616,0.42142266335814715,0.4222497932175351,0.4662944582299421,0.41501240694789077,0.40098566308243716,0.3593189964157706,0.3517025089605735,0.3517025089605735,0.38752076512987327,0.4004490133522391,0.4004490133522391,0.37847099137421714,0.47154037029967544,0.5453177962665628,0.3511904761904762,0.6459293394777266,0.34576300457193754,0.4432538882884203],[0.5775853775853775,0.7507756132756134,0.735954785954786,0.6390331890331891,0.0,0.7238095238095238,0.5609788359788359,0.5990417219519387,0.5525141525141526,0.641065416065416,0.7494444444444444,0.7383333333333333,0.6780158730158728,0.6669047619047618,0.37784437784437785,0.37784437784437785,0.3752802752802753,0.4067821067821068,0.4075591075591075,0.4324231324231325,0.39780774780774786,0.424013949013949,0.3815536315536316,0.3613516113516113,0.3613516113516113,0.36487172957761194,0.3777999777999778,0.3777999777999778,0.3777999777999778,0.5628798551875476,0.6140624625918744,0.3811688311688312,0.5014430014430014,0.35562984024522487,0.40293572691762736],[0.5603174603174603,0.6666666666666666,0.7019841269841272,0.6158730158730159,0.7238095238095238,0.0,0.5096560846560846,0.5741191213327438,0.5326007326007326,0.6023809523809525,0.6944444444444445,0.6666666666666666,0.6694444444444444,0.6416666666666667,0.3725274725274725,0.3725274725274725,0.37338217338217333,0.38021978021978026,0.380952380952381,0.3904761904761905,0.3776556776556777,0.3980158730158731,0.37023809523809526,0.33730158730158727,0.33730158730158727,0.3610644257703081,0.3673992673992675,0.3673992673992675,0.3564102564102564,0.4647224570301493,0.5607555842849961,0.3867346938775511,0.4876984126984127,0.3426317272471119,0.38552699186183353],[0.5398148148148149,0.6092592592592593,0.5216049382716049,0.5035493827160494,0.5609788359788359,0.5096560846560846,0.0,0.5633814929480564,0.5584045584045584,0.6396604938271605,0.5112874779541446,0.5807319223985891,0.5827160493827162,0.6521604938271606,0.33618233618233617,0.33618233618233617,0.3353276353276353,0.3596866096866097,0.3611111111111111,0.3628917378917379,0.4141737891737892,0.44521604938271614,0.3549382716049383,0.33564814814814814,0.33564814814814814,0.4158820482349894,0.42234617234617233,0.42234617234617233,0.42234617234617233,0.48475783475783474,0.5774328249818446,0.4226791726791727,0.47255291005291,0.3407610907610908,0.47091960327254445],[0.49131406948744405,0.6141210870313036,0.5947497420020639,0.6002321981424147,0.5990417219519387,0.5741191213327438,0.5633814929480564,0.0,0.5450107168373421,0.6752235982112142,0.623185414516684,0.6926298589611285,0.5967148262813898,0.6661592707258343,0.3226164959911089,0.3226164959911089,0.3226164959911089,0.3482575216321345,0.34960704929745173,0.3437326347543065,0.3950146860363578,0.4328345373237013,0.3625730994152046,0.3355263157894737,0.3355263157894737,0.41052858390319685,0.41505347078102495,0.41505347078102495,0.4260424817700359,0.4666526218086113,0.6054715408430578,0.42595459236326105,0.5176298589611282,0.351579435885223,0.6210422505969064],[0.4529363110008271,0.5575091575091575,0.5650938408670367,0.6239867659222499,0.5525141525141526,0.5326007326007326,0.5584045584045584,0.5450107168373421,0.0,0.7005022468939995,0.5407326007326007,0.6048351648351648,0.622051282051282,0.6861538461538461,0.36783949439036284,0.36783949439036284,0.36953729382571887,0.3893713813068651,0.39019851116625304,0.3764400921658986,0.4240591397849462,0.44065343258891637,0.3444995864350703,0.3374689826302729,0.3374689826302729,0.39305399579186506,0.39905639675224924,0.39905639675224924,0.39905639675224924,0.45452558194493686,0.5538981769459072,0.40555555555555556,0.43323880420654615,0.3380724498236019,0.4024376552240329],[0.5304696449026346,0.6700963718820862,0.7127004581901489,0.6357961053837342,0.641065416065416,0.6023809523809525,0.6396604938271605,0.6752235982112142,0.7005022468939995,0.0,0.6616269841269843,0.7310714285714286,0.7330555555555555,0.8024999999999999,0.33923693717508147,0.33923693717508147,0.3383822363203806,0.3755617234998678,0.3763547449114459,0.378766851704996,0.43004890298704734,0.462414089347079,0.3582474226804124,0.3654066437571592,0.3654066437571592,0.42233388200641075,0.4287980061175937,0.4287980061175937,0.4178089951285827,0.5104231480916652,0.6262452509420369,0.45661512027491413,0.4821224022254949,0.3756365231385057,0.5389664167991359],[0.5440079365079366,0.6887301587301587,0.6876190476190476,0.6737301587301587,0.7494444444444444,0.6944444444444445,0.5112874779541446,0.623185414516684,0.5407326007326007,0.6616269841269843,0.0,0.9305555555555555,0.8952380952380953,0.8257936507936509,0.37273504273504277,0.3748717948717949,0.3616239316239316,0.3684615384615384,0.3756410256410256,0.3844871794871795,0.36205128205128206,0.39222222222222225,0.37138888888888894,0.33749999999999997,0.33749999999999997,0.3511010558069382,0.36402930402930406,0.36402930402930406,0.36402930402930406,0.47648069878839117,0.5523428858722976,0.38404761904761914,0.5287698412698413,0.34178923640462106,0.4455075994895],[0.5440079365079366,0.6887301587301587,0.680674603174603,0.6737301587301587,0.7383333333333333,0.6666666666666666,0.5807319223985891,0.6926298589611285,0.6048351648351648,0.7310714285714286,0.9305555555555555,0.0,0.8257936507936509,0.8952380952380953,0.3556410256410257,0.3556410256410257,0.35307692307692307,0.3684615384615384,0.3756410256410256,0.3844871794871795,0.42615384615384616,0.46166666666666667,0.37138888888888894,0.33749999999999997,0.33749999999999997,0.4152036199095023,0.42813186813186815,0.42813186813186815,0.42813186813186815,0.5405832628909553,0.621787330316742,0.4435714285714286,0.5287698412698413,0.40589180050718515,0.509610163592064],[0.5130555555555556,0.6577777777777778,0.6677777777777778,0.6761111111111111,0.6780158730158728,0.6694444444444444,0.5827160493827162,0.5967148262813898,0.622051282051282,0.7330555555555555,0.8952380952380953,0.8257936507936509,0.0,0.9305555555555555,0.3812820512820513,0.3834188034188034,0.37188034188034186,0.36205128205128206,0.3628205128205128,0.39089743589743586,0.3780769230769231,0.3783333333333334,0.3575,0.3513888888888889,0.3513888888888889,0.3575651799181211,0.36402930402930406,0.36402930402930406,0.35304029304029305,0.4607297830374754,0.5376370035193565,0.3721428571428572,0.49107142857142855,0.2978331924485771,0.43645782573384384],[0.5130555555555556,0.6577777777777778,0.6608333333333334,0.6761111111111111,0.6669047619047618,0.6416666666666667,0.6521604938271606,0.6661592707258343,0.6861538461538461,0.8024999999999999,0.8257936507936509,0.8952380952380953,0.9305555555555555,0.0,0.3641880341880342,0.3641880341880342,0.36333333333333334,0.36205128205128206,0.3628205128205128,0.39089743589743586,0.4421794871794872,0.44777777777777783,0.3575,0.3513888888888889,0.3513888888888889,0.4216677440206852,0.42813186813186815,0.42813186813186815,0.41714285714285715,0.5248323471400395,0.6070814479638009,0.4316666666666667,0.49107142857142855,0.36193575655114113,0.5005603898364079],[0.3583981561509652,0.3560962846677133,0.38197197991012416,0.3829611248966087,0.37784437784437785,0.3725274725274725,0.33618233618233617,0.3226164959911089,0.36783949439036284,0.33923693717508147,0.37273504273504277,0.3556410256410257,0.3812820512820513,0.3641880341880342,0.0,0.9168609168609169,0.8888111888111889,0.6818181818181818,0.6466666666666666,0.6574074074074074,0.6574074074074074,0.6818181818181818,0.6515151515151515,0.5823451910408433,0.5823451910408433,0.48091171952652023,0.49398361495135684,0.49398361495135684,0.49398361495135684,0.30818619582664525,0.35884433348936395,0.25518419489007726,0.4873504273504273,0.2746913580246914,0.24794338788146836],[0.3669451646979737,0.36464329321472183,0.3905189884571328,0.3915081334436173,0.37784437784437785,0.3725274725274725,0.33618233618233617,0.3226164959911089,0.36783949439036284,0.33923693717508147,0.3748717948717949,0.3556410256410257,0.3834188034188034,0.3641880341880342,0.9168609168609169,0.0,0.8403263403263405,0.696969696969697,0.6466666666666666,0.6574074074074074,0.6666666666666666,0.6818181818181818,0.6515151515151515,0.5823451910408433,0.5823451910408433,0.4760097587422065,0.48472435569209765,0.48472435569209765,0.48472435569209765,0.30818619582664525,0.363369220367192,0.25518419489007726,0.4884188034188034,0.2746913580246914,0.24794338788146836],[0.3558340535868626,0.3535321821036107,0.3794078773460216,0.38039702233250616,0.3752802752802753,0.37338217338217333,0.3353276353276353,0.3226164959911089,0.36953729382571887,0.3383822363203806,0.3616239316239316,0.35307692307692307,0.37188034188034186,0.36333333333333334,0.8888111888111889,0.8403263403263405,0.0,0.6893939393939394,0.6542424242424243,0.6555555555555556,0.6555555555555556,0.6893939393939394,0.6515151515151515,0.5823451910408433,0.5823451910408433,0.48091171952652023,0.4912058371735791,0.4912058371735791,0.4912058371735791,0.3058052434456929,0.35884433348936395,0.25518419489007726,0.48393162393162387,0.272310405643739,0.24794338788146836],[0.43532123307404214,0.43301936159079024,0.3947924927306371,0.42142266335814715,0.4067821067821068,0.38021978021978026,0.3596866096866097,0.3482575216321345,0.3893713813068651,0.3755617234998678,0.3684615384615384,0.3684615384615384,0.36205128205128206,0.36205128205128206,0.6818181818181818,0.696969696969697,0.6893939393939394,0.0,0.911818181818182,0.7291666666666666,0.6736111111111112,0.7954545454545456,0.6515151515151515,0.5974967061923584,0.5974967061923584,0.5114906177524773,0.5098566308243727,0.5098566308243727,0.5217613927291346,0.29628143392188333,0.38448535913038956,0.26073975044563275,0.4574358974358974,0.2865961199294533,0.2836576735957541],[0.43791414577931437,0.4338042909471481,0.3955855141422152,0.4222497932175351,0.4075591075591075,0.380952380952381,0.3611111111111111,0.34960704929745173,0.39019851116625304,0.3763547449114459,0.3756410256410256,0.3756410256410256,0.3628205128205128,0.3628205128205128,0.6466666666666666,0.6466666666666666,0.6542424242424243,0.911818181818182,0.0,0.6969444444444445,0.6483333333333333,0.8133333333333334,0.6163636363636363,0.5993939393939395,0.5993939393939395,0.49627450980392157,0.5044444444444445,0.5044444444444445,0.5163492063492063,0.298689138576779,0.3862537057263224,0.2685680332739156,0.48717948717948717,0.28924162257495595,0.28591331269349846],[0.42891097666378564,0.42660910518053374,0.41402326196140626,0.4662944582299421,0.4324231324231325,0.3904761904761905,0.3628917378917379,0.3437326347543065,0.3764400921658986,0.378766851704996,0.3844871794871795,0.3844871794871795,0.39089743589743586,0.39089743589743586,0.6574074074074074,0.6574074074074074,0.6555555555555556,0.7291666666666666,0.6969444444444445,0.0,0.893939393939394,0.7348484848484849,0.6515151515151515,0.5974967061923584,0.5974967061923584,0.5555580869281753,0.5849698516340577,0.5849698516340577,0.5719828386470447,0.3141385767790262,0.3927809850730743,0.2932302055417549,0.4638461538461538,0.2925485008818342,0.2675512310187233],[0.37762892538173437,0.3753270538984825,0.41402326196140626,0.41501240694789077,0.39780774780774786,0.3776556776556777,0.4141737891737892,0.3950146860363578,0.4240591397849462,0.43004890298704734,0.36205128205128206,0.42615384615384616,0.3780769230769231,0.4421794871794872,0.6574074074074074,0.6666666666666666,0.6555555555555556,0.6736111111111112,0.6483333333333333,0.893939393939394,0.0,0.8030303030303031,0.6515151515151515,0.5974967061923584,0.5974967061923584,0.616164147534236,0.6342122758764819,0.6342122758764819,0.621225262889469,0.36175762439807385,0.4440630363551256,0.3408492531608025,0.47346153846153843,0.3490961199294533,0.3151702786377709],[0.41604244694132336,0.4135487528344672,0.40685853379152354,0.40098566308243716,0.424013949013949,0.3980158730158731,0.44521604938271614,0.4328345373237013,0.44065343258891637,0.462414089347079,0.39222222222222225,0.46166666666666667,0.3783333333333334,0.44777777777777783,0.6818181818181818,0.6818181818181818,0.6893939393939394,0.7954545454545456,0.8133333333333334,0.7348484848484849,0.8030303030303031,0.0,0.7166666666666666,0.6572463768115943,0.6572463768115943,0.6079006382611696,0.6168132942326491,0.6168132942326491,0.6298003072196621,0.3703543647363872,0.4720813612801443,0.33293544690603516,0.4955555555555555,0.3599240265906933,0.35675954592363257],[0.3604868913857678,0.3579931972789116,0.3582474226804124,0.3593189964157706,0.3815536315536316,0.37023809523809526,0.3549382716049383,0.3625730994152046,0.3444995864350703,0.3582474226804124,0.37138888888888894,0.37138888888888894,0.3575,0.3575,0.6515151515151515,0.6515151515151515,0.6515151515151515,0.6515151515151515,0.6163636363636363,0.6515151515151515,0.6515151515151515,0.7166666666666666,0.0,0.779891304347826,0.779891304347826,0.5085881860075407,0.5085881860075407,0.5085881860075407,0.4956011730205278,0.26779026217228463,0.3740421455938698,0.24364973262032086,0.5511111111111111,0.2830009496676163,0.2534412955465587],[0.33614232209737827,0.33758503401360546,0.35151775486827036,0.3517025089605735,0.3613516113516113,0.33730158730158727,0.33564814814814814,0.3355263157894737,0.3374689826302729,0.3654066437571592,0.33749999999999997,0.33749999999999997,0.3513888888888889,0.3513888888888889,0.5823451910408433,0.5823451910408433,0.5823451910408433,0.5974967061923584,0.5993939393939395,0.5974967061923584,0.5974967061923584,0.6572463768115943,0.779891304347826,0.0,0.9755434782608696,0.47016751364577447,0.47016751364577447,0.47016751364577447,0.45718050065876153,0.27441659464131374,0.3529693486590038,0.22092245989304812,0.4383333333333333,0.23646723646723647,0.26045883940620784],[0.33614232209737827,0.33758503401360546,0.35151775486827036,0.3517025089605735,0.3613516113516113,0.33730158730158727,0.33564814814814814,0.3355263157894737,0.3374689826302729,0.3654066437571592,0.33749999999999997,0.33749999999999997,0.3513888888888889,0.3513888888888889,0.5823451910408433,0.5823451910408433,0.5823451910408433,0.5974967061923584,0.5993939393939395,0.5974967061923584,0.5974967061923584,0.6572463768115943,0.779891304347826,0.9755434782608696,0.0,0.471485036702428,0.471485036702428,0.471485036702428,0.471485036702428,0.27441659464131374,0.3529693486590038,0.22092245989304812,0.4383333333333333,0.23646723646723647,0.26045883940620784],[0.3911545603548247,0.3863391510450334,0.36916646119193114,0.38752076512987327,0.36487172957761194,0.3610644257703081,0.4158820482349894,0.41052858390319685,0.39305399579186506,0.42233388200641075,0.3511010558069382,0.4152036199095023,0.3575651799181211,0.4216677440206852,0.48091171952652023,0.4760097587422065,0.48091171952652023,0.5114906177524773,0.49627450980392157,0.5555580869281753,0.616164147534236,0.6079006382611696,0.5085881860075407,0.47016751364577447,0.471485036702428,0.0,0.9358288770053474,0.9358288770053474,0.8449197860962566,0.3267936388038361,0.433935908580939,0.3203858419511795,0.35747468218056455,0.3290130867161679,0.3193719593100398],[0.40408280857719053,0.39926739926739924,0.3820947094142971,0.4004490133522391,0.3777999777999778,0.3673992673992675,0.42234617234617233,0.41505347078102495,0.39905639675224924,0.4287980061175937,0.36402930402930406,0.42813186813186815,0.36402930402930406,0.42813186813186815,0.49398361495135684,0.48472435569209765,0.4912058371735791,0.5098566308243727,0.5044444444444445,0.5849698516340577,0.6342122758764819,0.6168132942326491,0.5085881860075407,0.47016751364577447,0.471485036702428,0.9358288770053474,0.0,1.0,0.9090909090909091,0.33879844072460447,0.42941102170311096,0.32388724251140355,0.37040293040293043,0.3410178886369363,0.3235736399823087],[0.40408280857719053,0.39926739926739924,0.3820947094142971,0.4004490133522391,0.3777999777999778,0.3673992673992675,0.42234617234617233,0.41505347078102495,0.39905639675224924,0.4287980061175937,0.36402930402930406,0.42813186813186815,0.36402930402930406,0.42813186813186815,0.49398361495135684,0.48472435569209765,0.4912058371735791,0.5098566308243727,0.5044444444444445,0.5849698516340577,0.6342122758764819,0.6168132942326491,0.5085881860075407,0.47016751364577447,0.471485036702428,0.9358288770053474,1.0,0.0,0.9090909090909091,0.33879844072460447,0.42941102170311096,0.32388724251140355,0.37040293040293043,0.3410178886369363,0.3235736399823087],[0.3821047865991686,0.3772893772893772,0.371105698425286,0.37847099137421714,0.3777999777999778,0.3564102564102564,0.42234617234617233,0.4260424817700359,0.39905639675224924,0.4178089951285827,0.36402930402930406,0.42813186813186815,0.35304029304029305,0.41714285714285715,0.49398361495135684,0.48472435569209765,0.4912058371735791,0.5217613927291346,0.5163492063492063,0.5719828386470447,0.621225262889469,0.6298003072196621,0.4956011730205278,0.45718050065876153,0.471485036702428,0.8449197860962566,0.9090909090909091,0.9090909090909091,0.0,0.33879844072460447,0.42941102170311096,0.3340913241440567,0.3594139194139194,0.33081380700428314,0.3235736399823087],[0.49023336214347446,0.530604194340458,0.5527308403993575,0.47154037029967544,0.5628798551875476,0.4647224570301493,0.48475783475783474,0.4666526218086113,0.45452558194493686,0.5104231480916652,0.47648069878839117,0.5405832628909553,0.4607297830374754,0.5248323471400395,0.30818619582664525,0.30818619582664525,0.3058052434456929,0.29628143392188333,0.298689138576779,0.3141385767790262,0.36175762439807385,0.3703543647363872,0.26779026217228463,0.27441659464131374,0.27441659464131374,0.3267936388038361,0.33879844072460447,0.33879844072460447,0.33879844072460447,0.0,0.6659548867083566,0.5374413810468007,0.3802732847676668,0.5731263118903568,0.5755179804715408],[0.5467614011896893,0.6067022963031367,0.6340066888505337,0.5453177962665628,0.6140624625918744,0.5607555842849961,0.5774328249818446,0.6054715408430578,0.5538981769459072,0.6262452509420369,0.5523428858722976,0.621787330316742,0.5376370035193565,0.6070814479638009,0.35884433348936395,0.363369220367192,0.35884433348936395,0.38448535913038956,0.3862537057263224,0.3927809850730743,0.4440630363551256,0.4720813612801443,0.3740421455938698,0.3529693486590038,0.3529693486590038,0.433935908580939,0.42941102170311096,0.42941102170311096,0.42941102170311096,0.6659548867083566,0.0,0.4501209574738986,0.4739970700924048,0.4449342071045926,0.47747876478526624],[0.37687265917602997,0.39091350826044696,0.41494845360824734,0.3511904761904762,0.3811688311688312,0.3867346938775511,0.4226791726791727,0.42595459236326105,0.40555555555555556,0.45661512027491413,0.38404761904761914,0.4435714285714286,0.3721428571428572,0.4316666666666667,0.25518419489007726,0.25518419489007726,0.25518419489007726,0.26073975044563275,0.2685680332739156,0.2932302055417549,0.3408492531608025,0.33293544690603516,0.24364973262032086,0.22092245989304812,0.22092245989304812,0.3203858419511795,0.32388724251140355,0.32388724251140355,0.3340913241440567,0.5374413810468007,0.4501209574738986,0.0,0.33537051184110006,0.4051757066462948,0.519281660032434],[0.4823434991974318,0.4987244897959184,0.4900589101620029,0.6459293394777266,0.5014430014430014,0.4876984126984127,0.47255291005291,0.5176298589611282,0.43323880420654615,0.4821224022254949,0.5287698412698413,0.5287698412698413,0.49107142857142855,0.49107142857142855,0.4873504273504273,0.4884188034188034,0.48393162393162387,0.4574358974358974,0.48717948717948717,0.4638461538461538,0.47346153846153843,0.4955555555555555,0.5511111111111111,0.4383333333333333,0.4383333333333333,0.35747468218056455,0.37040293040293043,0.37040293040293043,0.3594139194139194,0.3802732847676668,0.4739970700924048,0.33537051184110006,0.0,0.3407950074616741,0.39765023418274187],[0.32802403588920437,0.3442015859598277,0.36190025940224196,0.34576300457193754,0.35562984024522487,0.3426317272471119,0.3407610907610908,0.351579435885223,0.3380724498236019,0.3756365231385057,0.34178923640462106,0.40589180050718515,0.2978331924485771,0.36193575655114113,0.2746913580246914,0.2746913580246914,0.272310405643739,0.2865961199294533,0.28924162257495595,0.2925485008818342,0.3490961199294533,0.3599240265906933,0.2830009496676163,0.23646723646723647,0.23646723646723647,0.3290130867161679,0.3410178886369363,0.3410178886369363,0.33081380700428314,0.5731263118903568,0.4449342071045926,0.4051757066462948,0.3407950074616741,0.0,0.4344923394458998],[0.4040604905929983,0.43830194799813416,0.43134952388812536,0.4432538882884203,0.40293572691762736,0.38552699186183353,0.47091960327254445,0.6210422505969064,0.4024376552240329,0.5389664167991359,0.4455075994895,0.509610163592064,0.43645782573384384,0.5005603898364079,0.24794338788146836,0.24794338788146836,0.24794338788146836,0.2836576735957541,0.28591331269349846,0.2675512310187233,0.3151702786377709,0.35675954592363257,0.2534412955465587,0.26045883940620784,0.26045883940620784,0.3193719593100398,0.3235736399823087,0.3235736399823087,0.3235736399823087,0.5755179804715408,0.47747876478526624,0.519281660032434,0.39765023418274187,0.4344923394458998,0.0]],"text":[[0.0,0.7468820861678004,0.6082474226804123,0.6129032258064516,0.5775853775853775,0.5603174603174603,0.5398148148148149,0.49131406948744405,0.4529363110008271,0.5304696449026346,0.5440079365079366,0.5440079365079366,0.5130555555555556,0.5130555555555556,0.3583981561509652,0.3669451646979737,0.3558340535868626,0.43532123307404214,0.43791414577931437,0.42891097666378564,0.37762892538173437,0.41604244694132336,0.3604868913857678,0.33614232209737827,0.33614232209737827,0.3911545603548247,0.40408280857719053,0.40408280857719053,0.3821047865991686,0.49023336214347446,0.5467614011896893,0.37687265917602997,0.4823434991974318,0.32802403588920437,0.4040604905929983],[0.7468820861678004,0.0,0.7478741496598639,0.747874149659864,0.7507756132756134,0.6666666666666666,0.6092592592592593,0.6141210870313036,0.5575091575091575,0.6700963718820862,0.6887301587301587,0.6887301587301587,0.6577777777777778,0.6577777777777778,0.3560962846677133,0.36464329321472183,0.3535321821036107,0.43301936159079024,0.4338042909471481,0.42660910518053374,0.3753270538984825,0.4135487528344672,0.3579931972789116,0.33758503401360546,0.33758503401360546,0.3863391510450334,0.39926739926739924,0.39926739926739924,0.3772893772893772,0.530604194340458,0.6067022963031367,0.39091350826044696,0.4987244897959184,0.3442015859598277,0.43830194799813416],[0.6082474226804123,0.7478741496598639,0.0,0.6746849942726231,0.735954785954786,0.7019841269841272,0.5216049382716049,0.5947497420020639,0.5650938408670367,0.7127004581901489,0.6876190476190476,0.680674603174603,0.6677777777777778,0.6608333333333334,0.38197197991012416,0.3905189884571328,0.3794078773460216,0.3947924927306371,0.3955855141422152,0.41402326196140626,0.41402326196140626,0.40685853379152354,0.3582474226804124,0.35151775486827036,0.35151775486827036,0.36916646119193114,0.3820947094142971,0.3820947094142971,0.371105698425286,0.5527308403993575,0.6340066888505337,0.41494845360824734,0.4900589101620029,0.36190025940224196,0.43134952388812536],[0.6129032258064516,0.747874149659864,0.6746849942726231,0.0,0.6390331890331891,0.6158730158730159,0.5035493827160494,0.6002321981424147,0.6239867659222499,0.6357961053837342,0.6737301587301587,0.6737301587301587,0.6761111111111111,0.6761111111111111,0.3829611248966087,0.3915081334436173,0.38039702233250616,0.42142266335814715,0.4222497932175351,0.4662944582299421,0.41501240694789077,0.40098566308243716,0.3593189964157706,0.3517025089605735,0.3517025089605735,0.38752076512987327,0.4004490133522391,0.4004490133522391,0.37847099137421714,0.47154037029967544,0.5453177962665628,0.3511904761904762,0.6459293394777266,0.34576300457193754,0.4432538882884203],[0.5775853775853775,0.7507756132756134,0.735954785954786,0.6390331890331891,0.0,0.7238095238095238,0.5609788359788359,0.5990417219519387,0.5525141525141526,0.641065416065416,0.7494444444444444,0.7383333333333333,0.6780158730158728,0.6669047619047618,0.37784437784437785,0.37784437784437785,0.3752802752802753,0.4067821067821068,0.4075591075591075,0.4324231324231325,0.39780774780774786,0.424013949013949,0.3815536315536316,0.3613516113516113,0.3613516113516113,0.36487172957761194,0.3777999777999778,0.3777999777999778,0.3777999777999778,0.5628798551875476,0.6140624625918744,0.3811688311688312,0.5014430014430014,0.35562984024522487,0.40293572691762736],[0.5603174603174603,0.6666666666666666,0.7019841269841272,0.6158730158730159,0.7238095238095238,0.0,0.5096560846560846,0.5741191213327438,0.5326007326007326,0.6023809523809525,0.6944444444444445,0.6666666666666666,0.6694444444444444,0.6416666666666667,0.3725274725274725,0.3725274725274725,0.37338217338217333,0.38021978021978026,0.380952380952381,0.3904761904761905,0.3776556776556777,0.3980158730158731,0.37023809523809526,0.33730158730158727,0.33730158730158727,0.3610644257703081,0.3673992673992675,0.3673992673992675,0.3564102564102564,0.4647224570301493,0.5607555842849961,0.3867346938775511,0.4876984126984127,0.3426317272471119,0.38552699186183353],[0.5398148148148149,0.6092592592592593,0.5216049382716049,0.5035493827160494,0.5609788359788359,0.5096560846560846,0.0,0.5633814929480564,0.5584045584045584,0.6396604938271605,0.5112874779541446,0.5807319223985891,0.5827160493827162,0.6521604938271606,0.33618233618233617,0.33618233618233617,0.3353276353276353,0.3596866096866097,0.3611111111111111,0.3628917378917379,0.4141737891737892,0.44521604938271614,0.3549382716049383,0.33564814814814814,0.33564814814814814,0.4158820482349894,0.42234617234617233,0.42234617234617233,0.42234617234617233,0.48475783475783474,0.5774328249818446,0.4226791726791727,0.47255291005291,0.3407610907610908,0.47091960327254445],[0.49131406948744405,0.6141210870313036,0.5947497420020639,0.6002321981424147,0.5990417219519387,0.5741191213327438,0.5633814929480564,0.0,0.5450107168373421,0.6752235982112142,0.623185414516684,0.6926298589611285,0.5967148262813898,0.6661592707258343,0.3226164959911089,0.3226164959911089,0.3226164959911089,0.3482575216321345,0.34960704929745173,0.3437326347543065,0.3950146860363578,0.4328345373237013,0.3625730994152046,0.3355263157894737,0.3355263157894737,0.41052858390319685,0.41505347078102495,0.41505347078102495,0.4260424817700359,0.4666526218086113,0.6054715408430578,0.42595459236326105,0.5176298589611282,0.351579435885223,0.6210422505969064],[0.4529363110008271,0.5575091575091575,0.5650938408670367,0.6239867659222499,0.5525141525141526,0.5326007326007326,0.5584045584045584,0.5450107168373421,0.0,0.7005022468939995,0.5407326007326007,0.6048351648351648,0.622051282051282,0.6861538461538461,0.36783949439036284,0.36783949439036284,0.36953729382571887,0.3893713813068651,0.39019851116625304,0.3764400921658986,0.4240591397849462,0.44065343258891637,0.3444995864350703,0.3374689826302729,0.3374689826302729,0.39305399579186506,0.39905639675224924,0.39905639675224924,0.39905639675224924,0.45452558194493686,0.5538981769459072,0.40555555555555556,0.43323880420654615,0.3380724498236019,0.4024376552240329],[0.5304696449026346,0.6700963718820862,0.7127004581901489,0.6357961053837342,0.641065416065416,0.6023809523809525,0.6396604938271605,0.6752235982112142,0.7005022468939995,0.0,0.6616269841269843,0.7310714285714286,0.7330555555555555,0.8024999999999999,0.33923693717508147,0.33923693717508147,0.3383822363203806,0.3755617234998678,0.3763547449114459,0.378766851704996,0.43004890298704734,0.462414089347079,0.3582474226804124,0.3654066437571592,0.3654066437571592,0.42233388200641075,0.4287980061175937,0.4287980061175937,0.4178089951285827,0.5104231480916652,0.6262452509420369,0.45661512027491413,0.4821224022254949,0.3756365231385057,0.5389664167991359],[0.5440079365079366,0.6887301587301587,0.6876190476190476,0.6737301587301587,0.7494444444444444,0.6944444444444445,0.5112874779541446,0.623185414516684,0.5407326007326007,0.6616269841269843,0.0,0.9305555555555555,0.8952380952380953,0.8257936507936509,0.37273504273504277,0.3748717948717949,0.3616239316239316,0.3684615384615384,0.3756410256410256,0.3844871794871795,0.36205128205128206,0.39222222222222225,0.37138888888888894,0.33749999999999997,0.33749999999999997,0.3511010558069382,0.36402930402930406,0.36402930402930406,0.36402930402930406,0.47648069878839117,0.5523428858722976,0.38404761904761914,0.5287698412698413,0.34178923640462106,0.4455075994895],[0.5440079365079366,0.6887301587301587,0.680674603174603,0.6737301587301587,0.7383333333333333,0.6666666666666666,0.5807319223985891,0.6926298589611285,0.6048351648351648,0.7310714285714286,0.9305555555555555,0.0,0.8257936507936509,0.8952380952380953,0.3556410256410257,0.3556410256410257,0.35307692307692307,0.3684615384615384,0.3756410256410256,0.3844871794871795,0.42615384615384616,0.46166666666666667,0.37138888888888894,0.33749999999999997,0.33749999999999997,0.4152036199095023,0.42813186813186815,0.42813186813186815,0.42813186813186815,0.5405832628909553,0.621787330316742,0.4435714285714286,0.5287698412698413,0.40589180050718515,0.509610163592064],[0.5130555555555556,0.6577777777777778,0.6677777777777778,0.6761111111111111,0.6780158730158728,0.6694444444444444,0.5827160493827162,0.5967148262813898,0.622051282051282,0.7330555555555555,0.8952380952380953,0.8257936507936509,0.0,0.9305555555555555,0.3812820512820513,0.3834188034188034,0.37188034188034186,0.36205128205128206,0.3628205128205128,0.39089743589743586,0.3780769230769231,0.3783333333333334,0.3575,0.3513888888888889,0.3513888888888889,0.3575651799181211,0.36402930402930406,0.36402930402930406,0.35304029304029305,0.4607297830374754,0.5376370035193565,0.3721428571428572,0.49107142857142855,0.2978331924485771,0.43645782573384384],[0.5130555555555556,0.6577777777777778,0.6608333333333334,0.6761111111111111,0.6669047619047618,0.6416666666666667,0.6521604938271606,0.6661592707258343,0.6861538461538461,0.8024999999999999,0.8257936507936509,0.8952380952380953,0.9305555555555555,0.0,0.3641880341880342,0.3641880341880342,0.36333333333333334,0.36205128205128206,0.3628205128205128,0.39089743589743586,0.4421794871794872,0.44777777777777783,0.3575,0.3513888888888889,0.3513888888888889,0.4216677440206852,0.42813186813186815,0.42813186813186815,0.41714285714285715,0.5248323471400395,0.6070814479638009,0.4316666666666667,0.49107142857142855,0.36193575655114113,0.5005603898364079],[0.3583981561509652,0.3560962846677133,0.38197197991012416,0.3829611248966087,0.37784437784437785,0.3725274725274725,0.33618233618233617,0.3226164959911089,0.3678394943903