{
  "stem": "Model_Components",
  "singular": "Model Component",
  "endpoint": "model_component",
  "count": 59,
  "method": "field-level | link: field-level (links uninformative) | order: spectral graph components",
  "entries": [
    {
      "id": "mricom-5-4",
      "label": "mricom-5-4",
      "spectral_rank": 0
    },
    {
      "id": "mricom-5-4-sea-ice",
      "label": "mricom-5-4-sea-ice",
      "spectral_rank": 1
    },
    {
      "id": "mricom-5-4-ocean-biogeochemistry",
      "label": "mricom-5-4-ocean-biogeochemistry",
      "spectral_rank": 2
    },
    {
      "id": "m-sim",
      "label": "m-sim",
      "spectral_rank": 3
    },
    {
      "id": "co2box-v1-0",
      "label": "co2box-v1-0",
      "spectral_rank": 4
    },
    {
      "id": "mri-ccm3-2",
      "label": "mri-ccm3-2",
      "spectral_rank": 5
    },
    {
      "id": "masingar-mk-3r2",
      "label": "masingar-mk-3r2",
      "spectral_rank": 6
    },
    {
      "id": "mri-agcm4-4",
      "label": "mri-agcm4-4",
      "spectral_rank": 7
    },
    {
      "id": "mom5",
      "label": "mom5",
      "spectral_rank": 8
    },
    {
      "id": "giss-ocean-model",
      "label": "giss-ocean-model",
      "spectral_rank": 9
    },
    {
      "id": "matrix",
      "label": "matrix",
      "spectral_rank": 10
    },
    {
      "id": "giss-atmospheric-model-v3-1",
      "label": "giss-atmospheric-model-v3-1",
      "spectral_rank": 11
    },
    {
      "id": "icon-a-1-1",
      "label": "icon-a-1-1",
      "spectral_rank": 12
    },
    {
      "id": "icon-o-1-1",
      "label": "icon-o-1-1",
      "spectral_rank": 13
    },
    {
      "id": "mri-agcm4-4-land-surface",
      "label": "mri-agcm4-4-land-surface",
      "spectral_rank": 14
    },
    {
      "id": "cice5",
      "label": "cice5",
      "spectral_rank": 15
    },
    {
      "id": "gamil3",
      "label": "gamil3",
      "spectral_rank": 16
    },
    {
      "id": "ukca",
      "label": "ukca",
      "spectral_rank": 17
    },
    {
      "id": "classic",
      "label": "classic",
      "spectral_rank": 18
    },
    {
      "id": "lim2",
      "label": "lim2",
      "spectral_rank": 19
    },
    {
      "id": "fesom-2-7",
      "label": "fesom-2-7",
      "spectral_rank": 20
    },
    {
      "id": "fesim-2-7",
      "label": "fesim-2-7",
      "spectral_rank": 21
    },
    {
      "id": "iap-agcm5-0",
      "label": "iap-agcm5-0",
      "spectral_rank": 22
    },
    {
      "id": "wombatlite",
      "label": "wombatlite",
      "spectral_rank": 23
    },
    {
      "id": "nemo-gosi9",
      "label": "nemo-gosi9",
      "spectral_rank": 24
    },
    {
      "id": "openifs-48r1",
      "label": "openifs-48r1",
      "spectral_rank": 25
    },
    {
      "id": "si3-gosi9",
      "label": "si3-gosi9",
      "spectral_rank": 26
    },
    {
      "id": "ifs-cy36r4-l91",
      "label": "ifs-cy36r4-l91",
      "spectral_rank": 27
    },
    {
      "id": "hadam3",
      "label": "hadam3",
      "spectral_rank": 28
    },
    {
      "id": "metum-ga9",
      "label": "metum-ga9",
      "spectral_rank": 29
    },
    {
      "id": "metum-ga9a",
      "label": "metum-ga9a",
      "spectral_rank": 30
    },
    {
      "id": "nemo_v3_6",
      "label": "nemo_v3_6",
      "spectral_rank": 31
    },
    {
      "id": "si3-cannemo",
      "label": "si3-cannemo",
      "spectral_rank": 32
    },
    {
      "id": "reprobus-c_v2_0",
      "label": "reprobus-c_v2_0",
      "spectral_rank": 33
    },
    {
      "id": "um7-3",
      "label": "um7-3",
      "spectral_rank": 34
    },
    {
      "id": "gelato",
      "label": "gelato",
      "spectral_rank": 35
    },
    {
      "id": "arpege-climat_version_6_3",
      "label": "arpege-climat_version_6_3",
      "spectral_rank": 36
    },
    {
      "id": "glomap-mode",
      "label": "glomap-mode",
      "spectral_rank": 37
    },
    {
      "id": "cannemo6-0",
      "label": "cannemo6-0",
      "spectral_rank": 38
    },
    {
      "id": "tactic",
      "label": "tactic",
      "spectral_rank": 39
    },
    {
      "id": "cannemo5-1",
      "label": "cannemo5-1",
      "spectral_rank": 40
    },
    {
      "id": "cmoc",
      "label": "cmoc",
      "spectral_rank": 41
    },
    {
      "id": "bisicles-ukesm-ismip6-1_0",
      "label": "bisicles-ukesm-ismip6-1_0",
      "spectral_rank": 42
    },
    {
      "id": "canam5-1",
      "label": "canam5-1",
      "spectral_rank": 43
    },
    {
      "id": "canam5-1-aerosol",
      "label": "canam5-1-aerosol",
      "spectral_rank": 44
    },
    {
      "id": "canam6-aerosol",
      "label": "canam6-aerosol",
      "spectral_rank": 45
    },
    {
      "id": "canam6",
      "label": "canam6",
      "spectral_rank": 46
    },
    {
      "id": "lpj-guess-4-1",
      "label": "lpj-guess-4-1",
      "spectral_rank": 47
    },
    {
      "id": "cable3",
      "label": "cable3",
      "spectral_rank": 48
    },
    {
      "id": "colm2014",
      "label": "colm2014",
      "spectral_rank": 49
    },
    {
      "id": "clm4",
      "label": "clm4",
      "spectral_rank": 50
    },
    {
      "id": "colm2024",
      "label": "colm2024",
      "spectral_rank": 51
    },
    {
      "id": "jules-gl9",
      "label": "jules-gl9",
      "spectral_rank": 52
    },
    {
      "id": "jules-v5-3",
      "label": "jules-v5-3",
      "spectral_rank": 53
    },
    {
      "id": "classicv1-5",
      "label": "classicv1-5",
      "spectral_rank": 54
    },
    {
      "id": "class-ctem-v3-6-2",
      "label": "class-ctem-v3-6-2",
      "spectral_rank": 55
    },
    {
      "id": "piscesv2-gas",
      "label": "piscesv2-gas",
      "spectral_rank": 56
    },
    {
      "id": "pism-v1-2-line",
      "label": "pism-v1-2-line",
      "spectral_rank": 57
    },
    {
      "id": "surfex_v8_modeling_platform",
      "label": "surfex_v8_modeling_platform",
      "spectral_rank": 58
    }
  ],
  "link_matrix": [
    [
      0.0,
      0.3688788410206568,
      0.3510025731485832,
      0.236708470067154,
      0.22194723894149196,
      0.3144777716546683,
      0.25310030528074456,
      0.2991846646624492,
      0.35649729951433057,
      0.3411174577626936,
      0.1877546071539301,
      0.17841185978273655,
      0.17820327414316503,
      0.3481543517013244,
      0.2557452205622301,
      0.1871690348629552,
      0.17953220080020138,
      0.1775988469115716,
      0.1819997103672019,
      0.012280041870405847,
      0.18727792267466603,
      0.026453611273137445,
      0.015073309543055802,
      0.051656134501805895,
      0.18258091980767602,
      0.01050789744391057,
      0.00826473992821383,
      0.0190621902030674,
      0.0017881978939002581,
      0.02932546659552197,
      0.030484483748975836,
      0.1494430261323483,
      0.007686932215234102,
      0.0084748833797565,
      0.015575052313709254,
      0.006983260584961061,
      0.007579326549594479,
      0.029443144277689112,
      0.20896695367527496,
      0.009468326654145532,
      0.2285260606343347,
      0.07433219876395085,
      0.007976703859350093,
      0.029103868347314432,
      0.03281373160758838,
      0.02550778419385237,
      0.011167385403090131,
      0.018877854361617222,
      0.007214884999584112,
      0.02174985827179095,
      0.008973062900162908,
      0.017614016496183306,
      0.014765441170038751,
      0.027598846911571606,
      0.021503048101401353,
      0.010125970828728853,
      0.0363058143893311,
      0.011321033405722734,
      0.002787472701136857
    ],
    [
      0.3688788410206568,
      0.0,
      0.31860442329227323,
      0.4346938477596035,
      0.21536436289851743,
      0.29049354428077834,
      0.29105027161466135,
      0.297564929693962,
      0.1830634916077245,
      0.17566715479369455,
      0.2052369284732107,
      0.18762056684415773,
      0.18532745122405866,
      0.1864415539667499,
      0.27848127082297935,
      0.3615487983461108,
      0.1839199982776809,
      0.1818680908490539,
      0.20819807292371684,
      0.21589111895942806,
      0.029175527668678352,
      0.2043571261351175,
      0.024010931597138498,
      0.017114882131679443,
      0.017301518936457348,
      0.015253225035833732,
      0.1774358974358974,
      0.020072460512670764,
      0.0009598464245720685,
      0.018979242523475447,
      0.0231123043105126,
      0.009591080811685516,
      0.17888190197260745,
      0.011150462079913367,
      0.01958480489275562,
      0.15180832605244698,
      0.009911029619876206,
      0.0490638443717951,
      0.032085578558142945,
      0.030758753324742767,
      0.04185938113149759,
      0.03047842829477768,
      0.010390952832162239,
      0.024694410147937582,
      0.060187748877558504,
      0.059067928048891084,
      0.013800786745915526,
      0.02425513503666257,
      0.00927933346699637,
      0.031180231746474947,
      0.011909971327664496,
      0.016276491044888864,
      0.023734458896832917,
      0.02240767858908956,
      0.021032532230740517,
      0.015806701696959257,
      0.0011990696873115686,
      0.014917810670552445,
      0.0010794580559418186
    ],
    [
      0.3510025731485832,
      0.31860442329227323,
      0.0,
      0.23496240155612486,
      0.297015285771269,
      0.3895290329933329,
      0.2745672830360704,
      0.2849398083216456,
      0.21861682131302193,
      0.2186889408070102,
      0.1821690338480825,
      0.18435618363819403,
      0.18855212942801622,
      0.22911001915429205,
      0.28653874964886544,
      0.19756664877437827,
      0.18801640321736698,
      0.26080878302657323,
      0.18836780823218793,
      0.020798905920565276,
      0.10211418189381262,
      0.04570928135163557,
      0.026586706646676662,
      0.18887400991509487,
      0.062326754927472916,
      0.016385456020148983,
      0.015872699299105363,
      0.016174605781865966,
      0.003182924545965175,
      0.01673503293342743,
      0.01855169520596788,
      0.046810427401914094,
      0.016160464983759757,
      0.07576581490194802,
      0.028371987007806715,
      0.012796821959737225,
      0.014107437949252297,
      0.026541932588751496,
      0.06843358437644437,
      0.014541325106029648,
      0.0745261086418346,
      0.2012938602369592,
      0.013732976237962278,
      0.025886624593993962,
      0.03261356297604802,
      0.027186793644462175,
      0.018414154652686764,
      0.030441218112080726,
      0.009559425326433222,
      0.04192850942949578,
      0.015349673974097018,
      0.0110731393418193,
      0.02852109331965734,
      0.02464533829088077,
      0.0324424943491557,
      0.01979410032860372,
      0.14528218946134497,
      0.023163164492031152,
      0.004909518653891553
    ],
    [
      0.236708470067154,
      0.4346938477596035,
      0.23496240155612486,
      0.0,
      0.20402857413959036,
      0.2457790790668673,
      0.2922908110013148,
      0.24617105543664036,
      0.21919683804824708,
      0.18819969870479744,
      0.2287439171512613,
      0.18357231718319109,
      0.19034797548529378,
      0.18856774610403984,
      0.23692470287947676,
      0.3538195997632377,
      0.21931183612543814,
      0.18349418712356372,
      0.21109631346608285,
      0.22529651769617615,
      0.059279191128506194,
      0.24155721074269845,
      0.027818443061824783,
      0.017212711064120114,
      0.018066682029107304,
      0.019659843617710046,
      0.1808402125438846,
      0.024722934874051822,
      0.001097962669269245,
      0.046281741947839294,
      0.06294597484258273,
      0.01377052386568063,
      0.1808402125438846,
      0.013325626293785376,
      0.018912181059918036,
      0.15569478574236412,
      0.014581408993998965,
      0.04191800071390165,
      0.015496297199969275,
      0.033733789559091495,
      0.01588148780719233,
      0.01953176184602316,
      0.013849433881152801,
      0.039134405541322706,
      0.05276165286306191,
      0.05368043412449902,
      0.044270374436898775,
      0.024613792760675768,
      0.0333037380432769,
      0.022860311698787196,
      0.012679822854276922,
      0.01094121576182675,
      0.02019313750739882,
      0.0157391593130278,
      0.02242012660458433,
      0.01696984895106159,
      0.003566442233027569,
      0.027141817918931496,
      0.005633110061559495
    ],
    [
      0.22194723894149196,
      0.21536436289851743,
      0.297015285771269,
      0.20402857413959036,
      0.0,
      0.4058203685313915,
      0.23422024670939287,
      0.3092975841362938,
      0.17026093591558486,
      0.17070447694540583,
      0.21703576892256138,
      0.2427200681917663,
      0.24302602690522404,
      0.1704640622690773,
      0.22219685383438934,
      0.17104588865595152,
      0.24165970746456467,
      0.3450238151627589,
      0.1953569556753519,
      0.008424747696358051,
      0.0032093675631495763,
      0.0046822188750560295,
      0.10975955296059395,
      0.0765772335326538,
      0.005920350566491837,
      0.07449591968865836,
      0.011473737888832228,
      0.07442375320693323,
      0.06418015482054891,
      0.07602817974105103,
      0.07562584025591909,
      0.010417425511765135,
      0.006969233384327724,
      0.15254556763990726,
      0.08086336345043822,
      0.006556421650761273,
      0.06615205044281863,
      0.04344545725058981,
      0.01716751716751717,
      0.026209171117175332,
      0.00868523510032944,
      0.07977295564248545,
      0.011329640709694616,
      0.09271249587918257,
      0.04235204594338385,
      0.04431840870520115,
      0.0832734351602276,
      0.012949522224296848,
      0.010621300359124244,
      0.03238665362762202,
      0.021831129628449724,
      0.02439416393045958,
      0.012128524556184447,
      0.01571079165418788,
      0.045896835471726426,
      0.01579814315663372,
      0.06913712853562477,
      0.023438188834855975,
      0.014514630138137067
    ],
    [
      0.3144777716546683,
      0.29049354428077834,
      0.3895290329933329,
      0.2457790790668673,
      0.4058203685313915,
      0.0,
      0.3815260836606712,
      0.4477698645440581,
      0.19001670843776108,
      0.19388749651907544,
      0.2299879101547908,
      0.29213945553052817,
      0.2705197024010148,
      0.21670170560509985,
      0.38035956178407565,
      0.23973331195553418,
      0.28908189487534575,
      0.3924046226677806,
      0.24448748132958661,
      0.05457963089542036,
      0.05073237265018087,
      0.0657482598998273,
      0.16357665323182563,
      0.12297473481684007,
      0.05398281056175793,
      0.08485019885737054,
      0.06260854155590996,
      0.08155428321131343,
      0.0647750328201456,
      0.09604781183728552,
      0.10137622119445233,
      0.03731460686347904,
      0.07792207792207792,
      0.1836978810663021,
      0.11415037338504264,
      0.03773231780750578,
      0.10000108496349099,
      0.0748683577630946,
      0.0451260240733925,
      0.06145775694647875,
      0.06769702032859927,
      0.12759303840273836,
      0.04557931625600798,
      0.12248740538214221,
      0.08628921841641139,
      0.07733454005383829,
      0.12021566261332343,
      0.09446158735679162,
      0.013951737660022017,
      0.1271670555699594,
      0.04949874686716792,
      0.015873891962261497,
      0.03614864455825554,
      0.0594541910331384,
      0.06663178837426444,
      0.059512206442031,
      0.06701277002028881,
      0.025618156867266678,
      0.008901162458131804
    ],
    [
      0.25310030528074456,
      0.29105027161466135,
      0.2745672830360704,
      0.2922908110013148,
      0.23422024670939287,
      0.3815260836606712,
      0.0,
      0.37514313643345903,
      0.18669438510248929,
      0.19512511468649205,
      0.3717981186685963,
      0.2647576423505029,
      0.24961704303762158,
      0.2016246011024079,
      0.3993634840871022,
      0.24279100529100528,
      0.2717044500419815,
      0.2251320837066134,
      0.3707589644637401,
      0.06508855351112948,
      0.06722960052322767,
      0.11133488554800423,
      0.1314942528735632,
      0.03567896767969127,
      0.047031275124618105,
      0.06316282825695645,
      0.052976190476190475,
      0.073117681413345,
      0.04368410171593963,
      0.06875584216394635,
      0.07889830466329488,
      0.024636482668320584,
      0.05508866836652654,
      0.047268820697598864,
      0.091534008683068,
      0.04463116650422832,
      0.06894080352835778,
      0.20258683068017366,
      0.02893681330729088,
      0.1699245400041348,
      0.03393230422897572,
      0.04073160706946157,
      0.025256701812418163,
      0.08447298601061264,
      0.20578871201157742,
      0.20313555233960442,
      0.08435640778260171,
      0.05036510755871324,
      0.01940994758749141,
      0.07723532970356926,
      0.028051133622768933,
      0.009899354970532017,
      0.02879281234925229,
      0.03393230422897572,
      0.043386152910776715,
      0.045549218240118046,
      0.007629679947232148,
      0.029564820278393845,
      0.0029310553634276223
    ],
    [
      0.2991846646624492,
      0.297564929693962,
      0.2849398083216456,
      0.24617105543664036,
      0.3092975841362938,
      0.4477698645440581,
      0.37514313643345903,
      0.0,
      0.18972443327282038,
      0.18269329237071172,
      0.24264069264069263,
      0.3603756458595168,
      0.364153885963256,
      0.19404645533677792,
      0.38325447584241557,
      0.20881860075408462,
      0.3614155226245906,
      0.26799795186891956,
      0.2591979704882931,
      0.029414886189079736,
      0.05684751024238815,
      0.06384865334889363,
      0.32942230183609494,
      0.04361355490387749,
      0.04325513196480938,
      0.19667545338769002,
      0.03805799934832193,
      0.17668287341217695,
      0.14377880184331795,
      0.18886650983425177,
      0.19499853876308815,
      0.019013705188820396,
      0.03914025043057301,
      0.08193388792467134,
      0.19928548154354606,
      0.019013705188820396,
      0.1623316775390508,
      0.09397197784294559,
      0.028496951077596238,
      0.06418098031001256,
      0.02596006144393241,
      0.035120793185309314,
      0.03437468829173899,
      0.19423264907135876,
      0.08010287203835591,
      0.07920681469068565,
      0.193895172927431,
      0.06871000521089331,
      0.010359278376858997,
      0.059927640417658565,
      0.021790651744568793,
      0.012765310873208561,
      0.029653654355617894,
      0.02667690732206861,
      0.04955546245868827,
      0.038473101850710956,
      0.003858200171564227,
      0.05144328918007881,
      0.0038420636435524775
    ],
    [
      0.35649729951433057,
      0.1830634916077245,
      0.21861682131302193,
      0.21919683804824708,
      0.17026093591558486,
      0.19001670843776108,
      0.18669438510248929,
      0.18972443327282038,
      0.0,
      0.36458656119029836,
      0.22057985456499593,
      0.19527439187812903,
      0.20682112464455515,
      0.3684754351651706,
      0.17985263619685732,
      0.2654027042915932,
      0.1982227819759306,
      0.17178448440308022,
      0.1730324074074074,
      0.04652595805347229,
      0.23189628315510347,
      0.06445031725820786,
      0.00557297109021247,
      0.10490161194178176,
      0.2215139274553091,
      0.05730564331423565,
      0.02619313930541538,
      0.0028664038545773104,
      0.0027107617240444562,
      0.02871428416969214,
      0.029662758574220068,
      0.14480415822242873,
      0.05124288339963895,
      0.0021686093792355654,
      0.00991937993835527,
      0.0005421523448088914,
      0.001626457034426674,
      0.00828952517055411,
      0.21998378126767157,
      0.0027107617240444562,
      0.221388360945496,
      0.09446079327372563,
      0.0027107617240444562,
      0.058516760692491565,
      0.05699321220499621,
      0.05699321220499621,
      0.05319814579133397,
      0.004431099457742441,
      0.15003791117236184,
      0.005631895831532854,
      0.006383198440666589,
      0.06805491045296076,
      0.007731735668002175,
      0.0031625553447185324,
      0.059058796294762815,
      0.05477942346369324,
      0.10273874448631283,
      0.06418951761495557,
      0.047596935966566535
    ],
    [
      0.3411174577626936,
      0.17566715479369455,
      0.2186889408070102,
      0.18819969870479744,
      0.17070447694540583,
      0.19388749651907544,
      0.19512511468649205,
      0.18269329237071172,
      0.36458656119029836,
      0.0,
      0.3845793043729253,
      0.4426935236737249,
      0.2020766204250528,
      0.4258253749929561,
      0.18440338337650988,
      0.2540900880770162,
      0.23440509705141502,
      0.21572978303747534,
      0.2426653888050947,
      0.0664427955151937,
      0.2275313876701257,
      0.06587921665542719,
      0.059212817833507486,
      0.15253217056824273,
      0.27284087753401837,
      0.04105412740553933,
      0.1064750357736783,
      0.027095797583159414,
      0.0038038884192730348,
      0.00891089108910891,
      0.010629337645711204,
      0.19216680755142293,
      0.0871379123641567,
      0.05057762750070442,
      0.02915009066060459,
      0.049309664694280074,
      0.05339532262609186,
      0.05843392679027254,
      0.2130028091566553,
      0.051845590307128764,
      0.2484385272846811,
      0.0997899032561315,
      0.050154973231896306,
      0.08257798464804834,
      0.08217733499967605,
      0.07706808744390443,
      0.05722964910999099,
      0.04922879567639781,
      0.025205299248504124,
      0.0279038112522686,
      0.047759932375317,
      0.03223091515310051,
      0.014461839046347133,
      0.04667981591058514,
      0.06938525261028682,
      0.07147144050110364,
      0.062470747667903455,
      0.07566112059773931,
      0.044240688667690244
    ],
    [
      0.1877546071539301,
      0.2052369284732107,
      0.1821690338480825,
      0.2287439171512613,
      0.21703576892256138,
      0.2299879101547908,
      0.3717981186685963,
      0.24264069264069263,
      0.22057985456499593,
      0.3845793043729253,
      0.0,
      0.44939396646713714,
      0.25167274320372807,
      0.21086984376402637,
      0.19015136933806367,
      0.23526189759252092,
      0.2693944420552518,
      0.21968835498277275,
      0.3580129290876242,
      0.05678677218665875,
      0.052093417799195046,
      0.07620271174303456,
      0.09261921145857227,
      0.06439625133109662,
      0.06599529338809078,
      0.10458407696193443,
      0.09321791546983661,
      0.057497590889180904,
      0.045812807881773394,
      0.0714888155482215,
      0.07487309929699255,
      0.022862870507374348,
      0.08948770166611797,
      0.043312088608255854,
      0.06982355010689832,
      0.05284098270113258,
      0.0682273519163763,
      0.19036415444540297,
      0.05157475705420911,
      0.16997424632631417,
      0.05786850908802129,
      0.05757329578417666,
      0.027226838202447957,
      0.10928599217398348,
      0.224130698077483,
      0.22367538739489956,
      0.11505524286012091,
      0.027902930006209473,
      0.06649732720941337,
      0.02258458383131926,
      0.0232747599829544,
      0.03217788598640949,
      0.012628604639659693,
      0.024209575429087624,
      0.06378330962095267,
      0.058904248331307696,
      0.03388653707096874,
      0.04408916978351532,
      0.04645809222288644
    ],
    [
      0.17841185978273655,
      0.18762056684415773,
      0.18435618363819403,
      0.18357231718319109,
      0.2427200681917663,
      0.29213945553052817,
      0.2647576423505029,
      0.3603756458595168,
      0.19527439187812903,
      0.4426935236737249,
      0.44939396646713714,
      0.0,
      0.378109371678726,
      0.21266637757693696,
      0.20264573384520945,
      0.22367036516122307,
      0.3684610276401028,
      0.2716804995286008,
      0.2534485368807626,
      0.042424211200582505,
      0.06623907662422653,
      0.07813483526074569,
      0.19583438046991078,
      0.07239351579931474,
      0.07195864096197689,
      0.20834867110080021,
      0.07516713634857095,
      0.18132264239710583,
      0.14599686028257455,
      0.17311863054437313,
      0.1776244862206051,
      0.023269677880889454,
      0.06417812535955995,
      0.08972703005252734,
      0.19708532921977753,
      0.023792964118461407,
      0.16898171147719068,
      0.09681637353907287,
      0.052891552891552895,
      0.06821996568832012,
      0.06594179378989505,
      0.06792933817183715,
      0.039886996668190164,
      0.22972316457763528,
      0.12193928406049619,
      0.12107075023741691,
      0.2359924026590693,
      0.027388687786196613,
      0.02713286436664521,
      0.05176721266282249,
      0.022269472540720283,
      0.03411864526451155,
      0.015420190928426572,
      0.028701256549357814,
      0.06995218696370088,
      0.08099308099308099,
      0.032361662613763456,
      0.08160070923922227,
      0.04377778161137659
    ],
    [
      0.17820327414316503,
      0.18532745122405866,
      0.18855212942801622,
      0.19034797548529378,
      0.24302602690522404,
      0.2705197024010148,
      0.24961704303762158,
      0.364153885963256,
      0.20682112464455515,
      0.2020766204250528,
      0.25167274320372807,
      0.378109371678726,
      0.0,
      0.5173858974209969,
      0.20394108259695187,
      0.22052142041743525,
      0.36765514890188006,
      0.2634223108473756,
      0.24735358724329096,
      0.027590528546468155,
      0.06388748919084675,
      0.06282416040732024,
      0.21385135979922185,
      0.04607928582100743,
      0.0626239176438206,
      0.20888760266139797,
      0.04352139675261757,
      0.19285176146674177,
      0.14354950380798523,
      0.1713253090474415,
      0.1774779000975227,
      0.023418237484787153,
      0.05477442597764052,
      0.08429654680528433,
      0.2210525602135416,
      0.023302843992980087,
      0.16604459335831587,
      0.09383164051810394,
      0.07153192455078512,
      0.06662156081735118,
      0.08891551375362329,
      0.07667890562494045,
      0.03816552573772969,
      0.2405310226389222,
      0.11854414525875845,
      0.1065119697067929,
      0.22304401063301801,
      0.03353924291907346,
      0.04202298121498633,
      0.033551924340745186,
      0.021016558550989807,
      0.04243511138238609,
      0.02383168270468966,
      0.04199373941880421,
      0.05920448451562436,
      0.05597346674502662,
      0.03040197923493265,
      0.06324243927674035,
      0.018834213618320845
    ],
    [
      0.3481543517013244,
      0.1864415539667499,
      0.22911001915429205,
      0.18856774610403984,
      0.1704640622690773,
      0.21670170560509985,
      0.2016246011024079,
      0.19404645533677792,
      0.3684754351651706,
      0.4258253749929561,
      0.21086984376402637,
      0.21266637757693696,
      0.5173858974209969,
      0.0,
      0.19995942445144976,
      0.2883234743341838,
      0.3066634014367012,
      0.25786553524804173,
      0.30586983850691424,
      0.08550913838120104,
      0.2239227090831244,
      0.06305619345403209,
      0.17061418785556715,
      0.1569938549711427,
      0.29724146636757914,
      0.03921210658518473,
      0.12267411683286672,
      0.02036862524247544,
      0.0005594927265945542,
      0.00805047867711053,
      0.012117215328434407,
      0.2632102449334825,
      0.11410655677540449,
      0.11923411662315056,
      0.03755559281704873,
      0.11998010692527664,
      0.1282896100128476,
      0.11048613106466616,
      0.23719899958064103,
      0.12109909237846575,
      0.31649994232805895,
      0.13645877861400038,
      0.1315118736789755,
      0.1357775750521669,
      0.08625860256938529,
      0.07627709691229217,
      0.07344855035006415,
      0.10083824125144121,
      0.03649175328595006,
      0.054295220810647304,
      0.07785556480073451,
      0.040631795046524026,
      0.02442577666780187,
      0.10525628693142779,
      0.08213854110960815,
      0.07192548681655675,
      0.06529708468159774,
      0.041322934455927905,
      0.017641325129159578
    ],
    [
      0.2557452205622301,
      0.27848127082297935,
      0.28653874964886544,
      0.23692470287947676,
      0.22219685383438934,
      0.38035956178407565,
      0.3993634840871022,
      0.38325447584241557,
      0.17985263619685732,
      0.18440338337650988,
      0.19015136933806367,
      0.20264573384520945,
      0.20394108259695187,
      0.19995942445144976,
      0.0,
      0.21829437040273833,
      0.20318986235525452,
      0.20840156614681413,
      0.20654493135102706,
      0.03751053403664284,
      0.05850795025899255,
      0.07215341686890998,
      0.08448947636734397,
      0.04156683174325735,
      0.04001143571549951,
      0.022695264419827398,
      0.03797745629458542,
      0.01232544897065265,
      0.0008204286739821557,
      0.011787800418453684,
      0.01599641350263015,
      0.024947274081142178,
      0.03906779411203706,
      0.03401776703689997,
      0.03765410905458972,
      0.025562595586628795,
      0.025357488418133258,
      0.04096860250181202,
      0.0282113196686061,
      0.027317599532712365,
      0.03391803739192859,
      0.03932915093063662,
      0.08488129794194278,
      0.03438309560223478,
      0.038132692447745975,
      0.03657729641998814,
      0.03405120842306772,
      0.23518793068170388,
      0.17824556958461776,
      0.28432573187090665,
      0.17141697841469994,
      0.17792519164632617,
      0.19414879781932434,
      0.20130257914832964,
      0.21630387097669165,
      0.2095901782896539,
      0.006489362914344967,
      0.0971730819631035,
      0.1453681886063575
    ],
    [
      0.1871690348629552,
      0.3615487983461108,
      0.19756664877437827,
      0.3538195997632377,
      0.17104588865595152,
      0.23973331195553418,
      0.24279100529100528,
      0.20881860075408462,
      0.2654027042915932,
      0.2540900880770162,
      0.23526189759252092,
      0.22367036516122307,
      0.22052142041743525,
      0.2883234743341838,
      0.21829437040273833,
      0.0,
      0.25941355034554026,
      0.3013888888888889,
      0.31349432460543575,
      0.29020763187429854,
      0.08546889382208024,
      0.2577755321253922,
      0.10123784261715296,
      0.1175213675213675,
      0.12225387780943336,
      0.06733812156268454,
      0.2955246913580247,
      0.008628120893561103,
      0.0021164021164021165,
      0.006790123456790124,
      0.014369352170039457,
      0.07431827431827431,
      0.3215301159745604,
      0.07520010853344186,
      0.037871408615547254,
      0.21682268348935013,
      0.07537647537647538,
      0.13177090399312621,
      0.08973567584678695,
      0.0961373723278485,
      0.1574074074074074,
      0.1381535014943701,
      0.07467100800434133,
      0.16445473251028808,
      0.13227145796590242,
      0.13396531452087004,
      0.12273662551440329,
      0.14370891591140258,
      0.09462118760043838,
      0.07059134906231095,
      0.07956857956857956,
      0.08641131661897287,
      0.04577071032385042,
      0.10826210826210825,
      0.11828937523381967,
      0.10476276930525297,
      0.040463592844545225,
      0.08106423360304572,
      0.024566648925623286
    ],
    [
      0.17953220080020138,
      0.1839199982776809,
      0.18801640321736698,
      0.21931183612543814,
      0.24165970746456467,
      0.28908189487534575,
      0.2717044500419815,
      0.3614155226245906,
      0.1982227819759306,
      0.23440509705141502,
      0.2693944420552518,
      0.3684610276401028,
      0.36765514890188006,
      0.3066634014367012,
      0.20318986235525452,
      0.25941355034554026,
      0.0,
      0.4956204270121147,
      0.5317496968000747,
      0.11279037223621606,
      0.02775822549497356,
      0.05245636083468574,
      0.3267244230720301,
      0.11060840922301879,
      0.11270748562939997,
      0.18137891044659307,
      0.08375314861460957,
      0.3431112571178274,
      0.14705529566990524,
      0.3365519171564511,
      0.3440855095922742,
      0.2501199472232218,
      0.08333333333333333,
      0.31290375092102335,
      0.37033099931443014,
      0.25047978889288713,
      0.409689736515933,
      0.32457526343911075,
      0.023589900164207468,
      0.2939366678661389,
      0.08473271760425412,
      0.04758943102072125,
      0.13465275278877295,
      0.2578050657710607,
      0.0945107856246955,
      0.09493060090597173,
      0.2109960506266132,
      0.26194263997525297,
      0.06605176075467971,
      0.04764065335753176,
      0.0777627074856294,
      0.010486463601753988,
      0.18996033049805913,
      0.2550856570477411,
      0.04712426532325777,
      0.0438110934892351,
      0.0028673098122540368,
      0.03329363651421946,
      0.0022903531913413717
    ],
    [
      0.1775988469115716,
      0.1818680908490539,
      0.26080878302657323,
      0.18349418712356372,
      0.3450238151627589,
      0.3924046226677806,
      0.2251320837066134,
      0.26799795186891956,
      0.17178448440308022,
      0.21572978303747534,
      0.21968835498277275,
      0.2716804995286008,
      0.2634223108473756,
      0.25786553524804173,
      0.20840156614681413,
      0.3013888888888889,
      0.4956204270121147,
      0.0,
      0.45129794973544973,
      0.08471341320178531,
      0.032197453132533534,
      0.04049712148194213,
      0.16640418968005175,
      0.17677259280465693,
      0.1286101083032491,
      0.085115757045385,
      0.14236401673640167,
      0.2452450409861711,
      0.0737767910511485,
      0.24502593116454505,
      0.24842416920949364,
      0.2160789001793186,
      0.14653068340306832,
      0.3613269575612672,
      0.3087009050595963,
      0.2160789001793186,
      0.2820702758090684,
      0.3200313887612923,
      0.04218724093201081,
      0.2436598070190419,
      0.15112433862433863,
      0.14570561597551596,
      0.08598682150684542,
      0.24340309372156507,
      0.1145071141914576,
      0.11837889476778364,
      0.1830777612971941,
      0.2647674730045955,
      0.01025333388495856,
      0.07085241840232766,
      0.11934007912788545,
      0.014059969793061226,
      0.20337846272703078,
      0.3017300923158664,
      0.08957980479013311,
      0.09250527009708785,
      0.06594464843119953,
      0.020662502289051213,
      0.010636672782058777
    ],
    [
      0.1819997103672019,
      0.20819807292371684,
      0.18836780823218793,
      0.21109631346608285,
      0.1953569556753519,
      0.24448748132958661,
      0.3707589644637401,
      0.2591979704882931,
      0.1730324074074074,
      0.2426653888050947,
      0.3580129290876242,
      0.2534485368807626,
      0.24735358724329096,
      0.30586983850691424,
      0.20654493135102706,
      0.31349432460543575,
      0.5317496968000747,
      0.45129794973544973,
      0.0,
      0.11061507936507936,
      0.02568267547421806,
      0.053983150203858576,
      0.19624695228143504,
      0.09733351139601139,
      0.09472934472934473,
      0.06279712990829082,
      0.10714285714285714,
      0.22485676741130092,
      0.04558531746031746,
      0.22361111111111112,
      0.23298688318397232,
      0.25545634920634924,
      0.10830026455026455,
      0.2768565759637188,
      0.2596473623853211,
      0.2753684807256236,
      0.3025297619047619,
      0.4521120837756478,
      0.040844745532245534,
      0.3993055555555555,
      0.10462962962962963,
      0.07441513695795103,
      0.11235119047619048,
      0.1649884259259259,
      0.22373328189300412,
      0.22637878453850677,
      0.1193342151675485,
      0.25912249540369575,
      0.028877580571759546,
      0.06786902601330913,
      0.07673229548229547,
      0.027670740930010373,
      0.210695893994603,
      0.27597161306042883,
      0.15753119429590018,
      0.10315866315662066,
      0.0013818027210884354,
      0.012725994352543277,
      0.0028294355217432137
    ],
    [
      0.012280041870405847,
      0.21589111895942806,
      0.020798905920565276,
      0.22529651769617615,
      0.008424747696358051,
      0.05457963089542036,
      0.06508855351112948,
      0.029414886189079736,
      0.04652595805347229,
      0.0664427955151937,
      0.05678677218665875,
      0.042424211200582505,
      0.027590528546468155,
      0.08550913838120104,
      0.03751053403664284,
      0.29020763187429854,
      0.11279037223621606,
      0.08471341320178531,
      0.11061507936507936,
      0.0,
      0.022053041260903083,
      0.1954787681531046,
      0.11201671891327063,
      0.12421003623408432,
      0.13619680560113773,
      0.0123864307414285,
      0.3197282906585232,
      0.006492772667542707,
      0.006644518272425249,
      0.0049504950495049506,
      0.009540013026974823,
      0.10714285714285714,
      0.3195031712473573,
      0.0769656699889258,
      0.04027631187247977,
      0.2159468438538206,
      0.07308970099667775,
      0.10630245959827954,
      0.02705950380368985,
      0.09792754311026737,
      0.09052736669015739,
      0.04588147539236729,
      0.09973069566092821,
      0.08662259538055717,
      0.07436558951710466,
      0.07211199294532628,
      0.04643985070341659,
      0.10902082260874446,
      0.001882421083116131,
      0.05362976406533575,
      0.12030605053860867,
      0.00563689219646592,
      0.024141193055349456,
      0.08471341320178531,
      0.04762596899224806,
      0.04773184036749928,
      0.027184517217739807,
      0.06496807762653084,
      0.0047212775298642925
    ],
    [
      0.18727792267466603,
      0.029175527668678352,
      0.10211418189381262,
      0.059279191128506194,
      0.0032093675631495763,
      0.05073237265018087,
      0.06722960052322767,
      0.05684751024238815,
      0.23189628315510347,
      0.2275313876701257,
      0.052093417799195046,
      0.06623907662422653,
      0.06388748919084675,
      0.2239227090831244,
      0.05850795025899255,
      0.08546889382208024,
      0.02775822549497356,
      0.032197453132533534,
      0.02568267547421806,
      0.022053041260903083,
      0.0,
      0.5067505392098501,
      0.026723028807602956,
      0.09668639943208139,
      0.3304005940456209,
      0.11798663137748751,
      0.05803389979089801,
      0.05910625117326825,
      0.029283045721401887,
      0.0906916650067335,
      0.09456876347146083,
      0.21783518107009983,
      0.0911596781221558,
      0.03622603678972265,
      0.060772491356172124,
      0.042000513454610276,
      0.0183688939325798,
      0.03313660728788781,
      0.26103571235197204,
      0.019080511082553115,
      0.2595905623064646,
      0.1369599337199099,
      0.03720230037978698,
      0.14852419082913426,
      0.1420776223478725,
      0.14366949508700552,
      0.1491416991893466,
      0.03325843304997563,
      0.07071558260047588,
      0.06167123205314636,
      0.028660822713405032,
      0.09467960600840637,
      0.03836383489450792,
      0.048967897300237984,
      0.10286848747837431,
      0.09791251234372139,
      0.10672401507031966,
      0.1283619913935578,
      0.031675658377449734
    ],
    [
      0.026453611273137445,
      0.2043571261351175,
      0.04570928135163557,
      0.24155721074269845,
      0.0046822188750560295,
      0.0657482598998273,
      0.11133488554800423,
      0.06384865334889363,
      0.06445031725820786,
      0.06587921665542719,
      0.07620271174303456,
      0.07813483526074569,
      0.06282416040732024,
      0.06305619345403209,
      0.07215341686890998,
      0.2577755321253922,
      0.05245636083468574,
      0.04049712148194213,
      0.053983150203858576,
      0.1954787681531046,
      0.5067505392098501,
      0.0,
      0.032896676210128456,
      0.07124634380422039,
      0.1258484729788119,
      0.12031920343215728,
