{
  "stem": "Model_Components",
  "singular": "Model Component",
  "endpoint": "model_component",
  "count": 28,
  "method": "field-level | link: field-level (links uninformative) | order: spectral graph components",
  "entries": [
    {
      "id": "ifs-cy36r4-l91",
      "label": "ifs-cy36r4-l91",
      "spectral_rank": 0
    },
    {
      "id": "arpege-climat_version_6_3",
      "label": "arpege-climat_version_6_3",
      "spectral_rank": 1
    },
    {
      "id": "um7.3",
      "label": "um7.3",
      "spectral_rank": 2
    },
    {
      "id": "gamil3",
      "label": "gamil3",
      "spectral_rank": 3
    },
    {
      "id": "tactic",
      "label": "tactic",
      "spectral_rank": 4
    },
    {
      "id": "hadam3",
      "label": "hadam3",
      "spectral_rank": 5
    },
    {
      "id": "reprobus-c_v2_0",
      "label": "reprobus-c_v2_0",
      "spectral_rank": 6
    },
    {
      "id": "classic",
      "label": "classic",
      "spectral_rank": 7
    },
    {
      "id": "gelato",
      "label": "gelato",
      "spectral_rank": 8
    },
    {
      "id": "lpj-guess-4.1",
      "label": "lpj-guess-4.1",
      "spectral_rank": 9
    },
    {
      "id": "openifs-48r1",
      "label": "openifs-48r1",
      "spectral_rank": 10
    },
    {
      "id": "nemo_v3_6",
      "label": "nemo_v3_6",
      "spectral_rank": 11
    },
    {
      "id": "canam5-1",
      "label": "canam5-1",
      "spectral_rank": 12
    },
    {
      "id": "lim2",
      "label": "lim2",
      "spectral_rank": 13
    },
    {
      "id": "cice5",
      "label": "cice5",
      "spectral_rank": 14
    },
    {
      "id": "class-ctem-v3.6.2",
      "label": "class-ctem-v3.6.2",
      "spectral_rank": 15
    },
    {
      "id": "wombatlite",
      "label": "wombatlite",
      "spectral_rank": 16
    },
    {
      "id": "si3-gosi9",
      "label": "si3-gosi9",
      "spectral_rank": 17
    },
    {
      "id": "fesim-2-7",
      "label": "fesim-2-7",
      "spectral_rank": 18
    },
    {
      "id": "cmoc",
      "label": "cmoc",
      "spectral_rank": 19
    },
    {
      "id": "nemo-gosi9",
      "label": "nemo-gosi9",
      "spectral_rank": 20
    },
    {
      "id": "cannemo5-1",
      "label": "cannemo5-1",
      "spectral_rank": 21
    },
    {
      "id": "fesom-2.7",
      "label": "fesom-2.7",
      "spectral_rank": 22
    },
    {
      "id": "bisicles-ukesm-ismip6-1_0",
      "label": "bisicles-ukesm-ismip6-1_0",
      "spectral_rank": 23
    },
    {
      "id": "clm4",
      "label": "clm4",
      "spectral_rank": 24
    },
    {
      "id": "cable3",
      "label": "cable3",
      "spectral_rank": 25
    },
    {
      "id": "piscesv2-gas",
      "label": "piscesv2-gas",
      "spectral_rank": 26
    },
    {
      "id": "surfex_v8_modeling_platform",
      "label": "surfex_v8_modeling_platform",
      "spectral_rank": 27
    }
  ],
  "link_matrix": [
    [
      0.0,
      0.2909510043176272,
      0.34191633815155503,
      0.3431112571178274,
      0.19127951942932234,
      0.14327951942932232,
      0.21011617367051946,
      0.22485676741130092,
      0.14818772292096866,
      0.1760065703022339,
      0.3480219205566583,
      0.14814079219072648,
      0.1740354796320631,
      0.006492772667542707,
      0.008628120893561103,
      0.007597459483136224,
      0.008035479632063075,
      0.006109505037231712,
      0.05821093798886177,
      0.008528252299605783,
      0.006164257555847569,
      0.0066570302233902754,
      0.05910625117326825,
      0.03770809085789374,
      0.005518302984794443,
      0.005339903635567235,
      0.026236030285964582,
      0.0031856579688379952
    ],
    [
      0.2909510043176272,
      0.0,
      0.3170762824899384,
      0.409689736515933,
      0.36008454106280197,
      0.17471264367816094,
      0.3967976467976468,
      0.3025297619047619,
      0.3094618055555556,
      0.23017596594300344,
      0.1524064130358553,
      0.3107638888888889,
      0.2190703670003033,
      0.07308970099667775,
      0.07537647537647538,
      0.03931649529133806,
      0.07583665499497162,
      0.07477678571428571,
      0.024284197100272114,
      0.03703486235339914,
      0.07772435897435896,
      0.07369614512471655,
      0.0183688939325798,
      0.17468660968660968,
      0.09026624853962983,
      0.0009929254064788382,
      0.010478670634920634,
      0.01494853055611138
    ],
    [
      0.34191633815155503,
      0.3170762824899384,
      0.0,
      0.37033099931443014,
      0.24635153891060363,
      0.28761061946902655,
      0.23869697265932435,
      0.2596473623853211,
      0.19875356166660868,
      0.203513288901201,
      0.18003991376918316,
      0.175260093482875,
      0.3078634176746723,
      0.04027631187247977,
      0.037871408615547254,
      0.03695772780168331,
      0.04179613048727424,
      0.032424697572460824,
      0.07034958144718724,
      0.07354872038522307,
      0.030581039755351685,
      0.059184073889359264,
      0.060772491356172124,
      0.045963766687157126,
      0.029056820422412696,
      0.03796698523023458,
      0.00384785182509582,
      0.006122876442821984
    ],
    [
      0.3431112571178274,
      0.409689736515933,
      0.37033099931443014,
      0.0,
      0.2939366678661389,
      0.14705529566990524,
      0.31290375092102335,
      0.5317496968000747,
      0.25047978889288713,
      0.26194263997525297,
      0.18137891044659307,
      0.2501199472232218,
      0.2578050657710607,
      0.11279037223621606,
      0.25941355034554026,
      0.0438110934892351,
      0.11060840922301879,
      0.08375314861460957,
      0.05245636083468574,
      0.04758943102072125,
      0.1071099485457168,
      0.08473271760425412,
      0.02775822549497356,
      0.13465275278877295,
      0.0777627074856294,
      0.06605176075467971,
      0.0028673098122540368,
      0.0022903531913413717
    ],
    [
      0.19127951942932234,
      0.36008454106280197,
      0.24635153891060363,
      0.2939366678661389,
      0.0,
      0.0877415458937198,
      0.36257763975155277,
      0.3993055555555555,
      0.34778295376121465,
      0.2195675690113383,
      0.05271697204206649,
      0.32306763285024154,
      0.1408249924173491,
      0.09792754311026737,
      0.0961373723278485,
      0.04133805863365612,
      0.07640922871383793,
      0.0926131322094055,
      0.04517289856836536,
      0.038091758601417454,
      0.07791845835324096,
      0.09693877551020409,
      0.019080511082553115,
      0.15247584541062803,
      0.09271646228167967,
      0.026483121484910204,
      0.005851736829997699,
      0.006420975902581254
    ],
    [
      0.14327951942932232,
      0.17471264367816094,
      0.28761061946902655,
      0.14705529566990524,
      0.0877415458937198,
      0.0,
      0.08407224958949096,
      0.04558531746031746,
      0.06130268199233716,
      0.0008880994671403196,
      0.1432564330079858,
      0.0011494252873563218,
      0.23342432514407038,
      0.006644518272425249,
      0.0021164021164021165,
      0.008086253369272238,
      0.0025765817348983684,
      0.0019704433497536944,
      0.029395208347635066,
      0.00035229874933943986,
      0.005911330049261083,
      0.023809523809523808,
      0.029283045721401887,
      0.18867521367521367,
      0.17701149425287355,
      0.029688469653717266,
      0.005747126436781609,
      0.005747126436781609
    ],
    [
      0.21011617367051946,
      0.3967976467976468,
      0.23869697265932435,
      0.31290375092102335,
      0.36257763975155277,
      0.08407224958949096,
      0.0,
      0.2768565759637188,
      0.35590920517391106,
      0.2418626919154437,
      0.07090685669157847,
      0.3535782028429087,
      0.13507950951081069,
      0.0769656699889258,
      0.07520010853344186,
      0.04881463416953084,
      0.13734743165032315,
      0.07342657342657342,
      0.0420726916427311,
      0.09773090402530835,
      0.09111721611721611,
      0.07936507936507937,
      0.03622603678972265,
      0.1938125763125763,
      0.1167166167166167,
      0.00960043443963163,
      0.08721724898195486,
      0.0170812093889017
    ],
    [
      0.22485676741130092,
      0.3025297619047619,
      0.2596473623853211,
      0.5317496968000747,
      0.3993055555555555,
      0.04558531746031746,
      0.2768565759637188,
      0.0,
      0.2753684807256236,
      0.25912249540369575,
      0.06279712990829082,
      0.25545634920634924,
      0.1649884259259259,
      0.11061507936507936,
      0.31349432460543575,
      0.10315866315662066,
      0.09733351139601139,
      0.10714285714285714,
      0.053983150203858576,
      0.07441513695795103,
      0.08691684472934473,
      0.10462962962962963,
      0.02568267547421806,
      0.11235119047619048,
      0.07673229548229547,
      0.028877580571759546,
      0.0013818027210884354,
      0.0028294355217432137
    ],
    [
      0.14818772292096866,
      0.3094618055555556,
      0.19875356166660868,
      0.25047978889288713,
      0.34778295376121465,
      0.06130268199233716,
      0.35590920517391106,
      0.2753684807256236,
      0.0,
      0.22231199668798998,
      0.009682366895660101,
      0.37896825396825395,
      0.09614801334546556,
      0.19553868058851448,
      0.19641452022404401,
      0.03999034973877741,
      0.07326007326007325,
      0.1961451247165533,
      0.17054270050163267,
      0.03562566735604138,
      0.10840746555032268,
      0.07312925170068027,
      0.042000513454610276,
      0.14102564102564102,
      0.09146528930701592,
      0.001212683161883346,
      0.010526315789473684,
      0.0036231884057971015
    ],
    [
      0.1760065703022339,
      0.23017596594300344,
      0.203513288901201,
      0.26194263997525297,
      0.2195675690113383,
      0.0008880994671403196,
      0.2418626919154437,
      0.25912249540369575,
      0.22231199668798998,
      0.0,
      0.015281601957980265,
      0.2181719841344035,
      0.09223653049141504,
      0.10902082260874446,
      0.14370891591140258,
      0.21224480845558405,
      0.09344400419000774,
      0.11358507537459579,
      0.03509813343886329,
      0.051498804903186195,
      0.0901876394771599,
      0.09031231497927768,
      0.03325843304997563,
      0.1554411487570317,
      0.20876355734259816,
      0.17810599478714162,
      0.0036631585730799126,
      0.13255891760468888
    ],
    [
      0.3480219205566583,
      0.1524064130358553,
      0.18003991376918316,
      0.18137891044659307,
      0.05271697204206649,
      0.1432564330079858,
      0.07090685669157847,
      0.06279712990829082,
      0.009682366895660101,
      0.015281601957980265,
      0.0,
      0.00950490460639657,
      0.2642047839604989,
      0.0123864307414285,
      0.06733812156268454,
      0.09754149680191815,
      0.05147246672347524,
      0.06442967859373058,
      0.12031920343215728,
      0.09940485083918522,
      0.05064430937357876,
      0.09676171977830426,
      0.11798663137748751,
      0.04191395518314901,
      0.011243852090365505,
      0.06382851899645312,
      0.07036639846436109,
      0.0312956533064657
    ],
    [
      0.14814079219072648,
      0.3107638888888889,
      0.175260093482875,
      0.2501199472232218,
      0.32306763285024154,
      0.0011494252873563218,
      0.3535782028429087,
      0.25545634920634924,
      0.37896825396825395,
      0.2181719841344035,
      0.00950490460639657,
      0.0,
      0.07233848953594177,
      0.10714285714285714,
      0.07431827431827431,
      0.03594722305414129,
      0.1319420630900734,
      0.075,
      0.053850160919725894,
      0.06963927279821824,
      0.36954980503367596,
      0.21485260770975056,
      0.21783518107009983,
      0.1388888888888889,
      0.1492523929574289,
      0.001212683161883346,
      0.04845446950710108,
      0.0036231884057971015
    ],
    [
      0.1740354796320631,
      0.2190703670003033,
      0.3078634176746723,
      0.2578050657710607,
      0.1408249924173491,
      0.23342432514407038,
      0.13507950951081069,
      0.1649884259259259,
      0.09614801334546556,
      0.09223653049141504,
      0.2642047839604989,
      0.07233848953594177,
      0.0,
      0.08662259538055717,
      0.16445473251028808,
      0.26592695897262736,
      0.1477067382628505,
      0.17585470085470087,
      0.15780367419539765,
      0.27489103022737765,
      0.15954189122978932,
      0.41494414113840866,
      0.14852419082913426,
      0.08723081589323627,
      0.13935395814376705,
      0.14044585401051407,
      0.04375720564234187,
      0.02507884180533642
    ],
    [
      0.006492772667542707,
      0.07308970099667775,
      0.04027631187247977,
      0.11279037223621606,
      0.09792754311026737,
      0.006644518272425249,
      0.0769656699889258,
      0.11061507936507936,
      0.19553868058851448,
      0.10902082260874446,
      0.0123864307414285,
      0.10714285714285714,
      0.08662259538055717,
      0.0,
      0.29020763187429854,
      0.04773184036749928,
      0.12421003623408432,
      0.3197282906585232,
      0.1954787681531046,
      0.04588147539236729,
      0.13667488841907446,
      0.09052736669015739,
      0.022053041260903083,
      0.09973069566092821,
      0.12030605053860867,
      0.001882421083116131,
      0.027184517217739807,
      0.0047212775298642925
    ],
    [
      0.008628120893561103,
      0.07537647537647538,
      0.037871408615547254,
      0.25941355034554026,
      0.0961373723278485,
      0.0021164021164021165,
      0.07520010853344186,
      0.31349432460543575,
      0.19641452022404401,
      0.14370891591140258,
      0.06733812156268454,
      0.07431827431827431,
      0.16445473251028808,
      0.29020763187429854,
      0.0,
      0.10476276930525297,
      0.1175213675213675,
      0.2955246913580247,
      0.2577755321253922,
      0.1381535014943701,
      0.11278885723330168,
      0.1574074074074074,
      0.08546889382208024,
      0.07467100800434133,
      0.07956857956857956,
      0.09462118760043838,
      0.040463592844545225,
      0.024566648925623286
    ],
    [
      0.007597459483136224,
      0.03931649529133806,
      0.03695772780168331,
      0.0438110934892351,
      0.04133805863365612,
      0.008086253369272238,
      0.04881463416953084,
      0.10315866315662066,
      0.03999034973877741,
      0.21224480845558405,
      0.09754149680191815,
      0.03594722305414129,
      0.26592695897262736,
      0.04773184036749928,
      0.10476276930525297,
      0.0,
      0.08590875958945432,
      0.10366159579996058,
      0.1061510370606676,
      0.3290910004683245,
      0.09748875629378773,
      0.2638677075768579,
      0.09791251234372139,
      0.08828325180526438,
      0.21497121560014643,
      0.24275267161157713,
      0.05562224889955982,
      0.16456722882776614
    ],
    [
      0.008035479632063075,
      0.07583665499497162,
      0.04179613048727424,
      0.11060840922301879,
      0.07640922871383793,
      0.0025765817348983684,
      0.13734743165032315,
      0.09733351139601139,
      0.07326007326007325,
      0.09344400419000774,
      0.05147246672347524,
      0.1319420630900734,
      0.1477067382628505,
      0.12421003623408432,
      0.1175213675213675,
      0.08590875958945432,
      0.0,
      0.24586031036431835,
      0.07124634380422039,
      0.25640264501752374,
      0.35435975736576936,
      0.17754458856663266,
      0.09668639943208139,
      0.07726808929213738,
      0.13713507601283154,
      0.02795653006228924,
      0.16949866118792206,
      0.030299666388169926
    ],
    [
      0.006109505037231712,
      0.07477678571428571,
      0.032424697572460824,
      0.08375314861460957,
      0.0926131322094055,
      0.0019704433497536944,
      0.07342657342657342,
      0.10714285714285714,
      0.1961451247165533,
      0.11358507537459579,
      0.06442967859373058,
      0.075,
      0.17585470085470087,
      0.3197282906585232,
      0.2955246913580247,
      0.10366159579996058,
      0.24586031036431835,
      0.0,
      0.23278928870923668,
      0.10311680677484213,
      0.3107142857142857,
      0.17764041514041515,
      0.05803389979089801,
      0.09294871794871795,
      0.1066546762589928,
      0.023724063835138087,
      0.0531609134882023,
      0.05484454798494796
    ],
    [
      0.05821093798886177,
      0.024284197100272114,
      0.07034958144718724,
      0.05245636083468574,
      0.04517289856836536,
      0.029395208347635066,
      0.0420726916427311,
      0.053983150203858576,
      0.17054270050163267,
      0.03509813343886329,
      0.12031920343215728,
      0.053850160919725894,
      0.15780367419539765,
      0.1954787681531046,
      0.2577755321253922,
      0.1061510370606676,
      0.07124634380422039,
      0.23278928870923668,
      0.0,
      0.10514030504080536,
      0.12336569226441178,
      0.10057721118240665,
      0.5067505392098501,
      0.06013577944392558,
      0.042565993240160076,
      0.06516858203221507,
      0.07003583108720021,
      0.027885440992305298
    ],
    [
      0.008528252299605783,
      0.03703486235339914,
      0.07354872038522307,
      0.04758943102072125,
      0.038091758601417454,
      0.00035229874933943986,
      0.09773090402530835,
      0.07441513695795103,
      0.03562566735604138,
      0.051498804903186195,
      0.09940485083918522,
      0.06963927279821824,
      0.27489103022737765,
      0.04588147539236729,
      0.1381535014943701,
      0.3290910004683245,
      0.25640264501752374,
      0.10311680677484213,
      0.10514030504080536,
      0.0,
      0.1368320145549903,
      0.3322125376310881,
      0.1369599337199099,
      0.036330264854720254,
      0.08685849551036563,
      0.11622898944829764,
      0.2224650649408962,
      0.030016249093807085
    ],
    [
      0.006164257555847569,
      0.07772435897435896,
      0.030581039755351685,
      0.1071099485457168,
      0.07791845835324096,
      0.005911330049261083,
      0.09111721611721611,
      0.08691684472934473,
      0.10840746555032268,
      0.0901876394771599,
      0.05064430937357876,
      0.36954980503367596,
      0.15954189122978932,
      0.13667488841907446,
      0.11278885723330168,
      0.09748875629378773,
      0.35435975736576936,
      0.3107142857142857,
      0.12336569226441178,
      0.1368320145549903,
      0.0,
      0.3464896214896214,
      0.32780615651967643,
      0.07509157509157507,
      0.15601365061796718,
      0.022598870056497175,
      0.06186123572235912,
      0.03395072608778158
    ],
    [
      0.0066570302233902754,
      0.07369614512471655,
      0.059184073889359264,
      0.08473271760425412,
      0.09693877551020409,
      0.023809523809523808,
      0.07936507936507937,
      0.10462962962962963,
      0.07312925170068027,
      0.09031231497927768,
      0.09676171977830426,
      0.21485260770975056,
      0.41494414113840866,
      0.09052736669015739,
      0.1574074074074074,
      0.2638677075768579,
      0.17754458856663266,
      0.17764041514041515,
      0.10057721118240665,
      0.3322125376310881,
      0.3464896214896214,
      0.0,
      0.2595905623064646,
      0.07936507936507937,
      0.12891156462585032,
      0.15394291660618656,
      0.09927304255035348,
      0.04911223435556245
    ],
    [
      0.05910625117326825,
      0.0183688939325798,
      0.060772491356172124,
      0.02775822549497356,
      0.019080511082553115,
      0.029283045721401887,
      0.03622603678972265,
      0.02568267547421806,
      0.042000513454610276,
      0.03325843304997563,
      0.11798663137748751,
      0.21783518107009983,
      0.14852419082913426,
      0.022053041260903083,
      0.08546889382208024,
      0.09791251234372139,
      0.09668639943208139,
      0.05803389979089801,
      0.5067505392098501,
      0.1369599337199099,
      0.32780615651967643,
      0.2595905623064646,
      0.0,
      0.03720230037978698,
      0.028660822713405032,
      0.07071558260047588,
      0.10672401507031966,
      0.031675658377449734
    ],
    [
      0.03770809085789374,
      0.17468660968660968,
      0.045963766687157126,
      0.13465275278877295,
      0.15247584541062803,
      0.18867521367521367,
      0.1938125763125763,
      0.11235119047619048,
      0.14102564102564102,
      0.1554411487570317,
      0.04191395518314901,
      0.1388888888888889,
      0.08723081589323627,
      0.09973069566092821,
      0.07467100800434133,
      0.08828325180526438,
      0.07726808929213738,
      0.09294871794871795,
      0.06013577944392558,
      0.036330264854720254,
      0.07509157509157507,
      0.07936507936507937,
      0.03720230037978698,
      0.0,
      0.3429487179487179,
      0.04994877186321965,
      0.06512617012617013,
      0.07790927021696252
    ],
    [
      0.005518302984794443,
      0.09026624853962983,
      0.029056820422412696,
      0.0777627074856294,
      0.09271646228167967,
      0.17701149425287355,
      0.1167166167166167,
      0.07673229548229547,
      0.09146528930701592,
      0.20876355734259816,
      0.011243852090365505,
      0.1492523929574289,
      0.13935395814376705,
      0.12030605053860867,
      0.07956857956857956,
      0.21497121560014643,
      0.13713507601283154,
      0.1066546762589928,
      0.042565993240160076,
      0.08685849551036563,
      0.15601365061796718,
      0.12891156462585032,
      0.028660822713405032,
      0.3429487179487179,
      0.0,
      0.16101319763352778,
      0.00851699592706787,
      0.1858513189448441
    ],
    [
      0.005339903635567235,
      0.0009929254064788382,
      0.03796698523023458,
      0.06605176075467971,
      0.026483121484910204,
      0.029688469653717266,
      0.00960043443963163,
      0.028877580571759546,
      0.001212683161883346,
      0.17810599478714162,
      0.06382851899645312,
      0.001212683161883346,
      0.14044585401051407,
      0.001882421083116131,
      0.09462118760043838,
      0.24275267161157713,
      0.02795653006228924,
      0.023724063835138087,
      0.06516858203221507,
      0.11622898944829764,
      0.022598870056497175,
      0.15394291660618656,
      0.07071558260047588,
      0.04994877186321965,
      0.16101319763352778,
      0.0,
      0.07582693564253663,
      0.20023567335311515
    ],
    [
      0.026236030285964582,
      0.010478670634920634,
      0.00384785182509582,
      0.0028673098122540368,
      0.005851736829997699,
      0.005747126436781609,
      0.08721724898195486,
      0.0013818027210884354,
      0.010526315789473684,
      0.0036631585730799126,
      0.07036639846436109,
      0.04845446950710108,
      0.04375720564234187,
      0.027184517217739807,
      0.040463592844545225,
      0.05562224889955982,
      0.16949866118792206,
      0.0531609134882023,
      0.07003583108720021,
      0.2224650649408962,
      0.06186123572235912,
      0.09927304255035348,
      0.10672401507031966,
      0.06512617012617013,
      0.00851699592706787,
      0.07582693564253663,
      0.0,
      0.14177820076567535
    ],
    [
      0.0031856579688379952,
      0.01494853055611138,
      0.006122876442821984,
      0.0022903531913413717,
      0.006420975902581254,
      0.005747126436781609,
      0.0170812093889017,
      0.0028294355217432137,
      0.0036231884057971015,
      0.13255891760468888,
      0.0312956533064657,
      0.0036231884057971015,
      0.02507884180533642,
      0.0047212775298642925,
      0.024566648925623286,
      0.16456722882776614,
      0.030299666388169926,
      0.05484454798494796,
      0.027885440992305298,
      0.030016249093807085,
      0.03395072608778158,
      0.04911223435556245,
      0.031675658377449734,
      0.07790927021696252,
      0.1858513189448441,
      0.20023567335311515,
      0.14177820076567535,
      0.0
    ]
  ],
  "text_matrix": [
    [
      0.0,
      0.2909510043176272,
      0.34191633815155503,
      0.3431112571178274,
      0.19127951942932234,
      0.14327951942932232,
      0.21011617367051946,
      0.22485676741130092,
      0.14818772292096866,
      0.1760065703022339,
      0.3480219205566583,
      0.14814079219072648,
      0.1740354796320631,
      0.006492772667542707,
      0.008628120893561103,
      0.007597459483136224,
      0.008035479632063075,
      0.006109505037231712,
      0.05821093798886177,
      0.008528252299605783,
      0.006164257555847569,
      0.0066570302233902754,
      0.05910625117326825,
      0.03770809085789374,
      0.005518302984794443,
      0.005339903635567235,
      0.026236030285964582,
      0.0031856579688379952
    ],
    [
      0.2909510043176272,
      0.0,
      0.3170762824899384,
      0.409689736515933,
      0.36008454106280197,
      0.17471264367816094,
      0.3967976467976468,
      0.3025297619047619,
      0.3094618055555556,
      0.23017596594300344,
      0.1524064130358553,
      0.3107638888888889,
      0.2190703670003033,
      0.07308970099667775,
      0.07537647537647538,
      0.03931649529133806,
      0.07583665499497162,
      0.07477678571428571,
      0.024284197100272114,
      0.03703486235339914,
      0.07772435897435896,
      0.07369614512471655,
      0.0183688939325798,
      0.17468660968660968,
      0.09026624853962983,
      0.0009929254064788382,
      0.010478670634920634,
      0.01494853055611138
    ],
    [
      0.34191633815155503,
      0.3170762824899384,
      0.0,
      0.37033099931443014,
      0.24635153891060363,
      0.28761061946902655,
      0.23869697265932435,
      0.2596473623853211,
      0.19875356166660868,
      0.203513288901201,
      0.18003991376918316,
      0.175260093482875,
      0.3078634176746723,
      0.04027631187247977,
      0.037871408615547254,
      0.03695772780168331,
      0.04179613048727424,
      0.032424697572460824,
      0.07034958144718724,
      0.07354872038522307,
      0.030581039755351685,
      0.059184073889359264,
      0.060772491356172124,
      0.045963766687157126,
      0.029056820422412696,
      0.03796698523023458,
      0.00384785182509582,
      0.006122876442821984
    ],
    [
      0.3431112571178274,
      0.409689736515933,
      0.37033099931443014,
      0.0,
      0.2939366678661389,
      0.14705529566990524,
      0.31290375092102335,
      0.5317496968000747,
      0.25047978889288713,
      0.26194263997525297,
      0.18137891044659307,
      0.2501199472232218,
      0.2578050657710607,
      0.11279037223621606,
      0.25941355034554026,
      0.0438110934892351,
      0.11060840922301879,
      0.08375314861460957,
      0.05245636083468574,
      0.04758943102072125,
      0.1071099485457168,
      0.08473271760425412,
      0.02775822549497356,
      0.13465275278877295,
      0.0777627074856294,
      0.06605176075467971,
      0.0028673098122540368,
      0.0022903531913413717
    ],
    [
      0.19127951942932234,
      0.36008454106280197,
      0.24635153891060363,
      0.2939366678661389,
      0.0,
      0.0877415458937198,
      0.36257763975155277,
      0.3993055555555555,
      0.34778295376121465,
      0.2195675690113383,
      0.05271697204206649,
      0.32306763285024154,
      0.1408249924173491,
      0.09792754311026737,
      0.0961373723278485,
      0.04133805863365612,
      0.07640922871383793,
      0.0926131322094055,
      0.04517289856836536,
      0.038091758601417454,
      0.07791845835324096,
      0.09693877551020409,
      0.019080511082553115,
      0.15247584541062803,
      0.09271646228167967,
      0.026483121484910204,
      0.005851736829997699,
      0.006420975902581254
    ],
    [
      0.14327951942932232,
      0.17471264367816094,
      0.28761061946902655,
      0.14705529566990524,
      0.0877415458937198,
      0.0,
      0.08407224958949096,
      0.04558531746031746,
      0.06130268199233716,
      0.0008880994671403196,
      0.1432564330079858,
      0.0011494252873563218,
      0.23342432514407038,
      0.006644518272425249,
      0.0021164021164021165,
      0.008086253369272238,
      0.0025765817348983684,
      0.0019704433497536944,
      0.029395208347635066,
      0.00035229874933943986,
      0.005911330049261083,
      0.023809523809523808,
      0.029283045721401887,
      0.18867521367521367,
      0.17701149425287355,
      0.029688469653717266,
      0.005747126436781609,
      0.005747126436781609
    ],
    [
      0.21011617367051946,
      0.3967976467976468,
      0.23869697265932435,
      0.31290375092102335,
      0.36257763975155277,
      0.08407224958949096,
      0.0,
      0.2768565759637188,
      0.35590920517391106,
      0.2418626919154437,
      0.07090685669157847,
      0.3535782028429087,
      0.13507950951081069,
      0.0769656699889258,
      0.07520010853344186,
      0.04881463416953084,
      0.13734743165032315,
      0.07342657342657342,
      0.0420726916427311,
      0.09773090402530835,
      0.09111721611721611,
      0.07936507936507937,
      0.03622603678972265,
      0.1938125763125763,
      0.1167166167166167,
      0.00960043443963163,
      0.08721724898195486,
      0.0170812093889017
    ],
    [
      0.22485676741130092,
      0.3025297619047619,
      0.2596473623853211,
      0.5317496968000747,
      0.3993055555555555,
      0.04558531746031746,
      0.2768565759637188,
      0.0,
      0.2753684807256236,
      0.25912249540369575,
      0.06279712990829082,
      0.25545634920634924,
      0.1649884259259259,
      0.11061507936507936,
      0.31349432460543575,
      0.10315866315662066,
      0.09733351139601139,
      0.10714285714285714,
      0.053983150203858576,
      0.07441513695795103,
      0.08691684472934473,
      0.10462962962962963,
      0.02568267547421806,
      0.11235119047619048,
      0.07673229548229547,
      0.028877580571759546,
      0.0013818027210884354,
      0.0028294355217432137
    ],
    [
      0.14818772292096866,
      0.3094618055555556,
      0.19875356166660868,
      0.25047978889288713,
      0.34778295376121465,
      0.06130268199233716,
      0.35590920517391106,
      0.2753684807256236,
      0.0,
      0.22231199668798998,
      0.009682366895660101,
      0.37896825396825395,
      0.09614801334546556,
      0.19553868058851448,
      0.19641452022404401,
      0.03999034973877741,
      0.07326007326007325,
      0.1961451247165533,
      0.17054270050163267,
      0.03562566735604138,
      0.10840746555032268,
      0.07312925170068027,
      0.042000513454610276,
      0.14102564102564102,
      0.09146528930701592,
      0.001212683161883346,
      0.010526315789473684,
      0.0036231884057971015
    ],
    [
      0.1760065703022339,
      0.23017596594300344,
      0.203513288901201,
      0.26194263997525297,
      0.2195675690113383,
      0.0008880994671403196,
      0.2418626919154437,
      0.25912249540369575,
      0.22231199668798998,
      0.0,
      0.015281601957980265,
      0.2181719841344035,
      0.09223653049141504,
      0.10902082260874446,
      0.14370891591140258,
      0.21224480845558405,
      0.09344400419000774,
      0.11358507537459579,
      0.03509813343886329,
      0.051498804903186195,
      0.0901876394771599,
      0.09031231497927768,
      0.03325843304997563,
      0.1554411487570317,
      0.20876355734259816,
      0.17810599478714162,
      0.0036631585730799126,
      0.13255891760468888
    ],
    [
      0.3480219205566583,
      0.1524064130358553,
      0.18003991376918316,
      0.18137891044659307,
      0.05271697204206649,
      0.1432564330079858,
      0.07090685669157847,
      0.06279712990829082,
      0.009682366895660101,
      0.015281601957980265,
      0.0,
      0.00950490460639657,
      0.2642047839604989,
      0.0123864307414285,
      0.06733812156268454,
      0.09754149680191815,
      0.05147246672347524,
      0.06442967859373058,
      0.12031920343215728,
      0.09940485083918522,
      0.05064430937357876,
      0.09676171977830426,
      0.11798663137748751,
      0.04191395518314901,
      0.011243852090365505,
      0.06382851899645312,
      0.07036639846436109,
      0.0312956533064657
    ],
    [
      0.14814079219072648,
      0.3107638888888889,
      0.175260093482875,
      0.2501199472232218,
      0.32306763285024154,
      0.0011494252873563218,
      0.3535782028429087,
      0.25545634920634924,
      0.37896825396825395,
      0.2181719841344035,
      0.00950490460639657,
      0.0,
      0.07233848953594177,
      0.10714285714285714,
      0.07431827431827431,
      0.03594722305414129,
      0.1319420630900734,
      0.075,
      0.053850160919725894,
      0.06963927279821824,
      0.36954980503367596,
      0.21485260770975056,
      0.21783518107009983,
      0.1388888888888889,
      0.1492523929574289,
      0.001212683161883346,
      0.04845446950710108,
      0.0036231884057971015
    ],
    [
      0.1740354796320631,
      0.2190703670003033,
      0.3078634176746723,
      0.2578050657710607,
      0.1408249924173491,
      0.23342432514407038,
      0.13507950951081069,
      0.1649884259259259,
      0.09614801334546556,
      0.09223653049141504,
      0.2642047839604989,
      0.07233848953594177,
      0.0,
      0.08662259538055717,
      0.16445473251028808,
      0.26592695897262736,
      0.1477067382628505,
      0.17585470085470087,
      0.15780367419539765,
      0.27489103022737765,
      0.15954189122978932,
      0.41494414113840866,
      0.14852419082913426,
      0.08723081589323627,
      0.13935395814376705,
      0.14044585401051407,
      0.04375720564234187,
      0.02507884180533642
    ],
    [
      0.006492772667542707,
      0.07308970099667775,
      0.04027631187247977,
      0.11279037223621606,
      0.09792754311026737,
      0.006644518272425249,
      0.0769656699889258,
      0.11061507936507936,
      0.19553868058851448,
      0.10902082260874446,
      0.0123864307414285,
      0.10714285714285714,
      0.08662259538055717,
      0.0,
      0.29020763187429854,
      0.04773184036749928,
      0.12421003623408432,
      0.3197282906585232,
      0.1954787681531046,
      0.04588147539236729,
      0.13667488841907446,
      0.09052736669015739,
      0.022053041260903083,
      0.09973069566092821,
      0.12030605053860867,
      0.001882421083116131,
      0.027184517217739807,
      0.0047212775298642925
    ],
    [
      0.008628120893561103,
      0.07537647537647538,
      0.037871408615547254,
      0.25941355034554026,
      0.0961373723278485,
      0.0021164021164021165,
      0.07520010853344186,
      0.31349432460543575,
      0.19641452022404401,
      0.14370891591140258,
      0.06733812156268454,
      0.07431827431827431,
      0.16445473251028808,
      0.29020763187429854,
      0.0,
      0.10476276930525297,
      0.1175213675213675,
      0.2955246913580247,
      0.2577755321253922,
      0.1381535014943701,
      0.11278885723330168,
      0.1574074074074074,
      0.08546889382208024,
      0.07467100800434133,
      0.07956857956857956,
      0.09462118760043838,
      0.040463592844545225,
      0.024566648925623286
    ],
    [
      0.007597459483136224,
      0.03931649529133806,
      0.03695772780168331,
      0.0438110934892351,
      0.04133805863365612,
      0.008086253369272238,
      0.04881463416953084,
      0.10315866315662066,
      0.03999034973877741,
      0.21224480845558405,
      0.09754149680191815,
      0.03594722305414129,
      0.26592695897262736,
      0.04773184036749928,
      0.10476276930525297,
      0.0,
      0.08590875958945432,
      0.10366159579996058,
      0.1061510370606676,
      0.3290910004683245,
      0.09748875629378773,
      0.2638677075768579,
      0.09791251234372139,
      0.08828325180526438,
      0.21497121560014643,
      0.24275267161157713,
      0.05562224889955982,
      0.16456722882776614
    ],
    [
      0.008035479632063075,
      0.07583665499497162,
      0.04179613048727424,
      0.11060840922301879,
      0.07640922871383793,
      0.0025765817348983684,
      0.13734743165032315,
      0.09733351139601139,
      0.07326007326007325,
      0.09344400419000774,
      0.05147246672347524,
      0.1319420630900734,
      0.1477067382628505,
      0.12421003623408432,
      0.1175213675213675,
      0.08590875958945432,
      0.0,
      0.24586031036431835,
      0.07124634380422039,
      0.25640264501752374,
      0.35435975736576936,
      0.17754458856663266,
      0.09668639943208139,
      0.07726808929213738,
      0.13713507601283154,
      0.02795653006228924,
      0.16949866118792206,
      0.030299666388169926
    ],
    [
      0.006109505037231712,
      0.07477678571428571,
      0.032424697572460824,
      0.08375314861460957,
      0.0926131322094055,
      0.0019704433497536944,
      0.07342657342657342,
      0.10714285714285714,
      0.1961451247165533,
      0.11358507537459579,
      0.06442967859373058,
      0.075,
      0.17585470085470087,
      0.3197282906585232,
      0.2955246913580247,
      0.10366159579996058,
      0.24586031036431835,
      0.0,
      0.23278928870923668,
      0.10311680677484213,
      0.3107142857142857,
      0.17764041514041515,
      0.05803389979089801,
      0.09294871794871795,
      0.1066546762589928,
      0.023724063835138087,
      0.0531609134882023,
      0.05484454798494796
    ],
    [
      0.05821093798886177,
      0.024284197100272114,
      0.07034958144718724,
      0.05245636083468574,
      0.04517289856836536,
      0.029395208347635066,
      0.0420726916427311,
      0.053983150203858576,
      0.17054270050163267,
      0.03509813343886329,
      0.12031920343215728,
      0.053850160919725894,
      0.15780367419539765,
      0.1954787681531046,
      0.2577755321253922,
      0.1061510370606676,
      0.07124634380422039,
      0.23278928870923668,
      0.0,
      0.10514030504080536,
      0.12336569226441178,
      0.10057721118240665,
      0.5067505392098501,
      0.06013577944392558,
      0.042565993240160076,
      0.06516858203221507,
      0.07003583108720021,
      0.027885440992305298
    ],
    [
      0.008528252299605783,
      0.03703486235339914,
      0.07354872038522307,
      0.04758943102072125,
      0.038091758601417454,
      0.00035229874933943986,
      0.09773090402530835,
      0.07441513695795103,
      0.03562566735604138,
      0.051498804903186195,
      0.09940485083918522,
      0.06963927279821824,
      0.27489103022737765,
      0.04588147539236729,
      0.1381535014943701,
      0.3290910004683245,
      0.25640264501752374,
      0.10311680677484213,
      0.10514030504080536,
      0.0,
      0.1368320145549903,
      0.3322125376310881,
      0.1369599337199099,
      0.036330264854720254,
      0.08685849551036563,
      0.11622898944829764,
      0.2224650649408962,
      0.030016249093807085
    ],
    [
      0.006164257555847569,
      0.07772435897435896,
      0.030581039755351685,
      0.1071099485457168,
      0.07791845835324096,
      0.005911330049261083,
      0.09111721611721611,
      0.08691684472934473,
      0.10840746555032268,
      0.0901876394771599,
      0.05064430937357876,
      0.36954980503367596,
      0.15954189122978932,
      0.13667488841907446,
      0.11278885723330168,
      0.09748875629378773,
      0.35435975736576936,
      0.3107142857142857,
      0.12336569226441178,
      0.1368320145549903,
      0.0,
      0.3464896214896214,
      0.32780615651967643,
      0.07509157509157507,
      0.15601365061796718,
      0.022598870056497175,
      0.06186123572235912,
      0.03395072608778158
    ],
    [
      0.0066570302233902754,
      0.07369614512471655,
      0.059184073889359264,
      0.08473271760425412,
      0.09693877551020409,
      0.023809523809523808,
      0.07936507936507937,
      0.10462962962962963,
      0.07312925170068027,
