{
  "stem": "Models",
  "singular": "Model",
  "endpoint": "model",
  "count": 9,
  "method": "field-level | link: field-level (links uninformative) | order: spectral graph components",
  "entries": [
    {
      "id": "AWI-ESM3-4-2-veg-HR",
      "label": "AWI-ESM3-4-2-veg-HR",
      "spectral_rank": 0
    },
    {
      "id": "ACCESS-ESM1-6",
      "label": "ACCESS-ESM1-6",
      "spectral_rank": 1
    },
    {
      "id": "CanESM6-0-MR",
      "label": "CanESM6-0-MR",
      "spectral_rank": 2
    },
    {
      "id": "CanESM5-1",
      "label": "CanESM5-1",
      "spectral_rank": 3
    },
    {
      "id": "ukcm2a-0-hh",
      "label": "ukcm2a-0-hh",
      "spectral_rank": 4
    },
    {
      "id": "UKCM2-0-LL",
      "label": "UKCM2-0-LL",
      "spectral_rank": 5
    },
    {
      "id": "ec-earth3-esm-1-1",
      "label": "ec-earth3-esm-1-1",
      "spectral_rank": 6
    },
    {
      "id": "mri-esm3-4",
      "label": "mri-esm3-4",
      "spectral_rank": 7
    },
    {
      "id": "cnrm-esm2-1e",
      "label": "cnrm-esm2-1e",
      "spectral_rank": 8
    }
  ],
  "link_matrix": [
    [
      0.0,
      0.2713786532988325,
      0.1656826079147451,
      0.14197716902157465,
      0.15540938311426664,
      0.14373409721874267,
      0.23827497019384095,
      0.23237652295201944,
      0.053687535173664154
    ],
    [
      0.2713786532988325,
      0.0,
      0.3716777903123323,
      0.3506465073820608,
      0.2293399271413465,
      0.2170603310468904,
      0.2401715564810836,
      0.2586799815414636,
      0.05038227992271447
    ],
    [
      0.1656826079147451,
      0.3716777903123323,
      0.0,
      0.729757184239397,
      0.2468095828258812,
      0.2540758567645328,
      0.15844349053090534,
      0.13689554183428795,
      0.09323571676034001
    ],
    [
      0.14197716902157465,
      0.3506465073820608,
      0.729757184239397,
      0.0,
      0.22390442666115773,
      0.23854473721504432,
      0.1322043575105557,
      0.11277832188013164,
      0.08640053759521743
    ],
    [
      0.15540938311426664,
      0.2293399271413465,
      0.2468095828258812,
      0.22390442666115773,
      0.0,
      0.695841886199668,
      0.1230737542671403,
      0.1802604965209687,
      0.13057292426995815
    ],
    [
      0.14373409721874267,
      0.2170603310468904,
      0.2540758567645328,
      0.23854473721504432,
      0.695841886199668,
      0.0,
      0.11107122894575643,
      0.1444319717035636,
      0.13522131770162155
    ],
    [
      0.23827497019384095,
      0.2401715564810836,
      0.15844349053090534,
      0.1322043575105557,
      0.1230737542671403,
      0.11107122894575643,
      0.0,
      0.20562315056175065,
      0.05746287563002238
    ],
    [
      0.23237652295201944,
      0.2586799815414636,
      0.13689554183428795,
      0.11277832188013164,
      0.1802604965209687,
      0.1444319717035636,
      0.20562315056175065,
      0.0,
      0.09210754299347984
    ],
    [
      0.053687535173664154,
      0.05038227992271447,
      0.09323571676034001,
      0.08640053759521743,
      0.13057292426995815,
      0.13522131770162155,
      0.05746287563002238,
      0.09210754299347984,
      0.0
    ]
  ],
  "text_matrix": [
    [
      0.0,
      0.2713786532988325,
      0.1656826079147451,
      0.14197716902157465,
      0.15540938311426664,
      0.14373409721874267,
      0.23827497019384095,
      0.23237652295201944,
      0.053687535173664154
    ],
    [
      0.2713786532988325,
      0.0,
      0.3716777903123323,
      0.3506465073820608,
      0.2293399271413465,
      0.2170603310468904,
      0.2401715564810836,
      0.2586799815414636,
      0.05038227992271447
    ],
    [
      0.1656826079147451,
      0.3716777903123323,
      0.0,
      0.729757184239397,
      0.2468095828258812,
      0.2540758567645328,
      0.15844349053090534,
      0.13689554183428795,
      0.09323571676034001
    ],
    [
      0.14197716902157465,
      0.3506465073820608,
      0.729757184239397,
      0.0,
      0.22390442666115773,
      0.23854473721504432,
      0.1322043575105557,
      0.11277832188013164,
      0.08640053759521743
    ],
    [
      0.15540938311426664,
      0.2293399271413465,
      0.2468095828258812,
      0.22390442666115773,
      0.0,
      0.695841886199668,
      0.1230737542671403,
      0.1802604965209687,
      0.13057292426995815
    ],
    [
      0.14373409721874267,
      0.2170603310468904,
      0.2540758567645328,
      0.23854473721504432,
      0.695841886199668,
      0.0,
      0.11107122894575643,
      0.1444319717035636,
      0.13522131770162155
    ],
    [
      0.23827497019384095,
      0.2401715564810836,
      0.15844349053090534,
      0.1322043575105557,
      0.1230737542671403,
      0.11107122894575643,
      0.0,
      0.20562315056175065,
      0.05746287563002238
    ],
    [
      0.23237652295201944,
      0.2586799815414636,
      0.13689554183428795,
      0.11277832188013164,
      0.1802604965209687,
      0.1444319717035636,
      0.20562315056175065,
      0.0,
      0.09210754299347984
    ],
    [
      0.053687535173664154,
      0.05038227992271447,
      0.09323571676034001,
      0.08640053759521743,
      0.13057292426995815,
      0.13522131770162155,
      0.05746287563002238,
      0.09210754299347984,
      0.0
    ]
  ],
  "dendrogram": {
    "name": "",
    "leaf": false,
    "children": [
      {
        "name": "cnrm-esm2-1e",
        "leaf": true,
        "spectral_index": 4,
        "value": 0.0
      },
      {
        "name": "",
        "leaf": false,
        "children": [
          {
            "name": "",
            "leaf": false,
            "children": [
              {
                "name": "AWI-ESM3-4-2-veg-HR",
                "leaf": true,
                "spectral_index": 0,
                "value": 0.0
              },
              {
                "name": "ukcm2a-0-hh",
                "leaf": true,
                "spectral_index": 1,
                "value": 0.0
              }
            ],
            "value": 0.7863902072515172
          },
          {
            "name": "",
            "leaf": false,
            "children": [
              {
                "name": "ec-earth3-esm-1-1",
                "leaf": true,
                "spectral_index": 2,
                "value": 0.0
              },
              {
                "name": "mri-esm3-4",
                "leaf": true,
                "spectral_index": 3,
                "value": 0.0
              }
            ],
            "value": 0.7943768494382494
          }
        ],
        "value": 0.8357812721375535
      }
    ],
    "value": 0.9116514857569309
  },
  "schema": {
    "name": "",
    "children": [
      {
        "name": "calendar",
        "type": "scalar"
      },
      {
        "name": "coupled_components",
        "type": "list"
      },
      {
        "name": "description",
        "type": "scalar"
      },
      {
        "name": "dynamic_components",
        "type": "list"
      },
      {
        "name": "embedded_components",
        "type": "list"
      },
      {
        "name": "family",
        "type": "scalar"
      },
      {
        "name": "model_components",
        "type": "list"
      },
      {
        "name": "name",
        "type": "scalar"
      },
      {
        "name": "omitted_components",
        "type": "scalar"
      },
      {
        "name": "prescribed_components",
        "type": "list"
      },
      {
        "name": "references",
        "type": "scalar"
      },
      {
        "name": "release_year",
        "type": "scalar"
      },
      {
        "name": "ui_label",
        "type": "scalar"
      },
      {
        "name": "validation_key",
        "type": "scalar"
      }
    ]
  }
}