{
  "stem": "Model_Components",
  "singular": "Model Component",
  "endpoint": "model_component",
  "count": 10,
  "method": "field-level | link: text (links uninformative) | order: UPGMA leaf traversal",
  "entries": [
    {
      "id": "surfex_v8_modeling_platform",
      "label": "surfex_v8_modeling_platform",
      "spectral_rank": 0
    },
    {
      "id": "piscesv2-gas",
      "label": "piscesv2-gas",
      "spectral_rank": 1
    },
    {
      "id": "gelato",
      "label": "gelato",
      "spectral_rank": 2
    },
    {
      "id": "nemo_v3_6",
      "label": "nemo_v3_6",
      "spectral_rank": 3
    },
    {
      "id": "tactic",
      "label": "tactic",
      "spectral_rank": 4
    },
    {
      "id": "arpege-climat_version_6_3",
      "label": "arpege-climat_version_6_3",
      "spectral_rank": 5
    },
    {
      "id": "reprobus-c_v2_0",
      "label": "reprobus-c_v2_0",
      "spectral_rank": 6
    },
    {
      "id": "hadam3",
      "label": "hadam3",
      "spectral_rank": 7
    },
    {
      "id": "clm4",
      "label": "clm4",
      "spectral_rank": 8
    },
    {
      "id": "bisicles-ukesm-ismip6-1_0",
      "label": "bisicles-ukesm-ismip6-1_0",
      "spectral_rank": 9
    }
  ],
  "link_matrix": [
    [
      0.0,
      0.14177820076567535,
      0.0036231884057971015,
      0.0036231884057971015,
      0.006420975902581254,
      0.01494853055611138,
      0.0170812093889017,
      0.005747126436781609,
      0.1858513189448441,
      0.07790927021696252
    ],
    [
      0.14177820076567535,
      0.0,
      0.010526315789473684,
      0.04845446950710108,
      0.005851736829997699,
      0.010478670634920634,
      0.08721724898195486,
      0.005747126436781609,
      0.00851699592706787,
      0.06512617012617013
    ],
    [
      0.0036231884057971015,
      0.010526315789473684,
      0.0,
      0.37896825396825395,
      0.34778295376121465,
      0.3094618055555556,
      0.35590920517391106,
      0.06130268199233716,
      0.09146528930701592,
      0.14102564102564102
    ],
    [
      0.0036231884057971015,
      0.04845446950710108,
      0.37896825396825395,
      0.0,
      0.32306763285024154,
      0.3107638888888889,
      0.3535782028429087,
      0.0011494252873563218,
      0.1492523929574289,
      0.1388888888888889
    ],
    [
      0.006420975902581254,
      0.005851736829997699,
      0.34778295376121465,
      0.32306763285024154,
      0.0,
      0.36008454106280197,
      0.36257763975155277,
      0.0877415458937198,
      0.09271646228167967,
      0.15247584541062803
    ],
    [
      0.01494853055611138,
      0.010478670634920634,
      0.3094618055555556,
      0.3107638888888889,
      0.36008454106280197,
      0.0,
      0.3967976467976468,
      0.17471264367816094,
      0.09026624853962983,
      0.17468660968660968
    ],
    [
      0.0170812093889017,
      0.08721724898195486,
      0.35590920517391106,
      0.3535782028429087,
      0.36257763975155277,
      0.3967976467976468,
      0.0,
      0.08407224958949096,
      0.1167166167166167,
      0.1938125763125763
    ],
    [
      0.005747126436781609,
      0.005747126436781609,
      0.06130268199233716,
      0.0011494252873563218,
      0.0877415458937198,
      0.17471264367816094,
      0.08407224958949096,
      0.0,
      0.17701149425287355,
      0.18867521367521367
    ],
    [
      0.1858513189448441,
      0.00851699592706787,
      0.09146528930701592,
      0.1492523929574289,
      0.09271646228167967,
      0.09026624853962983,
      0.1167166167166167,
      0.17701149425287355,
      0.0,
      0.3429487179487179
    ],
    [
      0.07790927021696252,
      0.06512617012617013,
      0.14102564102564102,
      0.1388888888888889,
      0.15247584541062803,
      0.17468660968660968,
      0.1938125763125763,
      0.18867521367521367,
      0.3429487179487179,
      0.0
    ]
  ],
  "text_matrix": [
    [
      0.0,
      0.14177820076567535,
      0.0036231884057971015,
      0.0036231884057971015,
      0.006420975902581254,
      0.01494853055611138,
      0.0170812093889017,
      0.005747126436781609,
      0.1858513189448441,
      0.07790927021696252
    ],
    [
      0.14177820076567535,
      0.0,
      0.010526315789473684,
      0.04845446950710108,
      0.005851736829997699,
      0.010478670634920634,
      0.08721724898195486,
      0.005747126436781609,
      0.00851699592706787,
      0.06512617012617013
    ],
    [
      0.0036231884057971015,
      0.010526315789473684,
      0.0,
      0.37896825396825395,
      0.34778295376121465,
      0.3094618055555556,
      0.35590920517391106,
      0.06130268199233716,
      0.09146528930701592,
      0.14102564102564102
    ],
    [
      0.0036231884057971015,
      0.04845446950710108,
      0.37896825396825395,
      0.0,
      0.32306763285024154,
      0.3107638888888889,
      0.3535782028429087,
      0.0011494252873563218,
      0.1492523929574289,
      0.1388888888888889
    ],
    [
      0.006420975902581254,
      0.005851736829997699,
      0.34778295376121465,
      0.32306763285024154,
      0.0,
      0.36008454106280197,
      0.36257763975155277,
      0.0877415458937198,
      0.09271646228167967,
      0.15247584541062803
    ],
    [
      0.01494853055611138,
      0.010478670634920634,
      0.3094618055555556,
      0.3107638888888889,
      0.36008454106280197,
      0.0,
      0.3967976467976468,
      0.17471264367816094,
      0.09026624853962983,
      0.17468660968660968
    ],
    [
      0.0170812093889017,
      0.08721724898195486,
      0.35590920517391106,
      0.3535782028429087,
      0.36257763975155277,
      0.3967976467976468,
      0.0,
      0.08407224958949096,
      0.1167166167166167,
      0.1938125763125763
    ],
    [
      0.005747126436781609,
      0.005747126436781609,
      0.06130268199233716,
      0.0011494252873563218,
      0.0877415458937198,
      0.17471264367816094,
      0.08407224958949096,
      0.0,
      0.17701149425287355,
      0.18867521367521367
    ],
    [
      0.1858513189448441,
      0.00851699592706787,
      0.09146528930701592,
      0.1492523929574289,
      0.09271646228167967,
      0.09026624853962983,
      0.1167166167166167,
      0.17701149425287355,
      0.0,
      0.3429487179487179
    ],
    [
      0.07790927021696252,
      0.06512617012617013,
      0.14102564102564102,
      0.1388888888888889,
      0.15247584541062803,
      0.17468660968660968,
      0.1938125763125763,
      0.18867521367521367,
      0.3429487179487179,
      0.0
    ]
  ],
  "dendrogram": {
    "name": "",
    "leaf": false,
    "children": [
      {
        "name": "",
        "leaf": false,
        "children": [
          {
            "name": "surfex_v8_modeling_platform",
            "leaf": true,
            "spectral_index": 0,
            "value": 0.0
          },
          {
            "name": "piscesv2-gas",
            "leaf": true,
            "spectral_index": 1,
            "value": 0.0
          }
        ],
        "value": 0.8582217992343246
      },
      {
        "name": "",
        "leaf": false,
        "children": [
          {
            "name": "",
            "leaf": false,
            "children": [
              {
                "name": "",
                "leaf": false,
                "children": [
                  {
                    "name": "gelato",
                    "leaf": true,
                    "spectral_index": 2,
                    "value": 0.0
                  },
                  {
                    "name": "nemo_v3_6",
                    "leaf": true,
                    "spectral_index": 3,
                    "value": 0.0
                  }
                ],
                "value": 0.621031746031746
              },
              {
                "name": "",
                "leaf": false,
                "children": [
                  {
                    "name": "tactic",
                    "leaf": true,
                    "spectral_index": 4,
                    "value": 0.0
                  },
                  {
                    "name": "",
                    "leaf": false,
                    "children": [
                      {
                        "name": "arpege-climat_version_6_3",
                        "leaf": true,
                        "spectral_index": 5,
                        "value": 0.0
                      },
                      {
                        "name": "reprobus-c_v2_0",
                        "leaf": true,
                        "spectral_index": 6,
                        "value": 0.0
                      }
                    ],
                    "value": 0.6032023532023532
                  }
                ],
                "value": 0.6386689095928226
              }
            ],
            "value": 0.6665727184878799
          },
          {
            "name": "",
            "leaf": false,
            "children": [
              {
                "name": "hadam3",
                "leaf": true,
                "spectral_index": 7,
                "value": 0.0
              },
              {
                "name": "",
                "leaf": false,
                "children": [
                  {
                    "name": "clm4",
                    "leaf": true,
                    "spectral_index": 8,
                    "value": 0.0
                  },
                  {
                    "name": "bisicles-ukesm-ismip6-1_0",
                    "leaf": true,
                    "spectral_index": 9,
                    "value": 0.0
                  }
                ],
                "value": 0.6570512820512822
              }
            ],
            "value": 0.8171566460359564
          }
        ],
        "value": 0.8833143254954813
      }
    ],
    "value": 0.9651797785942973
  },
  "schema": {
    "name": "record",
    "children": [
      {
        "name": "code_base",
        "type": "scalar"
      },
      {
        "name": "component",
        "type": "scalar"
      },
      {
        "name": "description",
        "type": "scalar"
      },
      {
        "name": "family",
        "type": "scalar"
      },
      {
        "name": "name",
        "type": "scalar"
      },
      {
        "name": "references",
        "type": "scalar"
      },
      {
        "name": "ui_label",
        "type": "scalar"
      },
      {
        "name": "validation_key",
        "type": "scalar"
      }
    ]
  }
}