# Model Components

**Stage 3.** Model components are specific versioned instances of model software — an atmosphere, ocean, sea-ice, or land-surface code at a specific version — bound to horizontal and vertical grids. Each produces a component config ID used in Stage 4.

---

<link href="https://fonts.googleapis.com/css2?family=Source+Code+Pro:wght@400;600;700&display=swap" rel="stylesheet">

<style>
.emd-viz { font-family: 'Source Code Pro', monospace; width: 100%; }
.emd-section { margin-bottom: 2.5rem; }
.emd-section-label {
  font-size: 11px; font-weight: 700; color: #0d1035;
  text-transform: uppercase; letter-spacing: 0.09em;
  margin-bottom: 12px; display: block;
}
.emd-selector-row { display: flex; gap: 10px; align-items: center; flex-wrap: wrap; }
#emd-entry-select {
  flex: 1; min-width: 240px; padding: 8px 12px;
  border: 1.5px solid #ccc; border-radius: 6px;
  font-family: 'Source Code Pro', monospace; font-size: 12px;
  color: #0d1035; background: #fff; cursor: pointer;
}
#emd-entry-select:focus { outline: none; border-color: #0d1035; }
#emd-go-btn {
  padding: 8px 18px; border: 1.5px solid #0d1035; border-radius: 6px;
  background: #0d1035; color: #fff;
  font-family: 'Source Code Pro', monospace; font-size: 12px;
  font-weight: 600; cursor: pointer; transition: background .15s;
}
#emd-go-btn:hover { background: #1a2080; }
.emd-stats {
  margin-top: 10px; font-size: 11px; color: #888;
  display: flex; gap: 20px; flex-wrap: wrap;
}
.emd-stats b { color: #0d1035; }
.emd-filter-bar { display: flex; flex-wrap: wrap; gap: 6px; margin-bottom: 10px; }
.emd-fbtn {
  padding: 4px 11px; border-radius: 20px; border: 1.5px solid #ccc;
  background: #fff; cursor: pointer; font-family: 'Source Code Pro', monospace;
  font-size: 11px; color: #555; transition: all .15s;
}
.emd-fbtn:hover  { border-color: #0d1035; color: #0d1035; }
.emd-fbtn.active { background: #0d1035; border-color: #0d1035; color: #fff; font-weight: 600; }
.emd-tip {
  position: fixed; background: #0d1035; color: #fff;
  padding: 10px 14px; border-radius: 8px; font-size: 12px;
  font-family: 'Source Code Pro', monospace; pointer-events: none;
  opacity: 0; transition: opacity .12s; line-height: 1.9;
  box-shadow: 0 6px 24px rgba(0,0,0,.25); max-width: 280px; z-index: 999;
}
.emd-tip-link { color: #e8607e; font-weight: 600; }
.emd-tip-text { color: #f5c842; font-weight: 600; }
.emd-tip-head { font-weight: 700; font-size: 13px;
  border-bottom: 1px solid rgba(255,255,255,.2); padding-bottom: 5px; margin-bottom: 5px; }
/* ── accessible font toggle ── */
.emd-font-btn {
  padding: 5px 12px; border-radius: 20px; border: 1.5px solid #ccc;
  background: #fff; font-size: 11px; cursor: pointer;
  font-family: 'Source Code Pro', monospace; color: #888;
  transition: all .2s; white-space: nowrap;
}
.emd-font-btn:hover { border-color: #2065a0; color: #1a4a80; }
.emd-font-btn.active { background: #e8f0ff; border-color: #2065a0;
  color: #1a4a80; font-family: inherit; font-weight: 600; }
/* Accessible mode: also switch the UI controls (the SVGs are already on the
   accessible/sans-serif font by default via the JS `FONT` constant). */
.emd-viz.accessible { font-family: inherit; }
.emd-viz.accessible #emd-entry-select,
.emd-viz.accessible .emd-stats,
.emd-viz.accessible .emd-stats-grid,
.emd-viz.accessible .emd-stat-label,
.emd-viz.accessible .emd-stat-value,
.emd-viz.accessible .emd-section-label,
.emd-viz.accessible .emd-fbtn,
.emd-viz.accessible #emd-go-btn { font-family: inherit !important; }
/* ── stats grid ── */
.emd-stats-grid {
  display: grid;
  grid-template-columns: repeat(auto-fit, minmax(150px, 1fr));
  gap: 12px;
  margin: 10px 0 18px;
  padding: 14px 16px;
  background: #f7f8fa;
  border-left: 3px solid #0d1035;
  border-radius: 4px;
}
.emd-stat-item { display: flex; flex-direction: column; gap: 3px; }
.emd-stat-label {
  font-family: 'Source Code Pro', monospace;
  color: #888; font-size: 10px;
  text-transform: uppercase; letter-spacing: 0.06em;
}
.emd-stat-value {
  font-family: 'Source Code Pro', monospace;
  color: #0d1035; font-weight: 600; font-size: 13px;
}
</style>

<div class="emd-viz">

<!-- Status / stats box pinned to the top of the page -->
<div class="emd-stats-grid">
  <div class="emd-stat-item">
    <span class="emd-stat-label">Total Records</span>
    <span class="emd-stat-value">56</span>
  </div>
  <div class="emd-stat-item">
    <span class="emd-stat-label">Endpoint</span>
    <span class="emd-stat-value">model_component</span>
  </div>
  <div class="emd-stat-item">
    <span class="emd-stat-label">Raw Data</span>
    <span class="emd-stat-value">65.0 KB</span>
  </div>
  <div class="emd-stat-item">
    <span class="emd-stat-label">Processed Data</span>
    <span class="emd-stat-value">171.6 KB</span>
  </div>
  <div class="emd-stat-item">
    <span class="emd-stat-label">Last Updated</span>
    <span class="emd-stat-value">2026-06-29 15:24 UTC</span>
  </div>
</div>

<div class="emd-section">
<span class="emd-section-label">View a specific Model Component</span>
<div class="emd-selector-row">
  <select id="emd-entry-select">
    <option value="">Select an entry…</option>
    <option value="../view_model_components/?id=canam6-aerosol">canam6-aerosol</option>
    <option value="../view_model_components/?id=canam5-1-aerosol">canam5-1-aerosol</option>
    <option value="../view_model_components/?id=cannemo5-1">cannemo5-1</option>
    <option value="../view_model_components/?id=class-ctem-v3-6-2">class-ctem-v3-6-2</option>
    <option value="../view_model_components/?id=cannemo6-0">cannemo6-0</option>
    <option value="../view_model_components/?id=canam5-1">canam5-1</option>
    <option value="../view_model_components/?id=si3-cannemo">si3-cannemo</option>
    <option value="../view_model_components/?id=canam6">canam6</option>
    <option value="../view_model_components/?id=classicv1-5">classicv1-5</option>
    <option value="../view_model_components/?id=cmoc">cmoc</option>
    <option value="../view_model_components/?id=colm2024">colm2024</option>
    <option value="../view_model_components/?id=si3-gosi9">si3-gosi9</option>
    <option value="../view_model_components/?id=fesom-2-7">fesom-2-7</option>
    <option value="../view_model_components/?id=colm2014">colm2014</option>
    <option value="../view_model_components/?id=cable3">cable3</option>
    <option value="../view_model_components/?id=fesim-2-7">fesim-2-7</option>
    <option value="../view_model_components/?id=pism-v1-2-line">pism-v1-2-line</option>
    <option value="../view_model_components/?id=clm4">clm4</option>
    <option value="../view_model_components/?id=wombatlite">wombatlite</option>
    <option value="../view_model_components/?id=nemo-gosi9">nemo-gosi9</option>
    <option value="../view_model_components/?id=lim2">lim2</option>
    <option value="../view_model_components/?id=jules-v5-3">jules-v5-3</option>
    <option value="../view_model_components/?id=bisicles-ukesm-ismip6-1_0">bisicles-ukesm-ismip6-1_0</option>
    <option value="../view_model_components/?id=openifs-48r1">openifs-48r1</option>
    <option value="../view_model_components/?id=cice5">cice5</option>
    <option value="../view_model_components/?id=glomap-mode">glomap-mode</option>
    <option value="../view_model_components/?id=lpj-guess-4-1">lpj-guess-4-1</option>
    <option value="../view_model_components/?id=gelato">gelato</option>
    <option value="../view_model_components/?id=nemo_v3_6">nemo_v3_6</option>
    <option value="../view_model_components/?id=mom5">mom5</option>
    <option value="../view_model_components/?id=icon-o-1-1">icon-o-1-1</option>
    <option value="../view_model_components/?id=iap-agcm5-0">iap-agcm5-0</option>
    <option value="../view_model_components/?id=m-sim">m-sim</option>
    <option value="../view_model_components/?id=tactic">tactic</option>
    <option value="../view_model_components/?id=hadam3">hadam3</option>
    <option value="../view_model_components/?id=jules-gl9">jules-gl9</option>
    <option value="../view_model_components/?id=mri-agcm4-4-land-surface">mri-agcm4-4-land-surface</option>
    <option value="../view_model_components/?id=classic">classic</option>
    <option value="../view_model_components/?id=ifs-cy36r4-l91">ifs-cy36r4-l91</option>
    <option value="../view_model_components/?id=arpege-climat_version_6_3">arpege-climat_version_6_3</option>
    <option value="../view_model_components/?id=um7-3">um7-3</option>
    <option value="../view_model_components/?id=reprobus-c_v2_0">reprobus-c_v2_0</option>
    <option value="../view_model_components/?id=icon-a-1-1">icon-a-1-1</option>
    <option value="../view_model_components/?id=ukca">ukca</option>
    <option value="../view_model_components/?id=mricom-5-4-sea-ice">mricom-5-4-sea-ice</option>
    <option value="../view_model_components/?id=masingar-mk-3r2">masingar-mk-3r2</option>
    <option value="../view_model_components/?id=co2box-v1-0">co2box-v1-0</option>
    <option value="../view_model_components/?id=mricom-5-4-ocean-biogeochemistry">mricom-5-4-ocean-biogeochemistry</option>
    <option value="../view_model_components/?id=mri-ccm3-2">mri-ccm3-2</option>
    <option value="../view_model_components/?id=mricom-5-4">mricom-5-4</option>
    <option value="../view_model_components/?id=gamil3">gamil3</option>
    <option value="../view_model_components/?id=mri-agcm4-4">mri-agcm4-4</option>
    <option value="../view_model_components/?id=metum-ga9a">metum-ga9a</option>
    <option value="../view_model_components/?id=metum-ga9">metum-ga9</option>
    <option value="../view_model_components/?id=piscesv2-gas">piscesv2-gas</option>
    <option value="../view_model_components/?id=surfex_v8_modeling_platform">surfex_v8_modeling_platform</option>
  </select>
  <button id="emd-go-btn" onclick="emdGotoEntry()">Open →</button>
  <button class="emd-font-btn" id="emd-font-toggle" onclick="emdToggleFont()" title="Switch to the page's default font for improved readability">Accessible font</button>
</div>
</div>

<div class="emd-section">
<span class="emd-section-label">Similarity &amp; Hierarchical Clustering</span>
<div class="emd-filter-bar" id="emd-filter-bar"></div>
<div id="emd-combined-chart" style="overflow-x:auto; display:flex; justify-content:center;"></div>
<div class="emd-tip" id="emd-tip"></div>
</div>

<div class="emd-section">
<span class="emd-section-label">Record Key Schema</span>
<div id="emd-key-graph"></div>
</div>

</div>

<script src="https://d3js.org/d3.v7.min.js"></script>
<script>
(function () {
'use strict';

/* ── injected data ─────────────────────────────────────────────────────── */
var EMD_DATA    = {"ids":["canam6-aerosol","canam5-1-aerosol","cannemo5-1","class-ctem-v3-6-2","cannemo6-0","canam5-1","si3-cannemo","canam6","classicv1-5","cmoc","colm2024","si3-gosi9","fesom-2-7","colm2014","cable3","fesim-2-7","pism-v1-2-line","clm4","wombatlite","nemo-gosi9","lim2","jules-v5-3","bisicles-ukesm-ismip6-1_0","openifs-48r1","cice5","glomap-mode","lpj-guess-4-1","gelato","nemo_v3_6","mom5","icon-o-1-1","iap-agcm5-0","m-sim","tactic","hadam3","jules-gl9","mri-agcm4-4-land-surface","classic","ifs-cy36r4-l91","arpege-climat_version_6_3","um7-3","reprobus-c_v2_0","icon-a-1-1","ukca","mricom-5-4-sea-ice","masingar-mk-3r2","co2box-v1-0","mricom-5-4-ocean-biogeochemistry","mri-ccm3-2","mricom-5-4","gamil3","mri-agcm4-4","metum-ga9a","metum-ga9","piscesv2-gas","surfex_v8_modeling_platform"],"link":[[0.0,0.7515208907254362,0.3385214579659024,0.3681372549019608,0.34503459503459505,0.5296747510831021,0.2533362727807172,0.6032186948853615,0.29869170967267183,0.3490915530938137,0.10542347752715482,0.12775064441731107,0.14366949508700552,0.11091460558591028,0.12949005987704834,0.17519865610828667,0.11482739988650827,0.08231922398589066,0.09091877962953447,0.10193327642184441,0.07211199294532628,0.06455761316872428,0.0396384479717813,0.14769677630502373,0.13396531452087004,0.24386922011073495,0.04691029098962787,0.08068153187200806,0.03646384479717813,0.05699321220499621,0.07627709691229217,0.11682969542164945,0.05368043412449902,0.2074955908289242,0.13015873015873017,0.034853093930850274,0.03657729641998814,0.22637878453850677,0.05765221200175208,0.08130511463844796,0.18990758030905797,0.05964978584026203,0.1065119697067929,0.11837889476778364,0.059067928048891084,0.20313555233960442,0.04431840870520115,0.027186793644462175,0.07733454005383829,0.02550778419385237,0.09493060090597173,0.07920681469068565,0.10758564594222568,0.10414898632720415,0.05720955048686142,0.03032793562620878],[0.7515208907254362,0.0,0.34628360322804763,0.3657727002646789,0.3505087084632539,0.5465335115724358,0.2528656575373747,0.5801467962452812,0.2967476180825474,0.3469869350443744,0.10433201881135055,0.12727620303377876,0.1420776223478725,0.10912403000903707,0.12901557599140026,0.17459154757530115,0.11582440885958901,0.08070896555745041,0.09325678898157187,0.10223411878044848,0.07436558951710466,0.06541849471142401,0.03802818954334105,0.1472826976300755,0.13227145796590242,0.25413755574080693,0.04705830756748459,0.08106523907389708,0.037241097847158455,0.05699321220499621,0.08625860256938529,0.11944202562018653,0.05276165286306191,0.20508840205809903,0.1329004329004329,0.033431023396151754,0.038132692447745975,0.22373328189300412,0.05819973718791064,0.08167242409666652,0.19396362750669804,0.05686216941628197,0.11854414525875845,0.1145071141914576,0.060187748877558504,0.20578871201157742,0.04235204594338385,0.03261356297604802,0.08628921841641139,0.03281373160758838,0.0945107856246955,0.08010287203835591,0.11760354198953349,0.10101072607260726,0.05877061568429025,0.02951788708888751],[0.3385214579659024,0.34628360322804763,0.0,0.2638677075768579,0.6832602582602583,0.41494414113840866,0.3412698412698412,0.34317313345091116,0.2498023522305328,0.3322125376310881,0.09988951138734452,0.17764041514041515,0.2595905623064646,0.10271152017975972,0.15394291660618656,0.10057721118240665,0.10614365802818303,0.12891156462585032,0.17754458856663266,0.34522894874880433,0.09052736669015739,0.14126984126984127,0.07936507936507937,0.09676171977830426,0.1574074074074074,0.12565648445873526,0.09031231497927768,0.07312925170068027,0.21485260770975056,0.221388360945496,0.31649994232805895,0.11024904214559388,0.01588148780719233,0.09693877551020409,0.023809523809523808,0.030766186872434088,0.03391803739192859,0.10462962962962963,0.0066570302233902754,0.07369614512471655,0.059184073889359264,0.07936507936507937,0.08891551375362329,0.15112433862433863,0.04185938113149759,0.03393230422897572,0.00868523510032944,0.0745261086418346,0.06769702032859927,0.2285260606343347,0.08473271760425412,0.02596006144393241,0.008967275340835074,0.0049504950495049506,0.09927304255035348,0.04911223435556245],[0.3681372549019608,0.3657727002646789,0.2638677075768579,0.0,0.26283367483422976,0.26592695897262736,0.2501041937855972,0.34218803524204927,0.5902916054449342,0.3290910004683245,0.2530846552776458,0.10366159579996058,0.09791251234372139,0.2573769836405804,0.24275267161157713,0.1061510370606676,0.1829424990335117,0.22687597750490832,0.08590875958945432,0.10042906462882395,0.04773184036749928,0.2727630022425928,0.1001880137100263,0.09754149680191815,0.10476276930525297,0.08810960553704811,0.21224480845558405,0.03999034973877741,0.03594722305414129,0.05477942346369324,0.07192548681655675,0.07124786289762625,0.01696984895106159,0.04133805863365612,0.008086253369272238,0.2343813011181621,0.2095901782896539,0.10315866315662066,0.007597459483136224,0.03931649529133806,0.03695772780168331,0.04881463416953084,0.05597346674502662,0.09250527009708785,0.015806701696959257,0.045549218240118046,0.01579814315663372,0.01979410032860372,0.059512206442031,0.010125970828728853,0.0438110934892351,0.038473101850710956,0.020517485344653325,0.01409435061153174,0.05562224889955982,0.17647199073252803],[0.34503459503459505,0.3505087084632539,0.6832602582602583,0.26283367483422976,0.0,0.30724280143069954,0.22747111044983384,0.34879259629259624,0.24453577373379012,0.3360200082148294,0.10015379143848628,0.08653846153846152,0.26103571235197204,0.07690920694550459,0.15405449903238033,0.09753630639743084,0.107687778501231,0.05043568969571025,0.10251060451461252,0.2530880872036107,0.02705950380368985,0.03355995855995856,0.021811521811521815,0.09770353532119556,0.08973567584678695,0.03540725084133444,0.024771557631237912,0.024515167372310232,0.17205375269891396,0.21998378126767157,0.23719899958064103,0.045308857808857815,0.015496297199969275,0.0403881832453261,0.02139338494018297,0.030175718454765788,0.0282113196686061,0.040844745532245534,0.020069019460609475,0.02221216283716284,0.05018801257739311,0.01998001998001998,0.07153192455078512,0.04218724093201081,0.032085578558142945,0.02893681330729088,0.01716751716751717,0.06843358437644437,0.0451260240733925,0.20896695367527496,0.023589900164207468,0.028496951077596238,0.007445589919816724,0.00045787545787545793,0.10993034681668032,0.05068413487634018],[0.5296747510831021,0.5465335115724358,0.41494414113840866,0.26592695897262736,0.30724280143069954,0.0,0.28891542816702054,0.6903636208749443,0.2529943266947371,0.27489103022737765,0.11462184836911543,0.17585470085470087,0.14852419082913426,0.11783877797943133,0.14044585401051407,0.15780367419539765,0.13188518345191183,0.13935395814376705,0.1477067382628505,0.16761162022894874,0.08662259538055717,0.12126680820948336,0.08723081589323627,0.2642047839604989,0.16445473251028808,0.19321957517295138,0.09223653049141504,0.09614801334546556,0.07233848953594177,0.058516760692491565,0.1357775750521669,0.2793538836642285,0.039134405541322706,0.1408249924173491,0.23342432514407038,0.03304149972795172,0.03438309560223478,0.1649884259259259,0.1740354796320631,0.2190703670003033,0.3078634176746723,0.13507950951081069,0.2405310226389222,0.24340309372156507,0.024694410147937582,0.08447298601061264,0.09271249587918257,0.025886624593993962,0.12248740538214221,0.029103868347314432,0.2578050657710607,0.19423264907135876,0.2275402600902904,0.2270993766043271,0.04375720564234187,0.02507884180533642],[0.2533362727807172,0.2528656575373747,0.3412698412698412,0.2501041937855972,0.22747111044983384,0.28891542816702054,0.0,0.22245884773662553,0.20856133150934794,0.24958771622698186,0.058937357084404875,0.5725718725718726,0.0911596781221558,0.061554748941318814,0.04816740049183466,0.26612262204257003,0.15689022784254944,0.10205549845837615,0.13619204220406625,0.15978971890524238,0.3195031712473573,0.11944444444444445,0.08928571428571429,0.0961406017658819,0.3215301159745604,0.14491080998315725,0.10046852939836955,0.2165532879818594,0.07834101382488479,0.05124288339963895,0.11410655677540449,0.10334813653779172,0.1808402125438846,0.0926131322094055,0.0009852216748768472,0.026215561161398823,0.03906779411203706,0.10830026455026455,0.006054752518615856,0.078125,0.03131850288219534,0.07242757242757243,0.05477442597764052,0.14653068340306832,0.17888190197260745,0.05508866836652654,0.006969233384327724,0.016160464983759757,0.07792207792207792,0.007686932215234102,0.08333333333333333,0.03914025043057301,0.005699301484625924,0.0006600660066006601,0.06846387677878167,0.05004884088223109],[0.6032186948853615,0.5801467962452812,0.34317313345091116,0.34218803524204927,0.34879259629259624,0.6903636208749443,0.22245884773662553,0.0,0.2996584811592791,0.3530324422929574,0.11294536914215515,0.10748021525799302,0.1491416991893466,0.11848201548998079,0.1437702579105044,0.15956362853753814,0.12916771228265317,0.08529100529100529,0.08830037409418394,0.09892485283580349,0.04643985070341659,0.06872427983539094,0.05780084113417446,0.263742324959268,0.12273662551440329,0.11235031029600517,0.0440979760103502,0.06289241622574956,0.041940035273368606,0.05319814579133397,0.07344855035006415,0.23192896396919385,0.044270374436898775,0.11203320297523196,0.23523809523809522,0.03030246821981501,0.03405120842306772,0.1193342151675485,0.17360709592641263,0.18465608465608468,0.3039931260317718,0.10316452506928697,0.22304401063301801,0.1830777612971941,0.013800786745915526,0.08435640778260171,0.0832734351602276,0.018414154652686764,0.12021566261332343,0.011167385403090131,0.2109960506266132,0.193895172927431,0.22571816813781642,0.2214888155482215,0.06437508336668,0.032312062610335764],[0.29869170967267183,0.2967476180825474,0.2498023522305328,0.5902916054449342,0.24453577373379012,0.2529943266947371,0.20856133150934794,0.2996584811592791,0.0,0.3076988607326667,0.2671828637592309,0.10593336022542588,0.10286848747837431,0.27316022226412423,0.26209394259592056,0.10942207541353881,0.18184371206109565,0.237999734777632,0.09125597764448652,0.10375597764448653,0.04762596899224806,0.2666970170732141,0.09758321933424532,0.0995117500160082,0.11828937523381967,0.09892763130622229,0.21945677915926587,0.03708227477037327,0.03590971272229822,0.059058796294762815,0.08213854110960815,0.10220088819226751,0.02242012660458433,0.03747312878639828,0.0017588430721125659,0.2375895803674903,0.21630387097669165,0.15753119429590018,0.009130530004380202,0.037277701778385776,0.0407070871873392,0.04564383893092121,0.05920448451562436,0.08957980479013311,0.021032532230740517,0.043386152910776715,0.045896835471726426,0.0324424943491557,0.06663178837426444,0.021503048101401353,0.04712426532325777,0.04955546245868827,0.01656003246819386,0.00729594163246694,0.048272021987089415,0.17197071676967393],[0.3490915530938137,0.3469869350443744,0.3322125376310881,0.3290910004683245,0.3360200082148294,0.27489103022737765,0.24958771622698186,0.3530324422929574,0.3076988607326667,0.0,0.12452051612493625,0.10311680677484213,0.1369599337199099,0.12946205178762146,0.11622898944829764,0.10514030504080536,0.11406094923845243,0.08685849551036563,0.25640264501752374,0.14443579589489988,0.04588147539236729,0.059873752365874576,0.036330264854720254,0.09940485083918522,0.1381535014943701,0.09942716196997604,0.051498804903186195,0.03562566735604138,0.06963927279821824,0.09446079327372563,0.13645877861400038,0.051917643871666856,0.01953176184602316,0.038091758601417454,0.00035229874933943986,0.03950436927035866,0.03932915093063662,0.07441513695795103,0.008528252299605783,0.03703486235339914,0.07354872038522307,0.09773090402530835,0.07667890562494045,0.14570561597551596,0.03047842829477768,0.04073160706946157,0.07977295564248545,0.2012938602369592,0.12759303840273836,0.07433219876395085,0.04758943102072125,0.035120793185309314,0.01673721721518129,0.007192766132346897,0.2224650649408962,0.030016249093807085],[0.10542347752715482,0.10433201881135055,0.09988951138734452,0.2530846552776458,0.10015379143848628,0.11462184836911543,0.058937357084404875,0.11294536914215515,0.2671828637592309,0.12452051612493625,0.0,0.030249439602999275,0.09467960600840637,0.4931687621580177,0.2980652666676843,0.10344208057875652,0.1901150089745172,0.18320815667122534,0.060089727296690106,0.03380856247027982,0.00563689219646592,0.2233929294588709,0.06435543140649459,0.0755743117949856,0.08641131661897287,0.038536511879940234,0.17597382653488594,0.027970288082571387,0.0045007384350112725,0.06805491045296076,0.040631795046524026,0.008958033150371886,0.01094121576182675,0.005035606379863289,0.0006799483239273814,0.2288089906490941,0.17792519164632617,0.027670740930010373,0.01040604109262423,0.004976702261760439,0.007429602698989783,0.011770332635905925,0.04243511138238609,0.014059969793061226,0.016276491044888864,0.009899354970532017,0.02439416393045958,0.0110731393418193,0.015873891962261497,0.017614016496183306,0.010486463601753988,0.012765310873208561,0.013584882055557685,0.003860306889527692,0.0385925097348397,0.16889721915382414],[0.12775064441731107,0.12727620303377876,0.17764041514041515,0.10366159579996058,0.08653846153846152,0.17585470085470087,0.5725718725718726,0.10748021525799302,0.10593336022542588,0.10311680677484213,0.030249439602999275,0.0,0.05803389979089801,0.06382335148215366,0.023724063835138087,0.23278928870923668,0.1016017663040879,0.1066546762589928,0.24586031036431835,0.29583333333333334,0.3197282906585232,0.12268518518518517,0.09294871794871795,0.06442967859373058,0.2955246913580247,0.14598262134435766,0.11358507537459579,0.2165532879818594,0.075,0.02619313930541538,0.12267411683286672,0.0984848484848485,0.1808402125438846,0.0926131322094055,0.0019704433497536944,0.04592429088830632,0.03797745629458542,0.10714285714285714,0.006109505037231712,0.07477678571428571,0.032424697572460824,0.07342657342657342,0.04352139675261757,0.14236401673640167,0.1774358974358974,0.052976190476190475,0.011473737888832228,0.015872699299105363,0.06260854155590996,0.00826473992821383,0.08375314861460957,0.03805799934832193,0.022093636996608493,0.018848551521818847,0.0531609134882023,0.05484454798494796],[0.14366949508700552,0.1420776223478725,0.2595905623064646,0.09791251234372139,0.26103571235197204,0.14852419082913426,0.0911596781221558,0.1491416991893466,0.10286848747837431,0.1369599337199099,0.09467960600840637,0.05803389979089801,0.0,0.06167123205314636,0.07071558260047588,0.5067505392098501,0.1283619913935578,0.028660822713405032,0.09668639943208139,0.3304005940456209,0.022053041260903083,0.048967897300237984,0.03720230037978698,0.11798663137748751,0.08546889382208024,0.03313660728788781,0.03325843304997563,0.042000513454610276,0.21783518107009983,0.23189628315510347,0.2239227090831244,0.026723028807602956,0.059279191128506194,0.019080511082553115,0.029283045721401887,0.03836383489450792,0.05850795025899255,0.02568267547421806,0.05910625117326825,0.0183688939325798,0.060772491356172124,0.03622603678972265,0.06388748919084675,0.032197453132533534,0.029175527668678352,0.06722960052322767,0.0032093675631495763,0.10211418189381262,0.05073237265018087,0.18727792267466603,0.02775822549497356,0.05684751024238815,0.09456876347146083,0.0906916650067335,0.10672401507031966,0.031675658377449734],[0.11091460558591028,0.10912403000903707,0.10271152017975972,0.2573769836405804,0.07690920694550459,0.11783877797943133,0.061554748941318814,0.11848201548998079,0.27316022226412423,0.12946205178762146,0.4931687621580177,0.06382335148215366,0.06167123205314636,0.0,0.2274852318422832,0.08546086311112466,0.14799879419402365,0.24124967591392274,0.09379411171607178,0.07040229885057471,0.05362976406533575,0.2835148215366001,0.09932157981159796,0.020108784586597223,0.07059134906231095,0.09699994500357477,0.21771022383545072,0.06367211131276466,0.03966813585688359,0.005631895831532854,0.054295220810647304,0.06070780399274047,0.022860311698787196,0.040186673580502985,0.0008426238008815142,0.25022634881389716,0.28432573187090665,0.06786902601330913,0.011858519491896627,0.04025149079595541,0.038738989993173385,0.047313480746200474,0.033551924340745186,0.07085241840232766,0.031180231746474947,0.07723532970356926,0.03238665362762202,0.04192850942949578,0.1271670555699594,0.02174985827179095,0.04764065335753176,0.059927640417658565,0.008449699910399296,0.003869089168544704,0.001457872925334683,0.1457171545472537],[0.12949005987704834,0.12901557599140026,0.15394291660618656,0.24275267161157713,0.15405449903238033,0.14044585401051407,0.04816740049183466,0.1437702579105044,0.26209394259592056,0.11622898944829764,0.2980652666676843,0.023724063835138087,0.07071558260047588,0.2274852318422832,0.0,0.06516858203221507,0.13648365406724128,0.17291795953828967,0.02795653006228924,0.027232521953398422,0.001882421083116131,0.1685490877497828,0.06185353376798156,0.06382851899645312,0.09462118760043838,0.003620040544454098,0.17810599478714162,0.001212683161883346,0.001212683161883346,0.15003791117236184,0.03649175328595006,0.04496254903509465,0.0333037380432769,0.026483121484910204,0.029688469653717266,0.17517612284214104,0.17824556958461776,0.028877580571759546,0.005339903635567235,0.0009929254064788382,0.03796698523023458,0.00960043443963163,0.04202298121498633,0.01025333388495856,0.00927933346699637,0.01940994758749141,0.010621300359124244,0.009559425326433222,0.013951737660022017,0.007214884999584112,0.06605176075467971,0.010359278376858997,0.021400784018677916,0.00796011113126665,0.07582693564253663,0.21214043525787707],[0.17519865610828667,0.17459154757530115,0.10057721118240665,0.1061510370606676,0.09753630639743084,0.15780367419539765,0.26612262204257003,0.15956362853753814,0.10942207541353881,0.10514030504080536,0.10344208057875652,0.23278928870923668,0.5067505392098501,0.08546086311112466,0.06516858203221507,0.0,0.13621899248246472,0.042565993240160076,0.07124634380422039,0.1258484729788119,0.1954787681531046,0.06096502031855511,0.06013577944392558,0.12031920343215728,0.2577755321253922,0.06738908922531049,0.03509813343886329,0.1909508637669388,0.053850160919725894,0.06445031725820786,0.06305619345403209,0.032896676210128456,0.24155721074269845,0.04517289856836536,0.029395208347635066,0.03218909526495762,0.07215341686890998,0.053983150203858576,0.05821093798886177,0.024284197100272114,0.07034958144718724,0.0420726916427311,0.06282416040732024,0.04049712148194213,0.2043571261351175,0.11133488554800423,0.0046822188750560295,0.04570928135163557,0.0657482598998273,0.026453611273137445,0.05245636083468574,0.06384865334889363,0.09356995298652017,0.08861848102597743,0.07003583108720021,0.027885440992305298],[0.11482739988650827,0.11582440885958901,0.10614365802818303,0.1829424990335117,0.107687778501231,0.13188518345191183,0.15689022784254944,0.12916771228265317,0.18184371206109565,0.11406094923845243,0.1901150089745172,0.1016017663040879,0.1283619913935578,0.14799879419402365,0.13648365406724128,0.13621899248246472,0.0,0.06943479571005158,0.05381683312177544,0.05334771892242338,0.06496807762653084,0.08117342982390698,0.18734297593129262,0.1620982239202768,0.08106423360304572,0.043936475463323486,0.08917193283470877,0.008201827946675037,0.007916968240080535,0.06418951761495557,0.041322934455927905,0.036205555668595124,0.027141817918931496,0.00991098618624205,0.015140293405497792,0.08472559375015053,0.0971730819631035,0.012725994352543277,0.08418991302171329,0.022772401938983826,0.03832617792879864,0.01642884756808292,0.06324243927674035,0.020662502289051213,0.014917810670552445,0.029564820278393845,0.023438188834855975,0.023163164492031152,0.025618156867266678,0.011321033405722734,0.03329363651421946,0.05144328918007881,0.032144859807747436,0.024897468765863583,0.12267522020914903,0.09292341232666256],[0.08231922398589066,0.08070896555745041,0.12891156462585032,0.22687597750490832,0.05043568969571025,0.13935395814376705,0.10205549845837615,0.08529100529100529,0.237999734777632,0.08685849551036563,0.18320815667122534,0.1066546762589928,0.028660822713405032,0.24124967591392274,0.17291795953828967,0.042565993240160076,0.06943479571005158,0.0,0.13713507601283154,0.15447759220322396,0.12030605053860867,0.25830280830280833,0.3429487179487179,0.011243852090365505,0.07956857956857956,0.12174053170837737,0.2206683192473601,0.09146528930701592,0.1492523929574289,0.006383198440666589,0.07785556480073451,0.07594704146428284,0.012679822854276922,0.09271646228167967,0.17701149425287355,0.16834312000508764,0.17141697841469994,0.07673229548229547,0.005518302984794443,0.09026624853962983,0.029056820422412696,0.1167166167166167,0.021016558550989807,0.11934007912788545,0.011909971327664496,0.028051133622768933,0.021831129628449724,0.015349673974097018,0.04949874686716792,0.008973062900162908,0.0777627074856294,0.021790651744568793,0.006752529190370306,0.0025459688826025458,0.00851699592706787,0.1858513189448441],[0.09091877962953447,0.09325678898157187,0.17754458856663266,0.08590875958945432,0.10251060451461252,0.1477067382628505,0.13619204220406625,0.08830037409418394,0.09125597764448652,0.25640264501752374,0.060089727296690106,0.24586031036431835,0.09668639943208139,0.09379411171607178,0.02795653006228924,0.07124634380422039,0.05381683312177544,0.13713507601283154,0.0,0.3596754428884393,0.12421003623408432,0.11117962420567633,0.07726808929213738,0.05147246672347524,0.1175213675213675,0.1489168209425444,0.09344400419000774,0.07326007326007325,0.1319420630900734,0.10490161194178176,0.1569938549711427,0.12580881761916243,0.017212711064120114,0.07640922871383793,0.0025765817348983684,0.030608522530543598,0.04156683174325735,0.09733351139601139,0.008035479632063075,0.07583665499497162,0.04179613048727424,0.13734743165032315,0.04607928582100743,0.17677259280465693,0.017114882131679443,0.03567896767969127,0.0765772335326538,0.18887400991509487,0.12297473481684007,0.051656134501805895,0.11060840922301879,0.04361355490387749,0.012807986883183973,0.012541254125412541,0.16949866118792206,0.030299666388169926],[0.10193327642184441,0.10223411878044848,0.34522894874880433,0.10042906462882395,0.2530880872036107,0.16761162022894874,0.15978971890524238,0.09892485283580349,0.10375597764448653,0.14443579589489988,0.03380856247027982,0.29583333333333334,0.3304005940456209,0.07040229885057471,0.027232521953398422,0.1258484729788119,0.05334771892242338,0.15447759220322396,0.3596754428884393,0.0,0.13619680560113773,0.12754173223487303,0.07583872204810833,0.051679506060949364,0.12225387780943336,0.12930442190892352,0.0953682197021451,0.09732746194840057,0.3641845519101837,0.2215139274553091,0.29724146636757914,0.10723950379122793,0.018066682029107304,0.07738591132092935,0.0020629190304280558,0.035084953257159816,0.04001143571549951,0.09472934472934473,0.008025843188786684,0.07377580301768027,0.04020799523068261,0.09601664881448276,0.0626239176438206,0.1286101083032491,0.017301518936457348,0.047031275124618105,0.005920350566491837,0.062326754927472916,0.05398281056175793,0.18258091980767602,0.11270748562939997,0.04325513196480938,0.0493812186959549,0.04265944645006017,0.06164680071788041,0.03290805505609783],[0.07211199294532628,0.07436558951710466,0.09052736669015739,0.04773184036749928,0.02705950380368985,0.08662259538055717,0.3195031712473573,0.04643985070341659,0.04762596899224806,0.04588147539236729,0.00563689219646592,0.3197282906585232,0.022053041260903083,0.05362976406533575,0.001882421083116131,0.1954787681531046,0.06496807762653084,0.12030605053860867,0.12421003623408432,0.13619680560113773,0.0,0.08471341320178531,0.09973069566092821,0.0123864307414285,0.29020763187429854,0.10630245959827954,0.10902082260874446,0.2159468438538206,0.10714285714285714,0.04652595805347229,0.08550913838120104,0.11201671891327063,0.22529651769617615,0.09792754311026737,0.006644518272425249,0.024141193055349456,0.03751053403664284,0.11061507936507936,0.006492772667542707,0.07308970099667775,0.04027631187247977,0.0769656699889258,0.027590528546468155,0.08471341320178531,0.21589111895942806,0.06508855351112948,0.008424747696358051,0.020798905920565276,0.05457963089542036,0.012280041870405847,0.11279037223621606,0.029414886189079736,0.009540013026974823,0.0049504950495049506,0.027184517217739807,0.0047212775298642925],[0.06455761316872428,0.06541849471142401,0.14126984126984127,0.2727630022425928,0.03355995855995856,0.12126680820948336,0.11944444444444445,0.06872427983539094,0.2666970170732141,0.059873752365874576,0.2233929294588709,0.12268518518518517,0.048967897300237984,0.2835148215366001,0.1685490877497828,0.06096502031855511,0.08117342982390698,0.25830280830280833,0.11117962420567633,0.12754173223487303,0.08471341320178531,0.0,0.1493734335839599,0.012441570083882946,0.10826210826210825,0.31274327297343035,0.4275108285812222,0.24423558897243108,0.21804511278195488,0.0031625553447185324,0.10525628693142779,0.0945434380098627,0.0157391593130278,0.22580908793723437,0.0047619047619047615,0.6197445219369837,0.20130257914832964,0.27597161306042883,0.17415462111257118,0.23458967932652142,0.20130375361965847,0.23595894498150136,0.04199373941880421,0.3017300923158664,0.02240767858908956,0.03393230422897572,0.01571079165418788,0.02464533829088077,0.0594541910331384,0.027598846911571606,0.2550856570477411,0.02667690732206861,0.17729600431237788,0.1712871287128713,0.007482993197278911,0.17301587301587304],[0.0396384479717813,0.03802818954334105,0.07936507936507937,0.1001880137100263,0.021811521811521815,0.08723081589323627,0.08928571428571429,0.05780084113417446,0.09758321933424532,0.036330264854720254,0.06435543140649459,0.09294871794871795,0.03720230037978698,0.09932157981159796,0.06185353376798156,0.06013577944392558,0.18734297593129262,0.3429487179487179,0.07726808929213738,0.07583872204810833,0.09973069566092821,0.1493734335839599,0.0,0.04191395518314901,0.07467100800434133,0.08477383168532263,0.1673459106617936,0.14102564102564102,0.1388888888888889,0.0027107617240444562,0.1315118736789755,0.14628302731751006,0.013849433881152801,0.15247584541062803,0.18867521367521367,0.07806725598682862,0.08488129794194278,0.11235119047619048,0.03770809085789374,0.17468660968660968,0.045963766687157126,0.1938125763125763,0.03816552573772969,0.08598682150684542,0.010390952832162239,0.025256701812418163,0.011329640709694616,0.013732976237962278,0.04557931625600798,0.007976703859350093,0.13465275278877295,0.03437468829173899,0.021271670180099532,0.017114568599717116,0.06512617012617013,0.07790927021696252],[0.14769677630502373,0.1472826976300755,0.09676171977830426,0.09754149680191815,0.09770353532119556,0.2642047839604989,0.0961406017658819,0.263742324959268,0.0995117500160082,0.09940485083918522,0.0755743117949856,0.06442967859373058,0.11798663137748751,0.020108784586597223,0.06382851899645312,0.12031920343215728,0.1620982239202768,0.011243852090365505,0.05147246672347524,0.051679506060949364,0.0123864307414285,0.012441570083882946,0.04191395518314901,0.0,0.06733812156268454,0.0642531642867815,0.015281601957980265,0.009682366895660101,0.00950490460639657,0.05730564331423565,0.03921210658518473,0.2019568241161697,0.019659843617710046,0.05271697204206649,0.1432564330079858,0.017951769083548556,0.022695264419827398,0.06279712990829082,0.3480219205566583,0.1524064130358553,0.18003991376918316,0.07090685669157847,0.20888760266139797,0.085115757045385,0.015253225035833732,0.06316282825695645,0.07449591968865836,0.016385456020148983,0.08485019885737054,0.01050789744391057,0.18137891044659307,0.19667545338769002,0.17967421542051754,0.18190396559961775,0.07036639846436109,0.0312956533064657],[0.13396531452087004,0.13227145796590242,0.1574074074074074,0.10476276930525297,0.08973567584678695,0.16445473251028808,0.3215301159745604,0.12273662551440329,0.11828937523381967,0.1381535014943701,0.08641131661897287,0.2955246913580247,0.08546889382208024,0.07059134906231095,0.09462118760043838,0.2577755321253922,0.08106423360304572,0.07956857956857956,0.1175213675213675,0.12225387780943336,0.29020763187429854,0.10826210826210825,0.07467100800434133,0.06733812156268454,0.0,0.13177090399312621,0.14370891591140258,0.21682268348935013,0.07431827431827431,0.2654027042915932,0.2883234743341838,0.10123784261715296,0.3538195997632377,0.0961373723278485,0.0021164021164021165,0.04577071032385042,0.21829437040273833,0.31349432460543575,0.008628120893561103,0.07537647537647538,0.037871408615547254,0.07520010853344186,0.22052142041743525,0.3013888888888889,0.3615487983461108,0.24279100529100528,0.17104588865595152,0.19756664877437827,0.23973331195553418,0.1871690348629552,0.25941355034554026,0.20881860075408462,0.014369352170039457,0.006790123456790124,0.040463592844545225,0.024566648925623286],[0.24386922011073495,0.25413755574080693,0.12565648445873526,0.08810960553704811,0.03540725084133444,0.19321957517295138,0.14491080998315725,0.11235031029600517,0.09892763130622229,0.09942716196997604,0.038536511879940234,0.14598262134435766,0.03313660728788781,0.09699994500357477,0.003620040544454098,0.06738908922531049,0.043936475463323486,0.12174053170837737,0.1489168209425444,0.12930442190892352,0.10630245959827954,0.31274327297343035,0.08477383168532263,0.0642531642867815,0.13177090399312621,0.0,0.2636564768938332,0.2530480060760746,0.21896380823441236,0.00828952517055411,0.11048613106466616,0.1938294010889292,0.04191800071390165,0.36365834199647024,0.0444648598989435,0.20700813178619693,0.04096860250181202,0.4521120837756478,0.22530442400350417,0.27303963594368064,0.25520762657698853,0.24075001467840476,0.09383164051810394,0.3200313887612923,0.0490638443717951,0.20258683068017366,0.04344545725058981,0.02