{
  "stem": "Model_Components",
  "singular": "Model Component",
  "endpoint": "model_component",
  "count": 16,
  "method": "embedding (all-MiniLM-L6-v2) | link: field-level (links uninformative) | order: spectral graph components",
  "entries": [
    {
      "id": "hadam3",
      "label": "hadam3",
      "spectral_rank": 0
    },
    {
      "id": "openifs-48r1",
      "label": "openifs-48r1",
      "spectral_rank": 1
    },
    {
      "id": "canam5-1",
      "label": "canam5-1",
      "spectral_rank": 2
    },
    {
      "id": "um7.3",
      "label": "um7.3",
      "spectral_rank": 3
    },
    {
      "id": "gamil3",
      "label": "gamil3",
      "spectral_rank": 4
    },
    {
      "id": "arpege-climat_version_6_3",
      "label": "arpege-climat_version_6_3",
      "spectral_rank": 5
    },
    {
      "id": "lpj-guess-4.1",
      "label": "lpj-guess-4.1",
      "spectral_rank": 6
    },
    {
      "id": "reprobus-c_v2_0",
      "label": "reprobus-c_v2_0",
      "spectral_rank": 7
    },
    {
      "id": "tactic",
      "label": "tactic",
      "spectral_rank": 8
    },
    {
      "id": "gelato",
      "label": "gelato",
      "spectral_rank": 9
    },
    {
      "id": "nemo_v3_6",
      "label": "nemo_v3_6",
      "spectral_rank": 10
    },
    {
      "id": "bisicles-ukesm-ismip6-1_0",
      "label": "bisicles-ukesm-ismip6-1_0",
      "spectral_rank": 11
    },
    {
      "id": "clm4",
      "label": "clm4",
      "spectral_rank": 12
    },
    {
      "id": "piscesv2-gas",
      "label": "piscesv2-gas",
      "spectral_rank": 13
    },
    {
      "id": "fesom-2.7",
      "label": "fesom-2.7",
      "spectral_rank": 14
    },
    {
      "id": "surfex_v8_modeling_platform",
      "label": "surfex_v8_modeling_platform",
      "spectral_rank": 15
    }
  ],
  "link_matrix": [
    [
      0.0,
      0.1432564330079858,
      0.23342432514407038,
      0.28761061946902655,
      0.14705529566990524,
      0.17471264367816094,
      0.0008880994671403196,
      0.08407224958949096,
      0.0877415458937198,
      0.06130268199233716,
      0.0011494252873563218,
      0.18867521367521367,
      0.17701149425287355,
      0.005747126436781609,
      0.029283045721401887,
      0.005747126436781609
    ],
    [
      0.1432564330079858,
      0.0,
      0.2642047839604989,
      0.18003991376918316,
      0.18137891044659307,
      0.1524064130358553,
      0.015281601957980265,
      0.07090685669157847,
      0.05271697204206649,
      0.009682366895660101,
      0.00950490460639657,
      0.04191395518314901,
      0.011243852090365505,
      0.07036639846436109,
      0.11798663137748751,
      0.0312956533064657
    ],
    [
      0.23342432514407038,
      0.2642047839604989,
      0.0,
      0.3078634176746723,
      0.2578050657710607,
      0.2190703670003033,
      0.09223653049141504,
      0.13507950951081069,
      0.1408249924173491,
      0.09614801334546556,
      0.07233848953594177,
      0.08723081589323627,
      0.13935395814376705,
      0.04375720564234187,
      0.14852419082913426,
      0.02507884180533642
    ],
    [
      0.28761061946902655,
      0.18003991376918316,
      0.3078634176746723,
      0.0,
      0.37033099931443014,
      0.3170762824899384,
      0.203513288901201,
      0.23869697265932435,
      0.24635153891060363,
      0.19875356166660868,
      0.175260093482875,
      0.045963766687157126,
      0.029056820422412696,
      0.00384785182509582,
      0.060772491356172124,
      0.006122876442821984
    ],
    [
      0.14705529566990524,
      0.18137891044659307,
      0.2578050657710607,
      0.37033099931443014,
      0.0,
      0.409689736515933,
      0.26194263997525297,
      0.31290375092102335,
      0.2939366678661389,
      0.25047978889288713,
      0.2501199472232218,
      0.13465275278877295,
      0.0777627074856294,
      0.0028673098122540368,
      0.02775822549497356,
      0.0022903531913413717
    ],
    [
      0.17471264367816094,
      0.1524064130358553,
      0.2190703670003033,
      0.3170762824899384,
      0.409689736515933,
      0.0,
      0.23017596594300344,
      0.3967976467976468,
      0.36008454106280197,
      0.3094618055555556,
      0.3107638888888889,
      0.17468660968660968,
      0.09026624853962983,
      0.010478670634920634,
      0.0183688939325798,
      0.01494853055611138
    ],
    [
      0.0008880994671403196,
      0.015281601957980265,
      0.09223653049141504,
      0.203513288901201,
      0.26194263997525297,
      0.23017596594300344,
      0.0,
      0.2418626919154437,
      0.2195675690113383,
      0.22231199668798998,
      0.2181719841344035,
      0.1554411487570317,
      0.20876355734259816,
      0.0036631585730799126,
      0.03325843304997563,
      0.13255891760468888
    ],
    [
      0.08407224958949096,
      0.07090685669157847,
      0.13507950951081069,
      0.23869697265932435,
      0.31290375092102335,
      0.3967976467976468,
      0.2418626919154437,
      0.0,
      0.36257763975155277,
      0.35590920517391106,
      0.3535782028429087,
      0.1938125763125763,
      0.1167166167166167,
      0.08721724898195486,
      0.03622603678972265,
      0.0170812093889017
    ],
    [
      0.0877415458937198,
      0.05271697204206649,
      0.1408249924173491,
      0.24635153891060363,
      0.2939366678661389,
      0.36008454106280197,
      0.2195675690113383,
      0.36257763975155277,
      0.0,
      0.34778295376121465,
      0.32306763285024154,
      0.15247584541062803,
      0.09271646228167967,
      0.005851736829997699,
      0.019080511082553115,
      0.006420975902581254
    ],
    [
      0.06130268199233716,
      0.009682366895660101,
      0.09614801334546556,
      0.19875356166660868,
      0.25047978889288713,
      0.3094618055555556,
      0.22231199668798998,
      0.35590920517391106,
      0.34778295376121465,
      0.0,
      0.37896825396825395,
      0.14102564102564102,
      0.09146528930701592,
      0.010526315789473684,
      0.042000513454610276,
      0.0036231884057971015
    ],
    [
      0.0011494252873563218,
      0.00950490460639657,
      0.07233848953594177,
      0.175260093482875,
      0.2501199472232218,
      0.3107638888888889,
      0.2181719841344035,
      0.3535782028429087,
      0.32306763285024154,
      0.37896825396825395,
      0.0,
      0.1388888888888889,
      0.1492523929574289,
      0.04845446950710108,
      0.21783518107009983,
      0.0036231884057971015
    ],
    [
      0.18867521367521367,
      0.04191395518314901,
      0.08723081589323627,
      0.045963766687157126,
      0.13465275278877295,
      0.17468660968660968,
      0.1554411487570317,
      0.1938125763125763,
      0.15247584541062803,
      0.14102564102564102,
      0.1388888888888889,
      0.0,
      0.3429487179487179,
      0.06512617012617013,
      0.03720230037978698,
      0.07790927021696252
    ],
    [
      0.17701149425287355,
      0.011243852090365505,
      0.13935395814376705,
      0.029056820422412696,
      0.0777627074856294,
      0.09026624853962983,
      0.20876355734259816,
      0.1167166167166167,
      0.09271646228167967,
      0.09146528930701592,
      0.1492523929574289,
      0.3429487179487179,
      0.0,
      0.00851699592706787,
      0.028660822713405032,
      0.1858513189448441
    ],
    [
      0.005747126436781609,
      0.07036639846436109,
      0.04375720564234187,
      0.00384785182509582,
      0.0028673098122540368,
      0.010478670634920634,
      0.0036631585730799126,
      0.08721724898195486,
      0.005851736829997699,
      0.010526315789473684,
      0.04845446950710108,
      0.06512617012617013,
      0.00851699592706787,
      0.0,
      0.10672401507031966,
      0.14177820076567535
    ],
    [
      0.029283045721401887,
      0.11798663137748751,
      0.14852419082913426,
      0.060772491356172124,
      0.02775822549497356,
      0.0183688939325798,
      0.03325843304997563,
      0.03622603678972265,
      0.019080511082553115,
      0.042000513454610276,
      0.21783518107009983,
      0.03720230037978698,
      0.028660822713405032,
      0.10672401507031966,
      0.0,
      0.031675658377449734
    ],
    [
      0.005747126436781609,
      0.0312956533064657,
      0.02507884180533642,
      0.006122876442821984,
      0.0022903531913413717,
      0.01494853055611138,
      0.13255891760468888,
      0.0170812093889017,
      0.006420975902581254,
      0.0036231884057971015,
      0.0036231884057971015,
      0.07790927021696252,
      0.1858513189448441,
      0.14177820076567535,
      0.031675658377449734,
      0.0
    ]
  ],
  "text_matrix": [
    [
      0.0,
      0.13455321717700383,
      0.02178365829891927,
      0.14319730965094318,
      0.14275169443903335,
      0.10922121415301674,
      0.07849662669134798,
      0.12429513884141472,
      0.03751256723112587,
      0.020577182949139523,
      0.031350559272608096,
      0.0701633232558858,
      0.10395880675573257,
      0.01753650088399408,
      0.04183164737305206,
      0.06936186834357062
    ],
    [
      0.13455321717700383,
      0.0,
      0.18858187589751932,
      0.247955000436695,
      0.28841964521337027,
      0.1312902326617877,
      0.2882917832159032,
      0.19295936926169888,
      0.15250115181188245,
      0.1285580046109143,
      0.07732225357664231,
      0.08416149511369782,
      0.15795468652041456,
      0.06089739919003928,
      0.2213976942813143,
      0.17293236819348076
    ],
    [
      0.02178365829891927,
      0.18858187589751932,
      0.0,
      0.11645772746176478,
      0.09057333894661959,
      0.06958751771763326,
      0.08702688336241886,
      0.04706040712300416,
      0.08798417573880833,
      0.1353830786485819,
      0.02798184883315221,
      0.016529398408370446,
      0.02474595634329299,
      0.06459378310386142,
      0.13018784863055133,
      0.07402615459681255
    ],
    [
      0.14319730965094318,
      0.247955000436695,
      0.11645772746176478,
      0.0,
      0.20852052158753193,
      0.1112363466493266,
      0.11128049378306398,
      0.1279924816733447,
      0.08439247084448703,
      0.10024807951649148,
      0.05505996696040437,
      0.06150077458773073,
      0.0713171124274693,
      0.05241194424466185,
      0.11596435079710536,
      0.09762927549471258
    ],
    [
      0.14275169443903335,
      0.28841964521337027,
      0.09057333894661959,
      0.20852052158753193,
      0.0,
      0.137995386056753,
      0.16057599121568805,
      0.1854234268677224,
      0.09897235816824354,
      0.08719462418960858,
      0.10755682104837477,
      0.053696198030728545,
      0.1036122014603618,
      0.04269792988111268,
      0.1487951819471182,
      0.14646854881761362
    ],
    [
      0.10922121415301674,
      0.1312902326617877,
      0.06958751771763326,
      0.1112363466493266,
      0.137995386056753,
      0.0,
      0.08931689402952483,
      0.13755703239209485,
      0.06981538884183569,
      0.07541423651169092,
      0.0864777348448316,
      0.011541609565224091,
      0.03777043122176179,
      0.059074116917938166,
      0.08050343077101936,
      0.07360350805333792
    ],
    [
      0.07849662669134798,
      0.2882917832159032,
      0.08702688336241886,
      0.11128049378306398,
      0.16057599121568805,
      0.08931689402952483,
      0.0,
      0.1784821276356201,
      0.11770459231886062,
      0.03910441973856528,
      0.0531885059289684,
      0.06075256675641373,
      0.06860411749612233,
      0.04851593824622616,
      0.2174857294055828,
      0.10481883311294964
    ],
    [
      0.12429513884141472,
      0.19295936926169888,
      0.04706040712300416,
      0.1279924816733447,
      0.1854234268677224,
      0.13755703239209485,
      0.1784821276356201,
      0.0,
      0.13539575708980248,
      0.016913887936533457,
      0.08566104589189541,
      0.0358694280138776,
      0.0915239902163192,
      0.03312958522434598,
      0.10461806295245049,
      0.13103696933665687
    ],
    [
      0.03751256723112587,
      0.15250115181188245,
      0.08798417573880833,
      0.08439247084448703,
      0.09897235816824354,
      0.06981538884183569,
      0.11770459231886062,
      0.13539575708980248,
      0.0,
      0.04304768794908854,
      0.03806035377833516,
      0.0291835710744044,
      0.02614938582682924,
      0.016992971956412736,
      0.06844919724315213,
      0.06615831080995126
    ],
    [
      0.020577182949139523,
      0.1285580046109143,
      0.1353830786485819,
      0.10024807951649148,
      0.08719462418960858,
      0.07541423651169092,
      0.03910441973856528,
      0.016913887936533457,
      0.04304768794908854,
      0.0,
      0.03682802178969062,
      0.0,
      0.0,
      0.04055326185762574,
      0.07015622568313974,
      0.03067118025081865
    ],
    [
      0.031350559272608096,
      0.07732225357664231,
      0.02798184883315221,
      0.05505996696040437,
      0.10755682104837477,
      0.0864777348448316,
      0.0531885059289684,
      0.08566104589189541,
      0.03806035377833516,
      0.03682802178969062,
      0.0,
      0.0,
      0.03094494566785911,
      0.09081773162617555,
      0.06335756524922118,
      0.050629897625409384
    ],
    [
      0.0701633232558858,
      0.08416149511369782,
      0.016529398408370446,
      0.06150077458773073,
      0.053696198030728545,
      0.011541609565224091,
      0.06075256675641373,
      0.0358694280138776,
      0.0291835710744044,
      0.0,
      0.0,
      0.0,
      0.05609305472891302,
      0.016307800838666522,
      0.061001922108370916,
      0.0
    ],
    [
      0.10395880675573257,
      0.15795468652041456,
      0.02474595634329299,
      0.0713171124274693,
      0.1036122014603618,
      0.03777043122176179,
      0.06860411749612233,
      0.0915239902163192,
      0.02614938582682924,
      0.0,
      0.03094494566785911,
      0.05609305472891302,
      0.0,
      0.017309613597027703,
      0.06137790896034925,
      0.16787692712950752
    ],
    [
      0.01753650088399408,
      0.06089739919003928,
      0.06459378310386142,
      0.05241194424466185,
      0.04269792988111268,
      0.059074116917938166,
      0.04851593824622616,
      0.03312958522434598,
      0.016992971956412736,
      0.04055326185762574,
      0.09081773162617555,
      0.016307800838666522,
      0.017309613597027703,
      0.0,
      0.03639916910286403,
      0.0177964370746549
    ],
    [
      0.04183164737305206,
      0.2213976942813143,
      0.13018784863055133,
      0.11596435079710536,
      0.1487951819471182,
      0.08050343077101936,
      0.2174857294055828,
      0.10461806295245049,
      0.06844919724315213,
      0.07015622568313974,
      0.06335756524922118,
      0.061001922108370916,
      0.06137790896034925,
      0.03639916910286403,
      0.0,
      0.07475132495782486
    ],
    [
      0.06936186834357062,
      0.17293236819348076,
      0.07402615459681255,
      0.09762927549471258,
      0.14646854881761362,
      0.07360350805333792,
      0.10481883311294964,
      0.13103696933665687,
      0.06615831080995126,
      0.03067118025081865,
      0.050629897625409384,
      0.0,
      0.16787692712950752,
      0.0177964370746549,
      0.07475132495782486,
      0.0
    ]
  ],
  "dendrogram": {
    "name": "",
    "leaf": false,
    "children": [
      {
        "name": "piscesv2-gas",
        "leaf": true,
        "spectral_index": 2,
        "value": 0.0
      },
      {
        "name": "",
        "leaf": false,
        "children": [
          {
            "name": "",
            "leaf": false,
            "children": [
              {
                "name": "bisicles-ukesm-ismip6-1_0",
                "leaf": true,
                "spectral_index": 1,
                "value": 0.0
              },
              {
                "name": "surfex_v8_modeling_platform",
                "leaf": true,
                "spectral_index": 4,
                "value": 0.0
              }
            ],
            "value": 0.8920906209271715
          },
          {
            "name": "",
            "leaf": false,
            "children": [
              {
                "name": "hadam3",
                "leaf": true,
                "spectral_index": 0,
                "value": 0.0
              },
              {
                "name": "fesom-2.7",
                "leaf": true,
                "spectral_index": 3,
                "value": 0.0
              }
            ],
            "value": 0.9084617687048901
          }
        ],
        "value": 0.9390756915118615
      }
    ],
    "value": 0.9461408194265053
  },
  "schema": {
    "name": "",
    "children": [
      {
        "name": "code_base",
        "type": "scalar"
      },
      {
        "name": "component",
        "type": "scalar"
      },
      {
        "name": "description",
        "type": "scalar"
      },
      {
        "name": "family",
        "type": "scalar"
      },
      {
        "name": "name",
        "type": "scalar"
      },
      {
        "name": "references",
        "type": "list"
      },
      {
        "name": "ui_label",
        "type": "scalar"
      },
      {
        "name": "validation_key",
        "type": "scalar"
      }
    ]
  }
}