{
  "stem": "Models",
  "singular": "Model",
  "endpoint": "model",
  "count": 6,
  "method": "field-level | link: field-level (links uninformative) | order: spectral graph components",
  "entries": [
    {
      "id": "ACCESS-ESM1-6",
      "label": "ACCESS-ESM1-6",
      "spectral_rank": 0
    },
    {
      "id": "CanESM6-0-MR",
      "label": "CanESM6-0-MR",
      "spectral_rank": 1
    },
    {
      "id": "CanESM5-1",
      "label": "CanESM5-1",
      "spectral_rank": 2
    },
    {
      "id": "UKCM2-0-LL",
      "label": "UKCM2-0-LL",
      "spectral_rank": 3
    },
    {
      "id": "cnrm-esm2-1e",
      "label": "cnrm-esm2-1e",
      "spectral_rank": 4
    },
    {
      "id": "AWI-ESM3-4-2-veg-HR",
      "label": "AWI-ESM3-4-2-veg-HR",
      "spectral_rank": 5
    }
  ],
  "link_matrix": [
    [
      0.0,
      0.3652347921184201,
      0.3442035091881486,
      0.21179935032711003,
      0.04855948254906964,
      0.2746654857493453
    ],
    [
      0.3652347921184201,
      0.0,
      0.729757184239397,
      0.2585457240129921,
      0.09106189004953955,
      0.15578329365609653
    ],
    [
      0.3442035091881486,
      0.729757184239397,
      0.0,
      0.2430146044635036,
      0.08422671088441697,
      0.1320778547629261
    ],
    [
      0.21179935032711003,
      0.2585457240129921,
      0.2430146044635036,
      0.0,
      0.13356553055854628,
      0.133502953641638
    ],
    [
      0.04855948254906964,
      0.09106189004953955,
      0.08422671088441697,
      0.13356553055854628,
      0.0,
      0.05312447211060109
    ],
    [
      0.2746654857493453,
      0.15578329365609653,
      0.1320778547629261,
      0.133502953641638,
      0.05312447211060109,
      0.0
    ]
  ],
  "text_matrix": [
    [
      0.0,
      0.3652347921184201,
      0.3442035091881486,
      0.21179935032711003,
      0.04855948254906964,
      0.2746654857493453
    ],
    [
      0.3652347921184201,
      0.0,
      0.729757184239397,
      0.2585457240129921,
      0.09106189004953955,
      0.15578329365609653
    ],
    [
      0.3442035091881486,
      0.729757184239397,
      0.0,
      0.2430146044635036,
      0.08422671088441697,
      0.1320778547629261
    ],
    [
      0.21179935032711003,
      0.2585457240129921,
      0.2430146044635036,
      0.0,
      0.13356553055854628,
      0.133502953641638
    ],
    [
      0.04855948254906964,
      0.09106189004953955,
      0.08422671088441697,
      0.13356553055854628,
      0.0,
      0.05312447211060109
    ],
    [
      0.2746654857493453,
      0.15578329365609653,
      0.1320778547629261,
      0.133502953641638,
      0.05312447211060109,
      0.0
    ]
  ],
  "dendrogram": {
    "name": "",
    "leaf": false,
    "children": [
      {
        "name": "cnrm-esm2-1e",
        "leaf": true,
        "spectral_index": 2,
        "value": 0.0
      },
      {
        "name": "",
        "leaf": false,
        "children": [
          {
            "name": "AWI-ESM3-4-2-veg-HR",
            "leaf": true,
            "spectral_index": 3,
            "value": 0.0
          },
          {
            "name": "",
            "leaf": false,
            "children": [
              {
                "name": "ACCESS-ESM1-6",
                "leaf": true,
                "spectral_index": 0,
                "value": 0.0
              },
              {
                "name": "UKCM2-0-LL",
                "leaf": true,
                "spectral_index": 1,
                "value": 0.0
              }
            ],
            "value": 0.762213440398798
          }
        ],
        "value": 0.8394940841511196
      }
    ],
    "value": 0.9128979898343924
  },
  "schema": {
    "name": "",
    "children": [
      {
        "name": "calendar",
        "type": "scalar"
      },
      {
        "name": "coupled_components",
        "type": "list"
      },
      {
        "name": "description",
        "type": "scalar"
      },
      {
        "name": "dynamic_components",
        "type": "list"
      },
      {
        "name": "embedded_components",
        "type": "list"
      },
      {
        "name": "family",
        "type": "scalar"
      },
      {
        "name": "model_components",
        "type": "list"
      },
      {
        "name": "name",
        "type": "scalar"
      },
      {
        "name": "omitted_components",
        "type": "scalar"
      },
      {
        "name": "prescribed_components",
        "type": "list"
      },
      {
        "name": "references",
        "type": "list"
      },
      {
        "name": "release_year",
        "type": "scalar"
      },
      {
        "name": "ui_label",
        "type": "scalar"
      },
      {
        "name": "validation_key",
        "type": "scalar"
      }
    ]
  }
}