{
  "stem": "Model_Components",
  "singular": "Model Component",
  "endpoint": "model_component",
  "count": 10,
  "method": "field-level | link: text (links uninformative) | order: UPGMA leaf traversal",
  "entries": [
    {
      "id": "surfex_v8_modeling_platform",
      "label": "surfex_v8_modeling_platform",
      "spectral_rank": 0
    },
    {
      "id": "piscesv2-gas",
      "label": "piscesv2-gas",
      "spectral_rank": 1
    },
    {
      "id": "gelato",
      "label": "gelato",
      "spectral_rank": 2
    },
    {
      "id": "nemo_v3_6",
      "label": "nemo_v3_6",
      "spectral_rank": 3
    },
    {
      "id": "tactic",
      "label": "tactic",
      "spectral_rank": 4
    },
    {
      "id": "arpege-climat_version_6_3",
      "label": "arpege-climat_version_6_3",
      "spectral_rank": 5
    },
    {
      "id": "reprobus-c_v2_0",
      "label": "reprobus-c_v2_0",
      "spectral_rank": 6
    },
    {
      "id": "hadam3",
      "label": "hadam3",
      "spectral_rank": 7
    },
    {
      "id": "clm4",
      "label": "clm4",
      "spectral_rank": 8
    },
    {
      "id": "bisicles-ukesm-ismip6-1_0",
      "label": "bisicles-ukesm-ismip6-1_0",
      "spectral_rank": 9
    }
  ],
  "link_matrix": [
    [
      0.0,
      0.26438131494200745,
      0.14596273291925468,
      0.14596273291925468,
      0.14836083648792678,
      0.15567016904809547,
      0.15749817947620146,
      0.14862855976914333,
      0.302158273381295,
      0.20963651732882502
    ],
    [
      0.26438131494200745,
      0.0,
      0.1518796992481203,
      0.18438954529180093,
      0.14787291728285518,
      0.15183886054421766,
      0.2176147848416756,
      0.14891703807959966,
      0.15015742508034388,
      0.1986795743938601
    ],
    [
      0.14596273291925468,
      0.1518796992481203,
      0.0,
      0.46768707482993194,
      0.4409568175096125,
      0.40811011904761907,
      0.44792217586335237,
      0.19540229885057472,
      0.2212559622631565,
      0.26373626373626374
    ],
    [
      0.14596273291925468,
      0.18438954529180093,
      0.46768707482993194,
      0.0,
      0.41977225672877844,
      0.4092261904761905,
      0.4459241738653503,
      0.1438423645320197,
      0.27078776539208194,
      0.2619047619047619
    ],
    [
      0.14836083648792678,
      0.14787291728285518,
      0.4409568175096125,
      0.41977225672877844,
      0.0,
      0.4515010351966874,
      0.4536379769299024,
      0.21806418219461696,
      0.2223283962414397,
      0.27355072463768115
    ],
    [
      0.15567016904809547,
      0.15183886054421766,
      0.40811011904761907,
      0.4092261904761905,
      0.4515010351966874,
      0.0,
      0.4829694115408401,
      0.2926108374384237,
      0.22022821303396842,
      0.2925885225885226
    ],
    [
      0.15749817947620146,
      0.2176147848416756,
      0.44792217586335237,
      0.4459241738653503,
      0.4536379769299024,
      0.4829694115408401,
      0.0,
      0.21491907107670655,
      0.24289995718567145,
      0.3089822082679226
    ],
    [
      0.14862855976914333,
      0.14891703807959966,
      0.19540229885057472,
      0.1438423645320197,
      0.21806418219461696,
      0.2926108374384237,
      0.21491907107670655,
      0.0,
      0.2945812807881773,
      0.30457875457875455
    ],
    [
      0.302158273381295,
      0.15015742508034388,
      0.2212559622631565,
      0.27078776539208194,
      0.2223283962414397,
      0.22022821303396842,
      0.24289995718567145,
      0.2945812807881773,
      0.0,
      0.43681318681318676
    ],
    [
      0.20963651732882502,
      0.1986795743938601,
      0.26373626373626374,
      0.2619047619047619,
      0.27355072463768115,
      0.2925885225885226,
      0.3089822082679226,
      0.30457875457875455,
      0.43681318681318676,
      0.0
    ]
  ],
  "text_matrix": [
    [
      0.0,
      0.26438131494200745,
      0.14596273291925468,
      0.14596273291925468,
      0.14836083648792678,
      0.15567016904809547,
      0.15749817947620146,
      0.14862855976914333,
      0.302158273381295,
      0.20963651732882502
    ],
    [
      0.26438131494200745,
      0.0,
      0.1518796992481203,
      0.18438954529180093,
      0.14787291728285518,
      0.15183886054421766,
      0.2176147848416756,
      0.14891703807959966,
      0.15015742508034388,
      0.1986795743938601
    ],
    [
      0.14596273291925468,
      0.1518796992481203,
      0.0,
      0.46768707482993194,
      0.4409568175096125,
      0.40811011904761907,
      0.44792217586335237,
      0.19540229885057472,
      0.2212559622631565,
      0.26373626373626374
    ],
    [
      0.14596273291925468,
      0.18438954529180093,
      0.46768707482993194,
      0.0,
      0.41977225672877844,
      0.4092261904761905,
      0.4459241738653503,
      0.1438423645320197,
      0.27078776539208194,
      0.2619047619047619
    ],
    [
      0.14836083648792678,
      0.14787291728285518,
      0.4409568175096125,
      0.41977225672877844,
      0.0,
      0.4515010351966874,
      0.4536379769299024,
      0.21806418219461696,
      0.2223283962414397,
      0.27355072463768115
    ],
    [
      0.15567016904809547,
      0.15183886054421766,
      0.40811011904761907,
      0.4092261904761905,
      0.4515010351966874,
      0.0,
      0.4829694115408401,
      0.2926108374384237,
      0.22022821303396842,
      0.2925885225885226
    ],
    [
      0.15749817947620146,
      0.2176147848416756,
      0.44792217586335237,
      0.4459241738653503,
      0.4536379769299024,
      0.4829694115408401,
      0.0,
      0.21491907107670655,
      0.24289995718567145,
      0.3089822082679226
    ],
    [
      0.14862855976914333,
      0.14891703807959966,
      0.19540229885057472,
      0.1438423645320197,
      0.21806418219461696,
      0.2926108374384237,
      0.21491907107670655,
      0.0,
      0.2945812807881773,
      0.30457875457875455
    ],
    [
      0.302158273381295,
      0.15015742508034388,
      0.2212559622631565,
      0.27078776539208194,
      0.2223283962414397,
      0.22022821303396842,
      0.24289995718567145,
      0.2945812807881773,
      0.0,
      0.43681318681318676
    ],
    [
      0.20963651732882502,
      0.1986795743938601,
      0.26373626373626374,
      0.2619047619047619,
      0.27355072463768115,
      0.2925885225885226,
      0.3089822082679226,
      0.30457875457875455,
      0.43681318681318676,
      0.0
    ]
  ],
  "dendrogram": {
    "name": "",
    "leaf": false,
    "children": [
      {
        "name": "",
        "leaf": false,
        "children": [
          {
            "name": "surfex_v8_modeling_platform",
            "leaf": true,
            "spectral_index": 0,
            "value": 0.0
          },
          {
            "name": "piscesv2-gas",
            "leaf": true,
            "spectral_index": 1,
            "value": 0.0
          }
        ],
        "value": 0.7356186850579925
      },
      {
        "name": "",
        "leaf": false,
        "children": [
          {
            "name": "",
            "leaf": false,
            "children": [
              {
                "name": "",
                "leaf": false,
                "children": [
                  {
                    "name": "gelato",
                    "leaf": true,
                    "spectral_index": 2,
                    "value": 0.0
                  },
                  {
                    "name": "nemo_v3_6",
                    "leaf": true,
                    "spectral_index": 3,
                    "value": 0.0
                  }
                ],
                "value": 0.532312925170068
              },
              {
                "name": "",
                "leaf": false,
                "children": [
                  {
                    "name": "tactic",
                    "leaf": true,
                    "spectral_index": 4,
                    "value": 0.0
                  },
                  {
                    "name": "",
                    "leaf": false,
                    "children": [
                      {
                        "name": "arpege-climat_version_6_3",
                        "leaf": true,
                        "spectral_index": 5,
                        "value": 0.0
                      },
                      {
                        "name": "reprobus-c_v2_0",
                        "leaf": true,
                        "spectral_index": 6,
                        "value": 0.0
                      }
                    ],
                    "value": 0.51703058845916
                  }
                ],
                "value": 0.5474304939367052
              }
            ],
            "value": 0.5713480444181828
          },
          {
            "name": "",
            "leaf": false,
            "children": [
              {
                "name": "hadam3",
                "leaf": true,
                "spectral_index": 7,
                "value": 0.0
              },
              {
                "name": "",
                "leaf": false,
                "children": [
                  {
                    "name": "clm4",
                    "leaf": true,
                    "spectral_index": 8,
                    "value": 0.0
                  },
                  {
                    "name": "bisicles-ukesm-ismip6-1_0",
                    "leaf": true,
                    "spectral_index": 9,
                    "value": 0.0
                  }
                ],
                "value": 0.5631868131868132
              }
            ],
            "value": 0.700419982316534
          }
        ],
        "value": 0.7571265647104126
      }
    ],
    "value": 0.8271732596192206
  },
  "schema": {
    "name": "record",
    "children": [
      {
        "name": "code_base",
        "type": "scalar"
      },
      {
        "name": "component",
        "type": "scalar"
      },
      {
        "name": "description",
        "type": "scalar"
      },
      {
        "name": "family",
        "type": "scalar"
      },
      {
        "name": "name",
        "type": "scalar"
      },
      {
        "name": "references",
        "type": "scalar"
      },
      {
        "name": "ui_label",
        "type": "scalar"
      },
      {
        "name": "validation_key",
        "type": "scalar"
      }
    ]
  }
}