# Model Components

**Stage 3.** Model components are specific versioned instances of model software — an atmosphere, ocean, sea-ice, or land-surface code at a specific version — bound to horizontal and vertical grids. Each produces a component config ID used in Stage 4.

---

<link href="https://fonts.googleapis.com/css2?family=Source+Code+Pro:wght@400;600;700&display=swap" rel="stylesheet">

<style>
.emd-viz { font-family: 'Source Code Pro', monospace; width: 100%; }
.emd-section { margin-bottom: 2.5rem; }
.emd-section-label {
  font-size: 11px; font-weight: 700; color: #0d1035;
  text-transform: uppercase; letter-spacing: 0.09em;
  margin-bottom: 12px; display: block;
}
.emd-selector-row { display: flex; gap: 10px; align-items: center; flex-wrap: wrap; }
#emd-entry-select {
  flex: 1; min-width: 240px; padding: 8px 12px;
  border: 1.5px solid #ccc; border-radius: 6px;
  font-family: 'Source Code Pro', monospace; font-size: 12px;
  color: #0d1035; background: #fff; cursor: pointer;
}
#emd-entry-select:focus { outline: none; border-color: #0d1035; }
#emd-go-btn {
  padding: 8px 18px; border: 1.5px solid #0d1035; border-radius: 6px;
  background: #0d1035; color: #fff;
  font-family: 'Source Code Pro', monospace; font-size: 12px;
  font-weight: 600; cursor: pointer; transition: background .15s;
}
#emd-go-btn:hover { background: #1a2080; }
.emd-stats {
  margin-top: 10px; font-size: 11px; color: #888;
  display: flex; gap: 20px; flex-wrap: wrap;
}
.emd-stats b { color: #0d1035; }
.emd-filter-bar { display: flex; flex-wrap: wrap; gap: 6px; margin-bottom: 10px; }
.emd-fbtn {
  padding: 4px 11px; border-radius: 20px; border: 1.5px solid #ccc;
  background: #fff; cursor: pointer; font-family: 'Source Code Pro', monospace;
  font-size: 11px; color: #555; transition: all .15s;
}
.emd-fbtn:hover  { border-color: #0d1035; color: #0d1035; }
.emd-fbtn.active { background: #0d1035; border-color: #0d1035; color: #fff; font-weight: 600; }
.emd-tip {
  position: fixed; background: #0d1035; color: #fff;
  padding: 10px 14px; border-radius: 8px; font-size: 12px;
  font-family: 'Source Code Pro', monospace; pointer-events: none;
  opacity: 0; transition: opacity .12s; line-height: 1.9;
  box-shadow: 0 6px 24px rgba(0,0,0,.25); max-width: 280px; z-index: 999;
}
.emd-tip-link { color: #e8607e; font-weight: 600; }
.emd-tip-text { color: #f5c842; font-weight: 600; }
.emd-tip-head { font-weight: 700; font-size: 13px;
  border-bottom: 1px solid rgba(255,255,255,.2); padding-bottom: 5px; margin-bottom: 5px; }
/* ── accessible font toggle ── */
.emd-font-btn {
  padding: 5px 12px; border-radius: 20px; border: 1.5px solid #ccc;
  background: #fff; font-size: 11px; cursor: pointer;
  font-family: 'Source Code Pro', monospace; color: #888;
  transition: all .2s; white-space: nowrap;
}
.emd-font-btn:hover { border-color: #2065a0; color: #1a4a80; }
.emd-font-btn.active { background: #e8f0ff; border-color: #2065a0;
  color: #1a4a80; font-family: inherit; font-weight: 600; }
/* Accessible mode: also switch the UI controls (the SVGs are already on the
   accessible/sans-serif font by default via the JS `FONT` constant). */
.emd-viz.accessible { font-family: inherit; }
.emd-viz.accessible #emd-entry-select,
.emd-viz.accessible .emd-stats,
.emd-viz.accessible .emd-stats-grid,
.emd-viz.accessible .emd-stat-label,
.emd-viz.accessible .emd-stat-value,
.emd-viz.accessible .emd-section-label,
.emd-viz.accessible .emd-fbtn,
.emd-viz.accessible #emd-go-btn { font-family: inherit !important; }
/* ── stats grid ── */
.emd-stats-grid {
  display: grid;
  grid-template-columns: repeat(auto-fit, minmax(150px, 1fr));
  gap: 12px;
  margin: 10px 0 18px;
  padding: 14px 16px;
  background: #f7f8fa;
  border-left: 3px solid #0d1035;
  border-radius: 4px;
}
.emd-stat-item { display: flex; flex-direction: column; gap: 3px; }
.emd-stat-label {
  font-family: 'Source Code Pro', monospace;
  color: #888; font-size: 10px;
  text-transform: uppercase; letter-spacing: 0.06em;
}
.emd-stat-value {
  font-family: 'Source Code Pro', monospace;
  color: #0d1035; font-weight: 600; font-size: 13px;
}
</style>

<div class="emd-viz">

<!-- Status / stats box pinned to the top of the page -->
<div class="emd-stats-grid">
  <div class="emd-stat-item">
    <span class="emd-stat-label">Total Records</span>
    <span class="emd-stat-value">36</span>
  </div>
  <div class="emd-stat-item">
    <span class="emd-stat-label">Endpoint</span>
    <span class="emd-stat-value">model_component</span>
  </div>
  <div class="emd-stat-item">
    <span class="emd-stat-label">Raw Data</span>
    <span class="emd-stat-value">37.9 KB</span>
  </div>
  <div class="emd-stat-item">
    <span class="emd-stat-label">Processed Data</span>
    <span class="emd-stat-value">73.5 KB</span>
  </div>
  <div class="emd-stat-item">
    <span class="emd-stat-label">Last Updated</span>
    <span class="emd-stat-value">2026-06-17 16:56 UTC</span>
  </div>
</div>

<div class="emd-section">
<span class="emd-section-label">View a specific Model Component</span>
<div class="emd-selector-row">
  <select id="emd-entry-select">
    <option value="">Select an entry…</option>
    <option value="../view_model_components/?id=cannemo6-0">cannemo6-0</option>
    <option value="../view_model_components/?id=cannemo5-1">cannemo5-1</option>
    <option value="../view_model_components/?id=nemo-gosi9">nemo-gosi9</option>
    <option value="../view_model_components/?id=fesom-2.7">fesom-2.7</option>
    <option value="../view_model_components/?id=cmoc">cmoc</option>
    <option value="../view_model_components/?id=class-ctem-v3.6.2">class-ctem-v3.6.2</option>
    <option value="../view_model_components/?id=mom5">mom5</option>
    <option value="../view_model_components/?id=fesim-2-7">fesim-2-7</option>
    <option value="../view_model_components/?id=wombatlite">wombatlite</option>
    <option value="../view_model_components/?id=canam5-1-aerosol">canam5-1-aerosol</option>
    <option value="../view_model_components/?id=si3-gosi9">si3-gosi9</option>
    <option value="../view_model_components/?id=canam5-1">canam5-1</option>
    <option value="../view_model_components/?id=cable3">cable3</option>
    <option value="../view_model_components/?id=cice5">cice5</option>
    <option value="../view_model_components/?id=lim2">lim2</option>
    <option value="../view_model_components/?id=nemo_v3_6">nemo_v3_6</option>
    <option value="../view_model_components/?id=openifs-48r1">openifs-48r1</option>
    <option value="../view_model_components/?id=lpj-guess-4.1">lpj-guess-4.1</option>
    <option value="../view_model_components/?id=iap-agcm5.0">iap-agcm5.0</option>
    <option value="../view_model_components/?id=glomap-mode">glomap-mode</option>
    <option value="../view_model_components/?id=jules-gl9">jules-gl9</option>
    <option value="../view_model_components/?id=gelato">gelato</option>
    <option value="../view_model_components/?id=hadam3">hadam3</option>
    <option value="../view_model_components/?id=classic">classic</option>
    <option value="../view_model_components/?id=reprobus-c_v2_0">reprobus-c_v2_0</option>
    <option value="../view_model_components/?id=ifs-cy36r4-l91">ifs-cy36r4-l91</option>
    <option value="../view_model_components/?id=gamil3">gamil3</option>
    <option value="../view_model_components/?id=tactic">tactic</option>
    <option value="../view_model_components/?id=um7.3">um7.3</option>
    <option value="../view_model_components/?id=arpege-climat_version_6_3">arpege-climat_version_6_3</option>
    <option value="../view_model_components/?id=metum-ga9">metum-ga9</option>
    <option value="../view_model_components/?id=bisicles-ukesm-ismip6-1_0">bisicles-ukesm-ismip6-1_0</option>
    <option value="../view_model_components/?id=clm4">clm4</option>
    <option value="../view_model_components/?id=co2box-v1-0">co2box-v1-0</option>
    <option value="../view_model_components/?id=piscesv2-gas">piscesv2-gas</option>
    <option value="../view_model_components/?id=surfex_v8_modeling_platform">surfex_v8_modeling_platform</option>
  </select>
  <button id="emd-go-btn" onclick="emdGotoEntry()">Open →</button>
  <button class="emd-font-btn" id="emd-font-toggle" onclick="emdToggleFont()" title="Switch to the page's default font for improved readability">Accessible font</button>
</div>
</div>

<div class="emd-section">
<span class="emd-section-label">Similarity &amp; Hierarchical Clustering</span>
<div class="emd-filter-bar" id="emd-filter-bar"></div>
<div id="emd-combined-chart" style="overflow-x:auto; display:flex; justify-content:center;"></div>
<div class="emd-tip" id="emd-tip"></div>
</div>

<div class="emd-section">
<span class="emd-section-label">Record Key Schema</span>
<div id="emd-key-graph"></div>
</div>

</div>

<script src="https://d3js.org/d3.v7.min.js"></script>
<script>
(function () {
'use strict';

/* ── injected data ─────────────────────────────────────────────────────── */
var EMD_DATA    = {"ids":["cannemo6-0","cannemo5-1","nemo-gosi9","fesom-2.7","cmoc","class-ctem-v3.6.2","mom5","fesim-2-7","wombatlite","canam5-1-aerosol","si3-gosi9","canam5-1","cable3","cice5","lim2","nemo_v3_6","openifs-48r1","lpj-guess-4.1","iap-agcm5.0","glomap-mode","jules-gl9","gelato","hadam3","classic","reprobus-c_v2_0","ifs-cy36r4-l91","gamil3","tactic","um7.3","arpege-climat_version_6_3","metum-ga9","bisicles-ukesm-ismip6-1_0","clm4","co2box-v1-0","piscesv2-gas","surfex_v8_modeling_platform"],"link":[[0.0,0.6832602582602583,0.25843878343878346,0.26103571235197204,0.3360200082148294,0.26283367483422976,0.21998378126767157,0.09753630639743084,0.10251060451461252,0.3505087084632539,0.08653846153846152,0.30724280143069954,0.15405449903238033,0.08973567584678695,0.02705950380368985,0.17205375269891396,0.09770353532119556,0.024771557631237912,0.045308857808857815,0.03540725084133444,0.030175718454765788,0.024515167372310232,0.02139338494018297,0.040844745532245534,0.01998001998001998,0.020069019460609475,0.023589900164207468,0.0403881832453261,0.05018801257739311,0.02221216283716284,0.00045787545787545793,0.021811521811521815,0.05043568969571025,0.01716751716751717,0.10993034681668032,0.05068413487634018],[0.6832602582602583,0.0,0.3464896214896214,0.2595905623064646,0.3322125376310881,0.2638677075768579,0.221388360945496,0.10057721118240665,0.17754458856663266,0.34628360322804763,0.17764041514041515,0.41494414113840866,0.15394291660618656,0.1574074074074074,0.09052736669015739,0.21485260770975056,0.09676171977830426,0.09031231497927768,0.11024904214559388,0.12565648445873526,0.030766186872434088,0.07312925170068027,0.023809523809523808,0.10462962962962963,0.07936507936507937,0.0066570302233902754,0.08473271760425412,0.09693877551020409,0.059184073889359264,0.07369614512471655,0.0049504950495049506,0.07936507936507937,0.12891156462585032,0.00868523510032944,0.09927304255035348,0.04911223435556245],[0.25843878343878346,0.3464896214896214,0.0,0.32780615651967643,0.1368320145549903,0.09748875629378773,0.2092102171042769,0.12336569226441178,0.35435975736576936,0.09775297654085531,0.3107142857142857,0.15954189122978932,0.022598870056497175,0.11278885723330168,0.13667488841907446,0.36954980503367596,0.05064430937357876,0.0901876394771599,0.10096991131473891,0.12019402533871987,0.0271213582628481,0.10840746555032268,0.005911330049261083,0.08691684472934473,0.09111721611721611,0.006164257555847569,0.1071099485457168,0.07791845835324096,0.030581039755351685,0.07772435897435896,0.033663366336633666,0.07509157509157507,0.15601365061796718,0.01372599014108448,0.06186123572235912,0.03395072608778158],[0.26103571235197204,0.2595905623064646,0.32780615651967643,0.0,0.1369599337199099,0.09791251234372139,0.23189628315510347,0.5067505392098501,0.09668639943208139,0.1420776223478725,0.05803389979089801,0.14852419082913426,0.07071558260047588,0.08546889382208024,0.022053041260903083,0.21783518107009983,0.11798663137748751,0.03325843304997563,0.026723028807602956,0.03313660728788781,0.03836383489450792,0.042000513454610276,0.029283045721401887,0.02568267547421806,0.03622603678972265,0.05910625117326825,0.02775822549497356,0.019080511082553115,0.060772491356172124,0.0183688939325798,0.0906916650067335,0.03720230037978698,0.028660822713405032,0.0032093675631495763,0.10672401507031966,0.031675658377449734],[0.3360200082148294,0.3322125376310881,0.1368320145549903,0.1369599337199099,0.0,0.3290910004683245,0.09446079327372563,0.10514030504080536,0.25640264501752374,0.3469869350443744,0.10311680677484213,0.27489103022737765,0.11622898944829764,0.1381535014943701,0.04588147539236729,0.06963927279821824,0.09940485083918522,0.051498804903186195,0.051917643871666856,0.09942716196997604,0.03950436927035866,0.03562566735604138,0.00035229874933943986,0.07441513695795103,0.09773090402530835,0.008528252299605783,0.04758943102072125,0.038091758601417454,0.07354872038522307,0.03703486235339914,0.007192766132346897,0.036330264854720254,0.08685849551036563,0.07977295564248545,0.2224650649408962,0.030016249093807085],[0.26283367483422976,0.2638677075768579,0.09748875629378773,0.09791251234372139,0.3290910004683245,0.0,0.05477942346369324,0.1061510370606676,0.08590875958945432,0.3657727002646789,0.10366159579996058,0.26592695897262736,0.24275267161157713,0.10476276930525297,0.04773184036749928,0.03594722305414129,0.09754149680191815,0.21224480845558405,0.07124786289762625,0.08810960553704811,0.2343813011181621,0.03999034973877741,0.008086253369272238,0.10315866315662066,0.04881463416953084,0.007597459483136224,0.0438110934892351,0.04133805863365612,0.03695772780168331,0.03931649529133806,0.01409435061153174,0.08828325180526438,0.21497121560014643,0.01579814315663372,0.05562224889955982,0.16456722882776614],[0.21998378126767157,0.221388360945496,0.2092102171042769,0.23189628315510347,0.09446079327372563,0.05477942346369324,0.0,0.06445031725820786,0.10490161194178176,0.05699321220499621,0.02619313930541538,0.058516760692491565,0.15003791117236184,0.2654027042915932,0.04652595805347229,0.14480415822242873,0.05730564331423565,0.004431099457742441,0.00557297109021247,0.00828952517055411,0.007731735668002175,0.0005421523448088914,0.0027107617240444562,0.1730324074074074,0.0021686093792355654,0.0028664038545773104,0.1982227819759306,0.0027107617240444562,0.00991937993835527,0.001626457034426674,0.02871428416969214,0.0027107617240444562,0.006383198440666589,0.17026093591558486,0.10273874448631283,0.047596935966566535],[0.09753630639743084,0.10057721118240665,0.12336569226441178,0.5067505392098501,0.10514030504080536,0.1061510370606676,0.06445031725820786,0.0,0.07124634380422039,0.17459154757530115,0.23278928870923668,0.15780367419539765,0.06516858203221507,0.2577755321253922,0.1954787681531046,0.053850160919725894,0.12031920343215728,0.03509813343886329,0.032896676210128456,0.06738908922531049,0.03218909526495762,0.17054270050163267,0.029395208347635066,0.053983150203858576,0.0420726916427311,0.05821093798886177,0.05245636083468574,0.04517289856836536,0.07034958144718724,0.024284197100272114,0.08861848102597743,0.06013577944392558,0.042565993240160076,0.0046822188750560295,0.07003583108720021,0.027885440992305298],[0.10251060451461252,0.17754458856663266,0.35435975736576936,0.09668639943208139,0.25640264501752374,0.08590875958945432,0.10490161194178176,0.07124634380422039,0.0,0.09325678898157187,0.24586031036431835,0.1477067382628505,0.02795653006228924,0.1175213675213675,0.12421003623408432,0.1319420630900734,0.05147246672347524,0.09344400419000774,0.12580881761916243,0.1489168209425444,0.030608522530543598,0.07326007326007325,0.0025765817348983684,0.09733351139601139,0.13734743165032315,0.008035479632063075,0.11060840922301879,0.07640922871383793,0.04179613048727424,0.07583665499497162,0.012541254125412541,0.07726808929213738,0.13713507601283154,0.0765772335326538,0.16949866118792206,0.030299666388169926],[0.3505087084632539,0.34628360322804763,0.09775297654085531,0.1420776223478725,0.3469869350443744,0.3657727002646789,0.05699321220499621,0.17459154757530115,0.09325678898157187,0.0,0.12727620303377876,0.5465335115724358,0.12901557599140026,0.13227145796590242,0.07436558951710466,0.037241097847158455,0.1472826976300755,0.04705830756748459,0.11944202562018653,0.25413755574080693,0.033431023396151754,0.08106523907389708,0.1329004329004329,0.22373328189300412,0.05686216941628197,0.05819973718791064,0.0945107856246955,0.20508840205809903,0.19396362750669804,0.08167242409666652,0.10101072607260726,0.03802818954334105,0.08070896555745041,0.04235204594338385,0.05877061568429025,0.02951788708888751],[0.08653846153846152,0.17764041514041515,0.3107142857142857,0.05803389979089801,0.10311680677484213,0.10366159579996058,0.02619313930541538,0.23278928870923668,0.24586031036431835,0.12727620303377876,0.0,0.17585470085470087,0.023724063835138087,0.2955246913580247,0.3197282906585232,0.075,0.06442967859373058,0.11358507537459579,0.0984848484848485,0.14598262134435766,0.04592429088830632,0.1961451247165533,0.0019704433497536944,0.10714285714285714,0.07342657342657342,0.006109505037231712,0.08375314861460957,0.0926131322094055,0.032424697572460824,0.07477678571428571,0.018848551521818847,0.09294871794871795,0.1066546762589928,0.011473737888832228,0.0531609134882023,0.05484454798494796],[0.30724280143069954,0.41494414113840866,0.15954189122978932,0.14852419082913426,0.27489103022737765,0.26592695897262736,0.058516760692491565,0.15780367419539765,0.1477067382628505,0.5465335115724358,0.17585470085470087,0.0,0.14044585401051407,0.16445473251028808,0.08662259538055717,0.07233848953594177,0.2642047839604989,0.09223653049141504,0.2793538836642285,0.19321957517295138,0.03304149972795172,0.09614801334546556,0.23342432514407038,0.1649884259259259,0.13507950951081069,0.1740354796320631,0.2578050657710607,0.1408249924173491,0.3078634176746723,0.2190703670003033,0.2270993766043271,0.08723081589323627,0.13935395814376705,0.09271249587918257,0.04375720564234187,0.02507884180533642],[0.15405449903238033,0.15394291660618656,0.022598870056497175,0.07071558260047588,0.11622898944829764,0.24275267161157713,0.15003791117236184,0.06516858203221507,0.02795653006228924,0.12901557599140026,0.023724063835138087,0.14044585401051407,0.0,0.09462118760043838,0.001882421083116131,0.001212683161883346,0.06382851899645312,0.17810599478714162,0.04496254903509465,0.003620040544454098,0.17517612284214104,0.001212683161883346,0.029688469653717266,0.028877580571759546,0.00960043443963163,0.005339903635567235,0.06605176075467971,0.026483121484910204,0.03796698523023458,0.0009929254064788382,0.00796011113126665,0.04994877186321965,0.16101319763352778,0.010621300359124244,0.07582693564253663,0.20023567335311515],[0.08973567584678695,0.1574074074074074,0.11278885723330168,0.08546889382208024,0.1381535014943701,0.10476276930525297,0.2654027042915932,0.2577755321253922,0.1175213675213675,0.13227145796590242,0.2955246913580247,0.16445473251028808,0.09462118760043838,0.0,0.29020763187429854,0.07431827431827431,0.06733812156268454,0.14370891591140258,0.10123784261715296,0.13177090399312621,0.04577071032385042,0.19641452022404401,0.0021164021164021165,0.31349432460543575,0.07520010853344186,0.008628120893561103,0.25941355034554026,0.0961373723278485,0.037871408615547254,0.07537647537647538,0.006790123456790124,0.07467100800434133,0.07956857956857956,0.17104588865595152,0.040463592844545225,0.024566648925623286],[0.02705950380368985,0.09052736669015739,0.13667488841907446,0.022053041260903083,0.04588147539236729,0.04773184036749928,0.04652595805347229,0.1954787681531046,0.12421003623408432,0.07436558951710466,0.3197282906585232,0.08662259538055717,0.001882421083116131,0.29020763187429854,0.0,0.10714285714285714,0.0123864307414285,0.10902082260874446,0.11201671891327063,0.10630245959827954,0.024141193055349456,0.19553868058851448,0.006644518272425249,0.11061507936507936,0.0769656699889258,0.006492772667542707,0.11279037223621606,0.09792754311026737,0.04027631187247977,0.07308970099667775,0.0049504950495049506,0.09973069566092821,0.12030605053860867,0.008424747696358051,0.027184517217739807,0.0047212775298642925],[0.17205375269891396,0.21485260770975056,0.36954980503367596,0.21783518107009983,0.06963927279821824,0.03594722305414129,0.14480415822242873,0.053850160919725894,0.1319420630900734,0.037241097847158455,0.075,0.07233848953594177,0.001212683161883346,0.07431827431827431,0.10714285714285714,0.0,0.00950490460639657,0.2181719841344035,0.11979399910434393,0.21896380823441236,0.15862887668793588,0.37896825396825395,0.0011494252873563218,0.25545634920634924,0.3535782028429087,0.14814079219072648,0.2501199472232218,0.32306763285024154,0.175260093482875,0.3107638888888889,0.17227722772277226,0.1388888888888889,0.1492523929574289,0.010417425511765135,0.04845446950710108,0.0036231884057971015],[0.09770353532119556,0.09676171977830426,0.05064430937357876,0.11798663137748751,0.09940485083918522,0.09754149680191815,0.05730564331423565,0.12031920343215728,0.05147246672347524,0.1472826976300755,0.06442967859373058,0.2642047839604989,0.06382851899645312,0.06733812156268454,0.0123864307414285,0.00950490460639657,0.0,0.015281601957980265,0.2019568241161697,0.0642531642867815,0.017951769083548556,0.009682366895660101,0.1432564330079858,0.06279712990829082,0.07090685669157847,0.3480219205566583,0.18137891044659307,0.05271697204206649,0.18003991376918316,0.1524064130358553,0.18190396559961775,0.04191395518314901,0.011243852090365505,0.07449591968865836,0.07036639846436109,0.0312956533064657],[0.024771557631237912,0.09031231497927768,0.0901876394771599,0.03325843304997563,0.051498804903186195,0.21224480845558405,0.004431099457742441,0.03509813343886329,0.09344400419000774,0.04705830756748459,0.11358507537459579,0.09223653049141504,0.17810599478714162,0.14370891591140258,0.10902082260874446,0.2181719841344035,0.015281601957980265,0.0,0.12793932425604856,0.2636564768938332,0.35753565268875337,0.22231199668798998,0.0008880994671403196,0.25912249540369575,0.2418626919154437,0.1760065703022339,0.26194263997525297,0.2195675690113383,0.203513288901201,0.23017596594300344,0.1699230313795145,0.1554411487570317,0.20876355734259816,0.012949522224296848,0.0036631585730799126,0.13255891760468888],[0.045308857808857815,0.11024904214559388,0.10096991131473891,0.026723028807602956,0.051917643871666856,0.07124786289762625,0.00557297109021247,0.032896676210128456,0.12580881761916243,0.11944202562018653,0.0984848484848485,0.2793538836642285,0.04496254903509465,0.10123784261715296,0.11201671891327063,0.11979399910434393,0.2019568241161697,0.12793932425604856,0.0,0.1938294010889292,0.025987952993200367,0.11934617107030901,0.1620577698163905,0.19624695228143504,0.20403809381641894,0.20896367561479257,0.3267244230720301,0.18552147086629844,0.22671211482109932,0.2859927428892946,0.17223963775687914,0.14628302731751006,0.07594704146428284,0.10975955296059395,0.0045955686349775015,0.004177961737643435],[0.03540725084133444,0.12565648445873526,0.12019402533871987,0.03313660728788781,0.09942716196997604,0.08810960553704811,0.00828952517055411,0.06738908922531049,0.1489168209425444,0.25413755574080693,0.14598262134435766,0.19321957517295138,0.003620040544454098,0.13177090399312621,0.10630245959827954,0.21896380823441236,0.0642531642867815,0.2636564768938332,0.1938294010889292,0.0,0.20700813178619693,0.2530480060760746,0.0444648598989435,0.4521120837756478,0.24075001467840476,0.22530442400350417,0.32457526343911075,0.36365834199647024,0.25520762657698853,0.27303963594368064,0.22282958199356914,0.08477383168532263,0.12174053170837737,0.04344545725058981,0.00022967386311437759,0.0011483693155718878],[0.030175718454765788,0.030766186872434088,0.0271213582628481,0.03836383489450792,0.03950436927035866,0.2343813011181621,0.007731735668002175,0.03218909526495762,0.030608522530543598,0.033431023396151754,0.04592429088830632,0.03304149972795172,0.17517612284214104,0.04577071032385042,0.024141193055349456,0.15862887668793588,0.017951769083548556,0.35753565268875337,0.025987952993200367,0.20700813178619693,0.0,0.1824384004974597,0.0021940516821062897,0.210695893994603,0.16738186593824353,0.1767568988173456,0.18996033049805913,0.1600915778093401,0.19365200079141318,0.1720557228792872,0.23287056136885487,0.06616249408206672,0.15643835810032575,0.012128524556184447,0.003791893667988044,0.1613705580169447],[0.024515167372310232,0.07312925170068027,0.10840746555032268,0.042000513454610276,0.03562566735604138,0.03999034973877741,0.0005421523448088914,0.17054270050163267,0.07326007326007325,0.08106523907389708,0.1961451247165533,0.09614801334546556,0.001212683161883346,0.19641452022404401,0.19553868058851448,0.37896825396825395,0.009682366895660101,0.22231199668798998,0.11934617107030901,0.2530480060760746,0.1824384004974597,0.0,0.06130268199233716,0.2753684807256236,0.35590920517391106,0.14818772292096866,0.25047978889288713,0.34778295376121465,0.19875356166660868,0.3094618055555556,0.16864686468646867,0.14102564102564102,0.09146528930701592,0.006556421650761273,0.010526315789473684,0.0036231884057971015],[0.02139338494018297,0.023809523809523808,0.005911330049261083,0.029283045721401887,0.00035229874933943986,0.008086253369272238,0.0027107617240444562,0.029395208347635066,0.0025765817348983684,0.1329004329004329,0.0019704433497536944,0.23342432514407038,0.029688469653717266,0.0021164021164021165,0.006644518272425249,0.0011494252873563218,0.1432564330079858,0.0008880994671403196,0.1620577698163905,0.0444648598989435,0.0021940516821062897,0.06130268199233716,0.0,0.04558531746031746,0.08407224958949096,0.14327951942932232,0.14705529566990524,0.0877415458937198,0.28761061946902655,0.17471264367816094,0.1736916548797737,0.18867521367521367,0.17701149425287355,0.06418015482054891,0.005747126436781609,0.005747126436781609],[0.040844745532245534,0.10462962962962963,0.08691684472934473,0.02568267547421806,0.07441513695795103,0.10315866315662066,0.1730324074074074,0.053983150203858576,0.09733351139601139,0.22373328189300412,0.10714285714285714,0.1649884259259259,0.028877580571759546,0.31349432460543575,0.11061507936507936,0.25545634920634924,0.06279712990829082,0.25912249540369575,0.19624695228143504,0.4521120837756478,0.210695893994603,0.2753684807256236,0.04558531746031746,0.0,0.2768565759637188,0.22485676741130092,0.5317496968000747,0.3993055555555555,0.2596473623853211,0.3025297619047619,0.22361111111111112,0.11235119047619048,0.07673229548229547,0.1953569556753519,0.0013818027210884354,0.0028294355217432137],[0.01998001998001998,0.07936507936507937,0.09111721611721611,0.03622603678972265,0.09773090402530835,0.04881463416953084,0.0021686093792355654,0.0420726916427311,0.13734743165032315,0.05686216941628197,0.07342657342657342,0.13507950951081069,0.00960043443963163,0.07520010853344186,0.0769656699889258,0.3535782028429087,0.07090685669157847,0.2418626919154437,0.20403809381641894,0.24075001467840476,0.16738186593824353,0.35590920517391106,0.08407224958949096,0.2768565759637188,0.0,0.21011617367051946,0.31290375092102335,0.36257763975155277,0.23869697265932435,0.3967976467976468,0.22448474439280663,0.1938125763125763,0.1167166167166167,0.15254556763990726,0.08721724898195486,0.0170812093889017],[0.020069019460609475,0.0066570302233902754,0.006164257555847569,0.05910625117326825,0.008528252299605783,0.007597459483136224,0.0028664038545773104,0.05821093798886177,0.008035479632063075,0.05819973718791064,0.006109505037231712,0.1740354796320631,0.005339903635567235,0.008628120893561103,0.006492772667542707,0.14814079219072648,0.3480219205566583,0.1760065703022339,0.20896367561479257,0.22530442400350417,0.1767568988173456,0.14818772292096866,0.14327951942932232,0.22485676741130092,0.21011617367051946,0.0,0.3431112571178274,0.19127951942932234,0.34191633815155503,0.2909510043176272,0.33951495285266636,0.03770809085789374,0.005518302984794443,0.07442375320693323,0.026236030285964582,0.0031856579688379952],[0.023589900164207468,0.08473271760425412,0.1071099485457168,0.02775822549497356,0.04758943102072125,0.0438110934892351,0.1982227819759306,0.05245636083468574,0.11060840922301879,0.0945107856246955,0.08375314861460957,0.2578050657710607,0.06605176075467971,0.25941355034554026,0.11279037223621606,0.2501199472232218,0.18137891044659307,0.26194263997525297,0.3267244230720301,0.32457526343911075,0.18996033049805913,0.25047978889288713,0.14705529566990524,0.5317496968000747,0.31290375092102335,0.3431112571178274,0.0,0.2939366678661389,0.37033099931443014,0.409689736515933,0.3365519171564511,0.13465275278877295,0.0777627074856294,0.24165970746456467,0.0028673098122540368,0.0022903531913413717],[0.0403881832453261,0.09693877551020409,0.07791845835324096,0.019080511082553115,0.038091758601417454,0.04133805863365612,0.0027107617240444562,0.04517289856836536,0.07640922871383793,0.20508840205809903,0.0926131322094055,0.1408249924173491,0.026483121484910204,0.0961373723278485,0.09792754311026737,0.32306763285024154,0.05271697204206649,0.2195675690113383,0.18552147086629844,0.36365834199647024,0.1600915778093401,0.34778295376121465,0.0877415458937198,0.3993055555555555,0.36257763975155277,0.19127951942932234,0.2939366678661389,0.0,0.24635153891060363,0.36008454106280197,0.1893917963224894,0.15247584541062803,0.09271646228167967,0.026209171117175332,0.005851736829997699,0.006420975902581254],[0.05018801257739311,0.059184073889359264,0.030581039755351685,0.060772491356172124,0.07354872038522307,0.03695772780168331,0.00991937993835527,0.07034958144718724,0.04179613048727424,0.19396362750669804,0.032424697572460824,0.3078634176746723,0.03796698523023458,0.037871408615547254,0.04027631187247977,0.175260093482875,0.18003991376918316,0.203513288901201,0.22671211482109932,0.25520762657698853,0.19365200079141318,0.19875356166660868,0.28761061946902655,0.2596473623853211,0.23869697265932435,0.34191633815155503,0.37033099931443014,0.24635153891060363,0.0,0.3170762824899384,0.38111377071773117,0.045963766687157126,0.029056820422412696,0.08086336345043822,0.00384785182509582,0.006122876442821984],[0.02221216283716284,0.07369614512471655,0.07772435897435896,0.0183688939325798,0.03703486235339914,0.03931649529133806,0.001626457034426674,0.024284197100272114,0.07583665499497162,0.08167242409666652,0.07477678571428571,0.2190703670003033,0.0009929254064788382,0.07537647537647538,0.07308970099667775,0.3107638888888889,0.1524064130358553,0.23017596594300344,0.2859927428892946,0.27303963594368064,0.1720557228792872,0.3094618055555556,0.17471264367816094,0.3025297619047619,0.3967976467976468,0.2909510043176272,0.409689736515933,0.36008454106280197,0.3170762824899384,0.0,0.28684582743988685,0.17468660968660968,0.09026624853962983,0.06615205044281863,0.010478670634920634,0.01494853055611138],[0.00045787545787545793,0.0049504950495049506,0.033663366336633666,0.0906916650067335,0.007192766132346897,0.01409435061153174,0.02871428416969214,0.08861848102597743,0.012541254125412541,0.10101072607260726,0.018848551521818847,0.2270993766043271,0.00796011113126665,0.006790123456790124,0.0049504950495049506,0.17227722772277226,0.18190396559961775,0.1699230313795145,0.17223963775687914,0.22282958199356914,0.23287056136885487,0.16864686468646867,0.1736916548797737,0.22361111111111112,0.22448474439280663,0.33951495285266636,0.3365519171564511,0.1893917963224894,0.38111377071773117,0.28684582743988685,0.0,0.017114568599717116,0.0025459688826025458,0.07602817974105103,0.004791177704897648,0.007255545020750112],[0.021811521811521815,0.07936507936507937,0.07509157509157507,0.03720230037978698,0.036330264854720254,0.08828325180526438,0.0027107617240444562,0.06013577944392558,0.07726808929213738,0.03802818954334105,0.09294871794871795,0.08723081589323627,0.04994877186321965,0.07467100800434133,0.09973069566092821,0.1388888888888889,0.04191395518314901,0.1554411487570317,0.14628302731751006,0.08477383168532263,0.06616249408206672,0.14102564102564102,0.18867521367521367,0.11235119047619048,0.1938125763125763,0.03770809085789374,0.13465275278877295,0.15247584541062803,0.045963766687157126,0.17468660968660968,0.017114568599717116,0.0,0.3429487179487179,0.011329640709694616,0.06512617012617013,0.07790927021696252],[0.05043568969571025,0.12891156462585032,0.15601365061796718,0.028660822713405032,0.08685849551036563,0.21497121560014643,0.006383198440666589,0.042565993240160076,0.13713507601283154,0.08070896555745041,0.1066546762589928,0.13935395814376705,0.16101319763352778,0.07956857956857956,0.12030605053860867,0.1492523929574289,0.011243852090365505,0.20876355734259816,0.07594704146428284,0.12174053170837737,0.15643835810032575,0.09146528930701592,0.17701149425287355,0.07673229548229547,0.1167166167166167,0.005518302984794443,0.0777627074856294,0.09271646228167967,0.029056820422412696,0.09026624853962983,0.0025459688826025458,0.3429487179487179,0.0,0.021831129628449724,0.00851699592706787,0.1858513189448441],[0.01716751716751717,0.00868523510032944,0.01372599014108448,0.0032093675631495763,0.07977295564248545,0.01579814315663372,0.17026093591558486,0.0046822188750560295,0.0765772335326538,0.04235204594338385,0.011473737888832228,0.09271249587918257,0.010621300359124244,0.17104588865595152,0.008424747696358051,0.010417425511765135,0.07449591968865836,0.012949522224296848,0.10975955296059395,0.04344545725058981,0.012128524556184447,0.006556421650761273,0.06418015482054891,0.1953569556753519,0.15254556763990726,0.07442375320693323,0.24165970746456467,0.026209171117175332,0.08086336345043822,0.06615205044281863,0.07602817974105103,0.011329640709694616,0.021831129628449724,0.0,0.06913712853562477,0.014514630138137067],[0.10993034681668032,0.09927304255035348,0.06186123572235912,0.10672401507031966,0.2224650649408962,0.05562224889955982,0.10273874448631283,0.07003583108720021,0.16949866118792206,0.05877061568429025,0.0531609134882023,0.04375720564234187,0.07582693564253663,0.040463592844545225,0.027184517217739807,0.04845446950710108,0.07036639846436109,0.0036631585730799126,0.0045955686349775015,0.00022967386311437759,0.003791893667988044,0.010526315789473684,0.005747126436781609,0.0013818027210884354,0.08721724898195486,0.026236030285964582,0.0028673098122540368,0.005851736829997699,0.00384785182509582,0.010478670634920634,0.004791177704897648,0.06512617012617013,0.00851699592706787,0.06913712853562477,0.0,0.14177820076567535],[0.05068413487634018,0.04911223435556245,0.03395072608778158,0.031675658377449734,0.030016249093807085,0.16456722882776614,0.047596935966566535,0.027885440992305298,0.030299666388169926,0.02951788708888751,0.05484454798494796,0.02507884180533642,0.20023567335311515,0.024566648925623286,0.0047212775298642925,0.0036231884057971015,0.0312956533064657,0.13255891760468888,0.004177961737643435,0.0011483693155718878,0.1613705580169447,0.0036231884057971015,0.005747126436781609,0.0028294355217432137,0.0170812093889017,0.0031856579688379952,0.0022903531913413717,0.006420975902581254,0.006122876442821984,0.01494853055611138,0.007255545020750112,0.07790927021696252,0.1858513189448441,0.014514630138137067,0.14177820076567535,0.0]],"text":[[0.0,0.16353925943387174,0.08471383281373518,0.04056026572819954,0.06902927833870831,0.04341532214573419,0.09899216236349086,0.05797455564589542,0.05727467267665633,0.03844185670476974,0.027247979176994883,0.0035496309643003993,0.029141912810082812,0.0777800212181337,0.034459417072016524,0.09085360229570988,0.05289766167990635,0.03826095750566506,0.02617877495027604,0.026325804084672444,0.08072111782664566,0.0,0.026420983883543435,0.020576321502777776,0.03867610696018013,0.060934537733046565,0.06579468647639797,0.029719815474234766,0.02096065814704262,0.05177811940130308,0.026973477291974267,0.008413080973080644,0.026754681369040096,0.21166649710224433,0.033123051342903144,0.021949227717270346],[0.16353925943387174,0.0,0.044508061710213764,0.04114940261957856,0.08177963651359664,0.03777491085928895,0.06579309983867382,0.0693155834991699,0.027177058039809743,0.041614061802996725,0.00930173925198305,0.11654579925834783,0.07292477709998513,0.05990723945614859,0.0148016110548057,0.03929194047158496,0.09440330697327273,0.03335020524441466,0.05369180402424784,0.01886521226870911,0.06637288176002311,0.010748114313096566,0.010563289516283183,0.025745212267601857,0.03864804033716657,0.08262493490750747,0.08489917399314668,0.02951548319590541,0.054863074849988896,0.015854335945173322,0.020895869076516374,0.006621749425185359,0.010696704046404163,0.030096074750837084,0.004452066679753064,0.016918368923661026],[0.08471383281373518,0.044508061710213764,0.0,0.043779159302004635,0.09182380004622737,0.05943797164887371,0.13505577687693757,0.04273621248292512,0.05690535243453764,0.005359509077592918,0.25881159637876544,0.004463450051648706,0.0268152230614919,0.07057170438781188,0.029919591971706534,0.4095276155352298,0.07197452432216113,0.02679815608476241,0.07067013406188488,0.054982461022981086,0.061046879046737,0.028040755122639854,0.08161474895490436,0.010040384447594189,0.04863290672894231,0.0393821141930394,0.09624259164594043,0.010960045318650347,0.06471004254175129,0.017794639524895656,0.06016915114296895,0.0105789494968592,0.03364242230798292,0.08620890766227503,0.012080493701729233,0.027599849836110617],[0.04056026572819954,0.04114940261957856,0.043779159302004635,0.0,0.12271932386687096,0.06544508909177274,0.0898320870069511,0.553956740089982,0.0887702606958226,0.11532781405723402,0.026464342032587317,0.10143756366162882,0.11732467443639963,0.11054700245274961,0.03793010937949969,0.04679370880313845,0.16842094544638753,0.19558847043286726,0.11956104819130671,0.09389743866343717,0.073017308480703,0.048671511006142365,0.02571374963430067,0.06740664880388754,0.06947005306169146,0.16284665077669616,0.11753524386765958,0.048890197134183064,0.08824348595748562,0.053576735809721006,0.05886735227131054,0.05137478378577659,0.04308860345827512,0.04931788662921138,0.02710372829860428,0.0472733328022472],[0.06902927833870831,0.08177963651359664,0.09182380004622737,0.12271932386687096,0.0,0.07382332896773619,0.10003835182774576,0.13288646111185612,0.2131133453491435,0.11303903524458961,0.028183498306287358,0.08691060755076077,0.14325263110180542,0.13697252870292034,0.07700863141621378,0.09944841158085163,0.1960946171431626,0.11417266073439025,0.10484518144938854,0.10956840938475547,0.11315599453903455,0.03710328678892615,0.055245441253408585,0.0651073469601941,0.13817620863890176,0.18995014124441567,0.13414757075148848,0.050208138189929155,0.12990681810665056,0.06237809632454734,0.08082670326446546,0.019407901378352264,0.04713295637478697,0.08746306552470287,0.09151977221015642,0.058403462773983165],[0.04341532214573419,0.03777491085928895,0.05943797164887371,0.06544508909177274,0.07382332896773619,0.0,0.06122520930431888,0.11173944424760954,0.05644102241792699,0.1449049666591148,0.01771790370914922,0.10457530813241105,0.10937764127738599,0.09252536071192369,0.023783924911077742,0.01615672123348687,0.13245756218589877,0.08578039144948141,0.1192783416205853,0.08706915991052389,0.0792542651278261,0.04132248197204056,0.049239588714381236,0.07410731768522161,0.04764205537481708,0.17281036909343178,0.07964704010650511,0.02667122545808876,0.05003609620030568,0.04589830074554471,0.035979739096688,0.0,0.09897870424987461,0.016183101611080584,0.01711653223563604,0.061792667344143],[0.09899216236349086,0.06579309983867382,0.13505577687693757,0.0898320870069511,0.10003835182774576,0.06122520930431888,0.0,0.12070726248603432,0.08453476961607959,0.06185696592274556,0.05097739769839371,0.06686457316832325,0.12939848787140176,0.16427208240963004,0.08923953139899829,0.10577670266248469,0.18755709117806177,0.09422195860669418,0.12692443892410138,0.061809908821919765,0.13083785920286026,0.016917612795530706,0.054104413557231154,0.06502662252934191,0.08194002743997436,0.2032574140783345,0.131787350591642,0.03383427665769918,0.14833535932372863,0.05617741577059601,0.11283512130348766,0.07221293661989142,0.0988819528925727,0.12490010052318364,0.02775499537139496,0.047944259005467386],[0.05797455564589542,0.0693155834991699,0.04273621248292512,0.553956740089982,0.13288646111185612,0.11173944424