{
  "stem": "Model_Components",
  "singular": "Model Component",
  "endpoint": "model_component",
  "count": 10,
  "method": "embedding (all-MiniLM-L6-v2) | link: text (links uninformative) | order: UPGMA leaf traversal",
  "entries": [
    {
      "id": "bisicles-ukesm-ismip6-1_0",
      "label": "bisicles-ukesm-ismip6-1_0",
      "spectral_rank": 0
    },
    {
      "id": "tactic",
      "label": "tactic",
      "spectral_rank": 1
    },
    {
      "id": "clm4",
      "label": "clm4",
      "spectral_rank": 2
    },
    {
      "id": "surfex_v8_modeling_platform",
      "label": "surfex_v8_modeling_platform",
      "spectral_rank": 3
    },
    {
      "id": "hadam3",
      "label": "hadam3",
      "spectral_rank": 4
    },
    {
      "id": "arpege-climat_version_6_3",
      "label": "arpege-climat_version_6_3",
      "spectral_rank": 5
    },
    {
      "id": "reprobus-c_v2_0",
      "label": "reprobus-c_v2_0",
      "spectral_rank": 6
    },
    {
      "id": "gelato",
      "label": "gelato",
      "spectral_rank": 7
    },
    {
      "id": "piscesv2-gas",
      "label": "piscesv2-gas",
      "spectral_rank": 8
    },
    {
      "id": "nemo_v3_6",
      "label": "nemo_v3_6",
      "spectral_rank": 9
    }
  ],
  "link_matrix": [
    [
      0.0,
      0.028321467371671287,
      0.06354571826912403,
      0.0,
      0.08008260189445798,
      0.013206579842902829,
      0.03336755435114665,
      0.0,
      0.02034869109253925,
      0.0
    ],
    [
      0.028321467371671287,
      0.0,
      0.03113848947717675,
      0.08485235684482495,
      0.043795218473467235,
      0.08684838734053892,
      0.13001552554555912,
      0.05809170796507239,
      0.02611878295630914,
      0.04574271253356089
    ],
    [
      0.06354571826912403,
      0.03113848947717675,
      0.0,
      0.190958146215307,
      0.12596625602330952,
      0.051134089989285134,
      0.1142051248501426,
      0.0,
      0.02132031984235423,
      0.04223732941817712
    ],
    [
      0.0,
      0.08485235684482495,
      0.190958146215307,
      0.0,
      0.08838128442975393,
      0.10163404675309934,
      0.15418045925099905,
      0.048217723613393555,
      0.02890574924422914,
      0.06607152203940175
    ],
    [
      0.08008260189445798,
      0.043795218473467235,
      0.12596625602330952,
      0.08838128442975393,
      0.0,
      0.14027663509444627,
      0.15302456664295516,
      0.03077108925676573,
      0.021871833432872,
      0.04332992377762123
    ],
    [
      0.013206579842902829,
      0.08684838734053892,
      0.051134089989285134,
      0.10163404675309934,
      0.14027663509444627,
      0.0,
      0.16749972997466012,
      0.11426255439980898,
      0.0803579674048647,
      0.10613458406050613
    ],
    [
      0.03336755435114665,
      0.13001552554555912,
      0.1142051248501426,
      0.15418045925099905,
      0.15302456664295516,
      0.16749972997466012,
      0.0,
      0.01711050311621888,
      0.06306405407493056,
      0.10778555017859458
    ],
    [
      0.0,
      0.05809170796507239,
      0.0,
      0.048217723613393555,
      0.03077108925676573,
      0.11426255439980898,
      0.01711050311621888,
      0.0,
      0.0648491340222091,
      0.04523395349100263
    ],
    [
      0.02034869109253925,
      0.02611878295630914,
      0.02132031984235423,
      0.02890574924422914,
      0.021871833432872,
      0.0803579674048647,
      0.06306405407493056,
      0.0648491340222091,
      0.0,
      0.093919715902127
    ],
    [
      0.0,
      0.04574271253356089,
      0.04223732941817712,
      0.06607152203940175,
      0.04332992377762123,
      0.10613458406050613,
      0.10778555017859458,
      0.04523395349100263,
      0.093919715902127,
      0.0
    ]
  ],
  "text_matrix": [
    [
      0.0,
      0.028321467371671287,
      0.06354571826912403,
      0.0,
      0.08008260189445798,
      0.013206579842902829,
      0.03336755435114665,
      0.0,
      0.02034869109253925,
      0.0
    ],
    [
      0.028321467371671287,
      0.0,
      0.03113848947717675,
      0.08485235684482495,
      0.043795218473467235,
      0.08684838734053892,
      0.13001552554555912,
      0.05809170796507239,
      0.02611878295630914,
      0.04574271253356089
    ],
    [
      0.06354571826912403,
      0.03113848947717675,
      0.0,
      0.190958146215307,
      0.12596625602330952,
      0.051134089989285134,
      0.1142051248501426,
      0.0,
      0.02132031984235423,
      0.04223732941817712
    ],
    [
      0.0,
      0.08485235684482495,
      0.190958146215307,
      0.0,
      0.08838128442975393,
      0.10163404675309934,
      0.15418045925099905,
      0.048217723613393555,
      0.02890574924422914,
      0.06607152203940175
    ],
    [
      0.08008260189445798,
      0.043795218473467235,
      0.12596625602330952,
      0.08838128442975393,
      0.0,
      0.14027663509444627,
      0.15302456664295516,
      0.03077108925676573,
      0.021871833432872,
      0.04332992377762123
    ],
    [
      0.013206579842902829,
      0.08684838734053892,
      0.051134089989285134,
      0.10163404675309934,
      0.14027663509444627,
      0.0,
      0.16749972997466012,
      0.11426255439980898,
      0.0803579674048647,
      0.10613458406050613
    ],
    [
      0.03336755435114665,
      0.13001552554555912,
      0.1142051248501426,
      0.15418045925099905,
      0.15302456664295516,
      0.16749972997466012,
      0.0,
      0.01711050311621888,
      0.06306405407493056,
      0.10778555017859458
    ],
    [
      0.0,
      0.05809170796507239,
      0.0,
      0.048217723613393555,
      0.03077108925676573,
      0.11426255439980898,
      0.01711050311621888,
      0.0,
      0.0648491340222091,
      0.04523395349100263
    ],
    [
      0.02034869109253925,
      0.02611878295630914,
      0.02132031984235423,
      0.02890574924422914,
      0.021871833432872,
      0.0803579674048647,
      0.06306405407493056,
      0.0648491340222091,
      0.0,
      0.093919715902127
    ],
    [
      0.0,
      0.04574271253356089,
      0.04223732941817712,
      0.06607152203940175,
      0.04332992377762123,
      0.10613458406050613,
      0.10778555017859458,
      0.04523395349100263,
      0.093919715902127,
      0.0
    ]
  ],
  "dendrogram": {
    "name": "",
    "leaf": false,
    "children": [
      {
        "name": "bisicles-ukesm-ismip6-1_0",
        "leaf": true,
        "spectral_index": 0,
        "value": 0.0
      },
      {
        "name": "",
        "leaf": false,
        "children": [
          {
            "name": "",
            "leaf": false,
            "children": [
              {
                "name": "tactic",
                "leaf": true,
                "spectral_index": 1,
                "value": 0.0
              },
              {
                "name": "",
                "leaf": false,
                "children": [
                  {
                    "name": "",
                    "leaf": false,
                    "children": [
                      {
                        "name": "clm4",
                        "leaf": true,
                        "spectral_index": 2,
                        "value": 0.0
                      },
                      {
                        "name": "surfex_v8_modeling_platform",
                        "leaf": true,
                        "spectral_index": 3,
                        "value": 0.0
                      }
                    ],
                    "value": 0.8090418537846931
                  },
                  {
                    "name": "",
                    "leaf": false,
                    "children": [
                      {
                        "name": "hadam3",
                        "leaf": true,
                        "spectral_index": 4,
                        "value": 0.0
                      },
                      {
                        "name": "",
                        "leaf": false,
                        "children": [
                          {
                            "name": "arpege-climat_version_6_3",
                            "leaf": true,
                            "spectral_index": 5,
                            "value": 0.0
                          },
                          {
                            "name": "reprobus-c_v2_0",
                            "leaf": true,
                            "spectral_index": 6,
                            "value": 0.0
                          }
                        ],
                        "value": 0.8325002700253399
                      }
                    ],
                    "value": 0.8533493991312993
                  }
                ],
                "value": 0.8940831231172351
              }
            ],
            "value": 0.9246700044636867
          },
          {
            "name": "",
            "leaf": false,
            "children": [
              {
                "name": "gelato",
                "leaf": true,
                "spectral_index": 7,
                "value": 0.0
              },
              {
                "name": "",
                "leaf": false,
                "children": [
                  {
                    "name": "piscesv2-gas",
                    "leaf": true,
                    "spectral_index": 8,
                    "value": 0.0
                  },
                  {
                    "name": "nemo_v3_6",
                    "leaf": true,
                    "spectral_index": 9,
                    "value": 0.0
                  }
                ],
                "value": 0.906080284097873
              }
            ],
            "value": 0.9449584562433941
          }
        ],
        "value": 0.9488114495936287
      }
    ],
    "value": 0.9734585985753509
  },
  "schema": {
    "name": "record",
    "children": [
      {
        "name": "code_base",
        "type": "scalar"
      },
      {
        "name": "component",
        "type": "scalar"
      },
      {
        "name": "description",
        "type": "scalar"
      },
      {
        "name": "family",
        "type": "scalar"
      },
      {
        "name": "name",
        "type": "scalar"
      },
      {
        "name": "references",
        "type": "scalar"
      },
      {
        "name": "ui_label",
        "type": "scalar"
      },
      {
        "name": "validation_key",
        "type": "scalar"
      }
    ]
  }
}