# Model Components

**Stage 3.** Model components are specific versioned instances of model software — an atmosphere, ocean, sea-ice, or land-surface code at a specific version — bound to horizontal and vertical grids. Each produces a component config ID used in Stage 4.

---

<link href="https://fonts.googleapis.com/css2?family=Source+Code+Pro:wght@400;600;700&display=swap" rel="stylesheet">

<style>
.emd-viz { font-family: 'Source Code Pro', monospace; width: 100%; }
.emd-section { margin-bottom: 2.5rem; }
.emd-section-label {
  font-size: 11px; font-weight: 700; color: #0d1035;
  text-transform: uppercase; letter-spacing: 0.09em;
  margin-bottom: 12px; display: block;
}
.emd-selector-row { display: flex; gap: 10px; align-items: center; flex-wrap: wrap; }
#emd-entry-select {
  flex: 1; min-width: 240px; padding: 8px 12px;
  border: 1.5px solid #ccc; border-radius: 6px;
  font-family: 'Source Code Pro', monospace; font-size: 12px;
  color: #0d1035; background: #fff; cursor: pointer;
}
#emd-entry-select:focus { outline: none; border-color: #0d1035; }
#emd-go-btn {
  padding: 8px 18px; border: 1.5px solid #0d1035; border-radius: 6px;
  background: #0d1035; color: #fff;
  font-family: 'Source Code Pro', monospace; font-size: 12px;
  font-weight: 600; cursor: pointer; transition: background .15s;
}
#emd-go-btn:hover { background: #1a2080; }
.emd-stats {
  margin-top: 10px; font-size: 11px; color: #888;
  display: flex; gap: 20px; flex-wrap: wrap;
}
.emd-stats b { color: #0d1035; }
.emd-filter-bar { display: flex; flex-wrap: wrap; gap: 6px; margin-bottom: 10px; }
.emd-fbtn {
  padding: 4px 11px; border-radius: 20px; border: 1.5px solid #ccc;
  background: #fff; cursor: pointer; font-family: 'Source Code Pro', monospace;
  font-size: 11px; color: #555; transition: all .15s;
}
.emd-fbtn:hover  { border-color: #0d1035; color: #0d1035; }
.emd-fbtn.active { background: #0d1035; border-color: #0d1035; color: #fff; font-weight: 600; }
.emd-tip {
  position: fixed; background: #0d1035; color: #fff;
  padding: 10px 14px; border-radius: 8px; font-size: 12px;
  font-family: 'Source Code Pro', monospace; pointer-events: none;
  opacity: 0; transition: opacity .12s; line-height: 1.9;
  box-shadow: 0 6px 24px rgba(0,0,0,.25); max-width: 280px; z-index: 999;
}
.emd-tip-link { color: #e8607e; font-weight: 600; }
.emd-tip-text { color: #f5c842; font-weight: 600; }
.emd-tip-head { font-weight: 700; font-size: 13px;
  border-bottom: 1px solid rgba(255,255,255,.2); padding-bottom: 5px; margin-bottom: 5px; }
/* ── accessible font toggle ── */
.emd-font-btn {
  padding: 5px 12px; border-radius: 20px; border: 1.5px solid #ccc;
  background: #fff; font-size: 11px; cursor: pointer;
  font-family: 'Source Code Pro', monospace; color: #888;
  transition: all .2s; white-space: nowrap;
}
.emd-font-btn:hover { border-color: #2065a0; color: #1a4a80; }
.emd-font-btn.active { background: #e8f0ff; border-color: #2065a0;
  color: #1a4a80; font-family: inherit; font-weight: 600; }
/* Accessible mode: also switch the UI controls (the SVGs are already on the
   accessible/sans-serif font by default via the JS `FONT` constant). */
.emd-viz.accessible { font-family: inherit; }
.emd-viz.accessible #emd-entry-select,
.emd-viz.accessible .emd-stats,
.emd-viz.accessible .emd-stats-grid,
.emd-viz.accessible .emd-stat-label,
.emd-viz.accessible .emd-stat-value,
.emd-viz.accessible .emd-section-label,
.emd-viz.accessible .emd-fbtn,
.emd-viz.accessible #emd-go-btn { font-family: inherit !important; }
/* ── stats grid ── */
.emd-stats-grid {
  display: grid;
  grid-template-columns: repeat(auto-fit, minmax(150px, 1fr));
  gap: 12px;
  margin: 10px 0 18px;
  padding: 14px 16px;
  background: #f7f8fa;
  border-left: 3px solid #0d1035;
  border-radius: 4px;
}
.emd-stat-item { display: flex; flex-direction: column; gap: 3px; }
.emd-stat-label {
  font-family: 'Source Code Pro', monospace;
  color: #888; font-size: 10px;
  text-transform: uppercase; letter-spacing: 0.06em;
}
.emd-stat-value {
  font-family: 'Source Code Pro', monospace;
  color: #0d1035; font-weight: 600; font-size: 13px;
}
</style>

<div class="emd-viz">

<!-- Status / stats box pinned to the top of the page -->
<div class="emd-stats-grid">
  <div class="emd-stat-item">
    <span class="emd-stat-label">Total Records</span>
    <span class="emd-stat-value">45</span>
  </div>
  <div class="emd-stat-item">
    <span class="emd-stat-label">Endpoint</span>
    <span class="emd-stat-value">model_component</span>
  </div>
  <div class="emd-stat-item">
    <span class="emd-stat-label">Raw Data</span>
    <span class="emd-stat-value">47.9 KB</span>
  </div>
  <div class="emd-stat-item">
    <span class="emd-stat-label">Processed Data</span>
    <span class="emd-stat-value">112.0 KB</span>
  </div>
  <div class="emd-stat-item">
    <span class="emd-stat-label">Last Updated</span>
    <span class="emd-stat-value">2026-06-24 12:15 UTC</span>
  </div>
</div>

<div class="emd-section">
<span class="emd-section-label">View a specific Model Component</span>
<div class="emd-selector-row">
  <select id="emd-entry-select">
    <option value="">Select an entry…</option>
    <option value="../view_model_components/?id=metum-ga9">metum-ga9</option>
    <option value="../view_model_components/?id=metum-ga9a">metum-ga9a</option>
    <option value="../view_model_components/?id=ifs-cy36r4-l91">ifs-cy36r4-l91</option>
    <option value="../view_model_components/?id=arpege-climat_version_6_3">arpege-climat_version_6_3</option>
    <option value="../view_model_components/?id=um7-3">um7-3</option>
    <option value="../view_model_components/?id=gamil3">gamil3</option>
    <option value="../view_model_components/?id=reprobus-c_v2_0">reprobus-c_v2_0</option>
    <option value="../view_model_components/?id=tactic">tactic</option>
    <option value="../view_model_components/?id=classic">classic</option>
    <option value="../view_model_components/?id=ukca">ukca</option>
    <option value="../view_model_components/?id=gelato">gelato</option>
    <option value="../view_model_components/?id=glomap-mode">glomap-mode</option>
    <option value="../view_model_components/?id=hadam3">hadam3</option>
    <option value="../view_model_components/?id=jules-gl9">jules-gl9</option>
    <option value="../view_model_components/?id=iap-agcm5-0">iap-agcm5-0</option>
    <option value="../view_model_components/?id=lpj-guess-4-1">lpj-guess-4-1</option>
    <option value="../view_model_components/?id=nemo_v3_6">nemo_v3_6</option>
    <option value="../view_model_components/?id=jules-v5-3">jules-v5-3</option>
    <option value="../view_model_components/?id=co2box-v1-0">co2box-v1-0</option>
    <option value="../view_model_components/?id=bisicles-ukesm-ismip6-1_0">bisicles-ukesm-ismip6-1_0</option>
    <option value="../view_model_components/?id=openifs-48r1">openifs-48r1</option>
    <option value="../view_model_components/?id=clm4">clm4</option>
    <option value="../view_model_components/?id=lim2">lim2</option>
    <option value="../view_model_components/?id=icon-o-1-1">icon-o-1-1</option>
    <option value="../view_model_components/?id=cice5">cice5</option>
    <option value="../view_model_components/?id=canam5-1">canam5-1</option>
    <option value="../view_model_components/?id=wombatlite">wombatlite</option>
    <option value="../view_model_components/?id=canam6">canam6</option>
    <option value="../view_model_components/?id=si3-gosi9">si3-gosi9</option>
    <option value="../view_model_components/?id=mom5">mom5</option>
    <option value="../view_model_components/?id=nemo-gosi9">nemo-gosi9</option>
    <option value="../view_model_components/?id=fesim-2-7">fesim-2-7</option>
    <option value="../view_model_components/?id=colm2024">colm2024</option>
    <option value="../view_model_components/?id=cable3">cable3</option>
    <option value="../view_model_components/?id=fesom-2-7">fesom-2-7</option>
    <option value="../view_model_components/?id=canam5-1-aerosol">canam5-1-aerosol</option>
    <option value="../view_model_components/?id=canam6-aerosol">canam6-aerosol</option>
    <option value="../view_model_components/?id=si3-cannemo">si3-cannemo</option>
    <option value="../view_model_components/?id=classicv1-5">classicv1-5</option>
    <option value="../view_model_components/?id=class-ctem-v3-6-2">class-ctem-v3-6-2</option>
    <option value="../view_model_components/?id=cmoc">cmoc</option>
    <option value="../view_model_components/?id=cannemo5-1">cannemo5-1</option>
    <option value="../view_model_components/?id=cannemo6-0">cannemo6-0</option>
    <option value="../view_model_components/?id=piscesv2-gas">piscesv2-gas</option>
    <option value="../view_model_components/?id=surfex_v8_modeling_platform">surfex_v8_modeling_platform</option>
  </select>
  <button id="emd-go-btn" onclick="emdGotoEntry()">Open →</button>
  <button class="emd-font-btn" id="emd-font-toggle" onclick="emdToggleFont()" title="Switch to the page's default font for improved readability">Accessible font</button>
</div>
</div>

<div class="emd-section">
<span class="emd-section-label">Similarity &amp; Hierarchical Clustering</span>
<div class="emd-filter-bar" id="emd-filter-bar"></div>
<div id="emd-combined-chart" style="overflow-x:auto; display:flex; justify-content:center;"></div>
<div class="emd-tip" id="emd-tip"></div>
</div>

<div class="emd-section">
<span class="emd-section-label">Record Key Schema</span>
<div id="emd-key-graph"></div>
</div>

</div>

<script src="https://d3js.org/d3.v7.min.js"></script>
<script>
(function () {
'use strict';

/* ── injected data ─────────────────────────────────────────────────────── */
var EMD_DATA    = {"ids":["metum-ga9","metum-ga9a","ifs-cy36r4-l91","arpege-climat_version_6_3","um7-3","gamil3","reprobus-c_v2_0","tactic","classic","ukca","gelato","glomap-mode","hadam3","jules-gl9","iap-agcm5-0","lpj-guess-4-1","nemo_v3_6","jules-v5-3","co2box-v1-0","bisicles-ukesm-ismip6-1_0","openifs-48r1","clm4","lim2","icon-o-1-1","cice5","canam5-1","wombatlite","canam6","si3-gosi9","mom5","nemo-gosi9","fesim-2-7","colm2024","cable3","fesom-2-7","canam5-1-aerosol","canam6-aerosol","si3-cannemo","classicv1-5","class-ctem-v3-6-2","cmoc","cannemo5-1","cannemo6-0","piscesv2-gas","surfex_v8_modeling_platform"],"link":[[0.0,0.6733456630515454,0.33951495285266636,0.28684582743988685,0.38111377071773117,0.3365519171564511,0.22448474439280663,0.1893917963224894,0.22361111111111112,0.24502593116454505,0.16864686468646867,0.22282958199356914,0.1736916548797737,0.23287056136885487,0.17223963775687914,0.1699230313795145,0.17227722772277226,0.1712871287128713,0.07602817974105103,0.017114568599717116,0.18190396559961775,0.0025459688826025458,0.0049504950495049506,0.00805047867711053,0.006790123456790124,0.2270993766043271,0.012541254125412541,0.2214888155482215,0.018848551521818847,0.02871428416969214,0.04265944645006017,0.08861848102597743,0.003860306889527692,0.00796011113126665,0.0906916650067335,0.10101072607260726,0.10414898632720415,0.0006600660066006601,0.00729594163246694,0.01409435061153174,0.007192766132346897,0.0049504950495049506,0.00045787545787545793,0.004791177704897648,0.007255545020750112],[0.6733456630515454,0.0,0.3651962887200027,0.29106625468056635,0.38173752891763807,0.3440855095922742,0.2293915848126192,0.19270024160867097,0.23298688318397232,0.24842416920949364,0.17271891574499218,0.22962877021616704,0.17399626517273575,0.23198178469555064,0.17774258762527517,0.17729791922262303,0.17654711369083717,0.17729600431237788,0.07562584025591909,0.021271670180099532,0.17967421542051754,0.006752529190370306,0.009540013026974823,0.012117215328434407,0.014369352170039457,0.2275402600902904,0.012807986883183973,0.22571816813781642,0.022093636996608493,0.029662758574220068,0.0493812186959549,0.09356995298652017,0.013584882055557685,0.021400784018677916,0.09456876347146083,0.11760354198953349,0.10758564594222568,0.005699301484625924,0.01656003246819386,0.020517485344653325,0.01673721721518129,0.008967275340835074,0.007445589919816724,0.007219382598400185,0.007734365223752732],[0.33951495285266636,0.3651962887200027,0.0,0.2909510043176272,0.34191633815155503,0.3431112571178274,0.21011617367051946,0.19127951942932234,0.22485676741130092,0.2452450409861711,0.14818772292096866,0.22530442400350417,0.14327951942932232,0.1767568988173456,0.20896367561479257,0.1760065703022339,0.14814079219072648,0.17415462111257118,0.07442375320693323,0.03770809085789374,0.3480219205566583,0.005518302984794443,0.006492772667542707,0.02036862524247544,0.008628120893561103,0.1740354796320631,0.008035479632063075,0.17360709592641263,0.006109505037231712,0.0028664038545773104,0.008025843188786684,0.05821093798886177,0.01040604109262423,0.005339903635567235,0.05910625117326825,0.05819973718791064,0.05765221200175208,0.006054752518615856,0.009130530004380202,0.007597459483136224,0.008528252299605783,0.0066570302233902754,0.020069019460609475,0.026236030285964582,0.0031856579688379952],[0.28684582743988685,0.29106625468056635,0.2909510043176272,0.0,0.3170762824899384,0.409689736515933,0.3967976467976468,0.36008454106280197,0.3025297619047619,0.2820702758090684,0.3094618055555556,0.27303963594368064,0.17471264367816094,0.1720557228792872,0.2859927428892946,0.23017596594300344,0.3107638888888889,0.23458967932652142,0.06615205044281863,0.17468660968660968,0.1524064130358553,0.09026624853962983,0.07308970099667775,0.1282896100128476,0.07537647537647538,0.2190703670003033,0.07583665499497162,0.18465608465608468,0.07477678571428571,0.001626457034426674,0.07377580301768027,0.024284197100272114,0.004976702261760439,0.0009929254064788382,0.0183688939325798,0.08167242409666652,0.08130511463844796,0.078125,0.037277701778385776,0.03931649529133806,0.03703486235339914,0.07369614512471655,0.02221216283716284,0.010478670634920634,0.01494853055611138],[0.38111377071773117,0.38173752891763807,0.34191633815155503,0.3170762824899384,0.0,0.37033099931443014,0.23869697265932435,0.24635153891060363,0.2596473623853211,0.3087009050595963,0.19875356166660868,0.25520762657698853,0.28761061946902655,0.19365200079141318,0.22671211482109932,0.203513288901201,0.175260093482875,0.20130375361965847,0.08086336345043822,0.045963766687157126,0.18003991376918316,0.029056820422412696,0.04027631187247977,0.03755559281704873,0.037871408615547254,0.3078634176746723,0.04179613048727424,0.3039931260317718,0.032424697572460824,0.00991937993835527,0.04020799523068261,0.07034958144718724,0.007429602698989783,0.03796698523023458,0.060772491356172124,0.19396362750669804,0.18990758030905797,0.03131850288219534,0.0407070871873392,0.03695772780168331,0.07354872038522307,0.059184073889359264,0.05018801257739311,0.00384785182509582,0.006122876442821984],[0.3365519171564511,0.3440855095922742,0.3431112571178274,0.409689736515933,0.37033099931443014,0.0,0.31290375092102335,0.2939366678661389,0.5317496968000747,0.4956204270121147,0.25047978889288713,0.32457526343911075,0.14705529566990524,0.18996033049805913,0.3267244230720301,0.26194263997525297,0.2501199472232218,0.2550856570477411,0.24165970746456467,0.13465275278877295,0.18137891044659307,0.0777627074856294,0.11279037223621606,0.3066634014367012,0.25941355034554026,0.2578050657710607,0.11060840922301879,0.2109960506266132,0.08375314861460957,0.1982227819759306,0.11270748562939997,0.05245636083468574,0.010486463601753988,0.06605176075467971,0.02775822549497356,0.0945107856246955,0.09493060090597173,0.08333333333333333,0.04712426532325777,0.0438110934892351,0.04758943102072125,0.08473271760425412,0.023589900164207468,0.0028673098122540368,0.0022903531913413717],[0.22448474439280663,0.2293915848126192,0.21011617367051946,0.3967976467976468,0.23869697265932435,0.31290375092102335,0.0,0.36257763975155277,0.2768565759637188,0.3613269575612672,0.35590920517391106,0.24075001467840476,0.08407224958949096,0.16738186593824353,0.20403809381641894,0.2418626919154437,0.3535782028429087,0.23595894498150136,0.15254556763990726,0.1938125763125763,0.07090685669157847,0.1167166167166167,0.0769656699889258,0.11923411662315056,0.07520010853344186,0.13507950951081069,0.13734743165032315,0.10316452506928697,0.07342657342657342,0.0021686093792355654,0.09601664881448276,0.0420726916427311,0.011770332635905925,0.00960043443963163,0.03622603678972265,0.05686216941628197,0.05964978584026203,0.07242757242757243,0.04564383893092121,0.04881463416953084,0.09773090402530835,0.07936507936507937,0.01998001998001998,0.08721724898195486,0.0170812093889017],[0.1893917963224894,0.19270024160867097,0.19127951942932234,0.36008454106280197,0.24635153891060363,0.2939366678661389,0.36257763975155277,0.0,0.3993055555555555,0.2436598070190419,0.34778295376121465,0.36365834199647024,0.0877415458937198,0.1600915778093401,0.18552147086629844,0.2195675690113383,0.32306763285024154,0.22580908793723437,0.026209171117175332,0.15247584541062803,0.05271697204206649,0.09271646228167967,0.09792754311026737,0.12109909237846575,0.0961373723278485,0.1408249924173491,0.07640922871383793,0.11203320297523196,0.0926131322094055,0.0027107617240444562,0.07738591132092935,0.04517289856836536,0.005035606379863289,0.026483121484910204,0.019080511082553115,0.20508840205809903,0.2074955908289242,0.0926131322094055,0.03747312878639828,0.04133805863365612,0.038091758601417454,0.09693877551020409,0.0403881832453261,0.005851736829997699,0.006420975902581254],[0.22361111111111112,0.23298688318397232,0.22485676741130092,0.3025297619047619,0.2596473623853211,0.5317496968000747,0.2768565759637188,0.3993055555555555,0.0,0.45129794973544973,0.2753684807256236,0.4521120837756478,0.04558531746031746,0.210695893994603,0.19624695228143504,0.25912249540369575,0.25545634920634924,0.27597161306042883,0.1953569556753519,0.11235119047619048,0.06279712990829082,0.07673229548229547,0.11061507936507936,0.30586983850691424,0.31349432460543575,0.1649884259259259,0.09733351139601139,0.1193342151675485,0.10714285714285714,0.1730324074074074,0.09472934472934473,0.053983150203858576,0.027670740930010373,0.028877580571759546,0.02568267547421806,0.22373328189300412,0.22637878453850677,0.10830026455026455,0.15753119429590018,0.10315866315662066,0.07441513695795103,0.10462962962962963,0.040844745532245534,0.0013818027210884354,0.0028294355217432137],[0.24502593116454505,0.24842416920949364,0.2452450409861711,0.2820702758090684,0.3087009050595963,0.4956204270121147,0.3613269575612672,0.2436598070190419,0.45129794973544973,0.0,0.2160789001793186,0.3200313887612923,0.0737767910511485,0.20337846272703078,0.16640418968005175,0.2647674730045955,0.2160789001793186,0.3017300923158664,0.3450238151627589,0.08598682150684542,0.085115757045385,0.11934007912788545,0.08471341320178531,0.25786553524804173,0.3013888888888889,0.24340309372156507,0.17677259280465693,0.1830777612971941,0.14236401673640167,0.17178448440308022,0.1286101083032491,0.04049712148194213,0.014059969793061226,0.01025333388495856,0.032197453132533534,0.1145071141914576,0.11837889476778364,0.14653068340306832,0.08957980479013311,0.09250527009708785,0.14570561597551596,0.15112433862433863,0.04218724093201081,0.06594464843119953,0.010636672782058777],[0.16864686468646867,0.17271891574499218,0.14818772292096866,0.3094618055555556,0.19875356166660868,0.25047978889288713,0.35590920517391106,0.34778295376121465,0.2753684807256236,0.2160789001793186,0.0,0.2530480060760746,0.06130268199233716,0.1824384004974597,0.11934617107030901,0.22231199668798998,0.37896825396825395,0.24423558897243108,0.006556421650761273,0.14102564102564102,0.009682366895660101,0.09146528930701592,0.2159468438538206,0.11998010692527664,0.21682268348935013,0.09614801334546556,0.07326007326007325,0.06289241622574956,0.2165532879818594,0.0005421523448088914,0.09732746194840057,0.1909508637669388,0.027970288082571387,0.001212683161883346,0.042000513454610276,0.08106523907389708,0.08068153187200806,0.2165532879818594,0.03708227477037327,0.03999034973877741,0.03562566735604138,0.07312925170068027,0.024515167372310232,0.010526315789473684,0.0036231884057971015],[0.22282958199356914,0.22962877021616704,0.22530442400350417,0.27303963594368064,0.25520762657698853,0.32457526343911075,0.24075001467840476,0.36365834199647024,0.4521120837756478,0.3200313887612923,0.2530480060760746,0.0,0.0444648598989435,0.20700813178619693,0.1938294010889292,0.2636564768938332,0.21896380823441236,0.31274327297343035,0.04344545725058981,0.08477383168532263,0.0642531642867815,0.12174053170837737,0.10630245959827954,0.11048613106466616,0.13177090399312621,0.19321957517295138,0.1489168209425444,0.11235031029600517,0.14598262134435766,0.00828952517055411,0.12930442190892352,0.06738908922531049,0.038536511879940234,0.003620040544454098,0.03313660728788781,0.25413755574080693,0.24386922011073495,0.14491080998315725,0.09892763130622229,0.08810960553704811,0.09942716196997604,0.12565648445873526,0.03540725084133444,0.00022967386311437759,0.0011483693155718878],[0.1736916548797737,0.17399626517273575,0.14327951942932232,0.17471264367816094,0.28761061946902655,0.14705529566990524,0.08407224958949096,0.0877415458937198,0.04558531746031746,0.0737767910511485,0.06130268199233716,0.0444648598989435,0.0,0.0021940516821062897,0.1620577698163905,0.0008880994671403196,0.0011494252873563218,0.0047619047619047615,0.06418015482054891,0.18867521367521367,0.1432564330079858,0.17701149425287355,0.006644518272425249,0.0005594927265945542,0.0021164021164021165,0.23342432514407038,0.0025765817348983684,0.23523809523809522,0.0019704433497536944,0.0027107617240444562,0.0020629190304280558,0.029395208347635066,0.0006799483239273814,0.029688469653717266,0.029283045721401887,0.1329004329004329,0.13015873015873017,0.0009852216748768472,0.0017588430721125659,0.008086253369272238,0.00035229874933943986,0.023809523809523808,0.02139338494018297,0.005747126436781609,0.005747126436781609],[0.23287056136885487,0.23198178469555064,0.1767568988173456,0.1720557228792872,0.19365200079141318,0.18996033049805913,0.16738186593824353,0.1600915778093401,0.210695893994603,0.20337846272703078,0.1824384004974597,0.20700813178619693,0.0021940516821062897,0.0,0.025987952993200367,0.35753565268875337,0.15862887668793588,0.6197445219369837,0.012128524556184447,0.07806725598682862,0.017951769083548556,0.16834312000508764,0.024141193055349456,0.02442577666780187,0.04577071032385042,0.03304149972795172,0.030608522530543598,0.03030246821981501,0.04592429088830632,0.007731735668002175,0.035084953257159816,0.03218909526495762,0.2288089906490941,0.17517612284214104,0.03836383489450792,0.033431023396151754,0.034853093930850274,0.026215561161398823,0.2375895803674903,0.2343813011181621,0.03950436927035866,0.030766186872434088,0.030175718454765788,0.003791893667988044,0.1732753199217066],[0.17223963775687914,0.17774258762527517,0.20896367561479257,0.2859927428892946,0.22671211482109932,0.3267244230720301,0.20403809381641894,0.18552147086629844,0.19624695228143504,0.16640418968005175,0.11934617107030901,0.1938294010889292,0.1620577698163905,0.025987952993200367,0.0,0.12793932425604856,0.11979399910434393,0.0945434380098627,0.10975955296059395,0.14628302731751006,0.2019568241161697,0.07594704146428284,0.11201671891327063,0.17061418785556715,0.10123784261715296,0.2793538836642285,0.12580881761916243,0.23192896396919385,0.0984848484848485,0.00557297109021247,0.10723950379122793,0.032896676210128456,0.008958033150371886,0.04496254903509465,0.026723028807602956,0.11944202562018653,0.11682969542164945,0.10334813653779172,0.10220088819226751,0.07124786289762625,0.051917643871666856,0.11024904214559388,0.045308857808857815,0.0045955686349775015,0.004177961737643435],[0.1699230313795145,0.17729791922262303,0.1760065703022339,0.23017596594300344,0.203513288901201,0.26194263997525297,0.2418626919154437,0.2195675690113383,0.25912249540369575,0.2647674730045955,0.22231199668798998,0.2636564768938332,0.0008880994671403196,0.35753565268875337,0.12793932425604856,0.0,0.2181719841344035,0.4275108285812222,0.012949522224296848,0.1673459106617936,0.015281601957980265,0.2206683192473601,0.10902082260874446,0.10083824125144121,0.14370891591140258,0.09223653049141504,0.09344400419000774,0.0440979760103502,0.11358507537459579,0.004431099457742441,0.0953682197021451,0.03509813343886329,0.17597382653488594,0.17810599478714162,0.03325843304997563,0.04705830756748459,0.04691029098962787,0.10046852939836955,0.21945677915926587,0.21224480845558405,0.051498804903186195,0.09031231497927768,0.024771557631237912,0.0036631585730799126,0.14446367950945077],[0.17227722772277226,0.17654711369083717,0.14814079219072648,0.3107638888888889,0.175260093482875,0.2501199472232218,0.3535782028429087,0.32306763285024154,0.25545634920634924,0.2160789001793186,0.37896825396825395,0.21896380823441236,0.0011494252873563218,0.15862887668793588,0.11979399910434393,0.2181719841344035,0.0,0.21804511278195488,0.010417425511765135,0.1388888888888889,0.00950490460639657,0.1492523929574289,0.10714285714285714,0.2632102449334825,0.07431827431827431,0.07233848953594177,0.1319420630900734,0.041940035273368606,0.075,0.14480415822242873,0.3641845519101837,0.053850160919725894,0.0045007384350112725,0.001212683161883346,0.21783518107009983,0.037241097847158455,0.03646384479717813,0.07834101382488479,0.03590971272229822,0.03594722305414129,0.06963927279821824,0.21485260770975056,0.17205375269891396,0.04845446950710108,0.0036231884057971015],[0.1712871287128713,0.17729600431237788,0.17415462111257118,0.23458967932652142,0.20130375361965847,0.2550856570477411,0.23595894498150136,0.22580908793723437,0.27597161306042883,0.3017300923158664,0.24423558897243108,0.31274327297343035,0.0047619047619047615,0.6197445219369837,0.0945434380098627,0.4275108285812222,0.21804511278195488,0.0,0.01571079165418788,0.1493734335839599,0.012441570083882946,0.25830280830280833,0.08471341320178531,0.10525628693142779,0.10826210826210825,0.12126680820948336,0.11117962420567633,0.06872427983539094,0.12268518518518517,0.0031625553447185324,0.12754173223487303,0.06096502031855511,0.2233929294588709,0.1685490877497828,0.048967897300237984,0.06541849471142401,0.06455761316872428,0.11944444444444445,0.2666970170732141,0.2727630022425928,0.059873752365874576,0.14126984126984127,0.03355995855995856,0.007482993197278911,0.17301587301587304],[0.07602817974105103,0.07562584025591909,0.07442375320693323,0.06615205044281863,0.08086336345043822,0.24165970746456467,0.15254556763990726,0.026209171117175332,0.1953569556753519,0.3450238151627589,0.006556421650761273,0.04344545725058981,0.06418015482054891,0.012128524556184447,0.10975955296059395,0.012949522224296848,0.010417425511765135,0.01571079165418788,0.0,0.011329640709694616,0.07449591968865836,0.021831129628449724,0.008424747696358051,0.1704640622690773,0.17104588865595152,0.09271249587918257,0.0765772335326538,0.0832734351602276,0.011473737888832228,0.17026093591558486,0.005920350566491837,0.0046822188750560295,0.02439416393045958,0.010621300359124244,0.0032093675631495763,0.04235204594338385,0.04431840870520115,0.006969233384327724,0.045896835471726426,0.01579814315663372,0.07977295564248545,0.00868523510032944,0.01716751716751717,0.06913712853562477,0.014514630138137067],[0.017114568599717116,0.021271670180099532,0.03770809085789374,0.17468660968660968,0.045963766687157126,0.13465275278877295,0.1938125763125763,0.15247584541062803,0.11235119047619048,0.08598682150684542,0.14102564102564102,0.08477383168532263,0.18867521367521367,0.07806725598682862,0.14628302731751006,0.1673459106617936,0.1388888888888889,0.1493734335839599,0.011329640709694616,0.0,0.04191395518314901,0.3429487179487179,0.09973069566092821,0.1315118736789755,0.07467100800434133,0.08723081589323627,0.07726808929213738,0.05780084113417446,0.09294871794871795,0.0027107617240444562,0.07583872204810833,0.06013577944392558,0.06435543140649459,0.06185353376798156,0.03720230037978698,0.03802818954334105,0.0396384479717813,0.08928571428571429,0.09758321933424532,0.1001880137100263,0.036330264854720254,0.07936507936507937,0.021811521811521815,0.06512617012617013,0.07790927021696252],[0.18190396559961775,0.17967421542051754,0.3480219205566583,0.1524064130358553,0.18003991376918316,0.18137891044659307,0.07090685669157847,0.05271697204206649,0.06279712990829082,0.085115757045385,0.009682366895660101,0.0642531642867815,0.1432564330079858,0.017951769083548556,0.2019568241161697,0.015281601957980265,0.00950490460639657,0.012441570083882946,0.07449591968865836,0.04191395518314901,0.0,0.011243852090365505,0.0123864307414285,0.03921210658518473,0.06733812156268454,0.2642047839604989,0.05147246672347524,0.263742324959268,0.06442967859373058,0.05730564331423565,0.051679506060949364,0.12031920343215728,0.0755743117949856,0.06382851899645312,0.11798663137748751,0.1472826976300755,0.14769677630502373,0.0961406017658819,0.0995117500160082,0.09754149680191815,0.09940485083918522,0.09676171977830426,0.09770353532119556,0.07036639846436109,0.0312956533064657],[0.0025459688826025458,0.006752529190370306,0.005518302984794443,0.09026624853962983,0.029056820422412696,0.0777627074856294,0.1167166167166167,0.09271646228167967,0.07673229548229547,0.11934007912788545,0.09146528930701592,0.12174053170837737,0.17701149425287355,0.16834312000508764,0.07594704146428284,0.2206683192473601,0.1492523929574289,0.25830280830280833,0.021831129628449724,0.3429487179487179,0.011243852090365505,0.0,0.12030605053860867,0.07785556480073451,0.07956857956857956,0.13935395814376705,0.13713507601283154,0.08529100529100529,0.1066546762589928,0.006383198440666589,0.15447759220322396,0.042565993240160076,0.18320815667122534,0.17291795953828967,0.028660822713405032,0.08070896555745041,0.08231922398589066,0.10205549845837615,0.237999734777632,0.22687597750490832,0.08685849551036563,0.12891156462585032,0.05043568969571025,0.00851699592706787,0.1858513189448441],[0.0049504950495049506,0.009540013026974823,0.006492772667542707,0.07308970099667775,0.04027631187247977,0.11279037223621606,0.0769656699889258,0.09792754311026737,0.11061507936507936,0.08471341320178531,0.2159468438538206,0.10630245959827954,0.006644518272425249,0.024141193055349456,0.11201671891327063,0.10902082260874446,0.10714285714285714,0.08471341320178531,0.008424747696358051,0.09973069566092821,0.0123864307414285,0.12030605053860867,0.0,0.08550913838120104,0.29020763187429854,0.08662259538055717,0.12421003623408432,0.04643985070341659,0.3197282906585232,0.04652595805347229,0.13619680560113773,0.1954787681531046,0.00563689219646592,0.001882421083116131,0.022053041260903083,0.07436558951710466,0.07211199294532628,0.3195031712473573,0.04762596899224806,0.04773184036749928,0.04588147539236729,0.09052736669015739,0.02705950380368985,0.027184517217739807,0.0047212775298642925],[0.00805047867711053,0.012117215328434407,0.02036862524247544,0.1282896100128476,0.03755559281704873,0.3066634014367012,0.11923411662315056,0.12109909237846575,0.30586983850691424,0.25786553524804173,0.11998010692527664,0.11048613106466616,0.0005594927265945542,0.02442577666780187,0.17061418785556715,0.10083824125144121,0.2632102449334825,0.10525628693142779,0.1704640622690773,0.1315118736789755,0.03921210658518473,0.07785556480073451,0.08550913838120104,0.0,0.2883234743341838,0.1357775750521669,0.1569938549711427,0.07344855035006415,0.12267411683286672,0.3684754351651706,0.29724146636757914,0.06305619345403209,0.040631795046524026,0.03649175328595006,0.2239227090831244,0.08625860256938529,0.07627709691229217,0.11410655677540449,0.08213854110960815,0.07192548681655675,0.13645877861400038,0.31649994232805895,0.23719899958064103,0.06529708468159774,0.017641325129159578],[0.006790123456790124,0.014369352170039457,0.008628120893561103,0.07537647537647538,0.037871408615547254,0.25941355034554026,0.07520010853344186,0.0961373723278485,0.31349432460543575,0.3013888888888889,0.21682268348935013,0.13177090399312621,0.0021164021164021165,0.04577071032385042,0.10123784261715296,0.14370891591140258,0.07431827431827431,0.10826210826210825,0.17104588865595152,0.07467100800434133,0.06733812156268454,0.07956857956857956,0.29020763187429854,0.2883234743341838,0.0,0.16445473251028808,0.1175213675213675,0.12273662551440329,0.2955246913580247,0.2654027042915932,0.12225387780943336,0.2577755321253922,0.08641131661897287,0.09462118760043838,0.08546889382208024,0.13227145796590242,0.13396531452087004,0.3215301159745604,0.11828937523381967,0.10476276930525297,0.1381535014943701,0.1574074074074074,0.08973567584678695,0.040463592844545225,0.024566648925623286],[0.2270993766043271,0.2275402600902904,0.1740354796320631,0.2190703670003033,0.3078634176746723,0.2578050657710607,0.13507950951081069,0.1408249924173491,0.1649884259259259,0.24340309372156507,0.09614801334546556,0.19321957517295138,0.23342432514407038,0.03304149972795172,0.2793538836642285,0.09223653049141504,0.07233848953594177,0.12126680820948336,0.09271249587918257,0.08723081589323627,0.2642047839604989,0.13935395814376705,0.08662259538055717,0.1357775750521669,0.16445473251028808,0.0,0.1477067382628505,0.6903636208749443,0.17585470085470087,0.058516760692491565,0.16761162022894874,0.15780367419539765,0.11462184836911543,0.14044585401051407,0.14852419082913426,0.5465335115724358,0.5296747510831021,0.28891542816702054,0.2529943266947371,0.26592695897262736,0.27489103022737765,0.41494414113840866,0.30724280143069954,0.04375720564234187,0.02507884180533642],[0.012541254125412541,0.012807986883183973,0.008035479632063075,0.07583665499497162,0.04179613048727424,0.11060840922301879,0.13734743165032315,0.07640922871383793,0.09733351139601139,0.17677259280465693,0.07326007326007325,0.1489168209425444,0.0025765817348983684,0.030608522530543598,0.12580881761916243,0.09344400419000774,0.1319420630900734,0.11117962420567633,0.0765772335326538,0.07726808929213738,0.05147246672347524,0.13713507601283154,0.12421003623408432,0.1569938549711427,0.1175213675213675,0.1477067382628505,0.0,0.08830037409418394,0.24586031036431835,0.10490161194178176,0.3596754428884393,0.07124634380422039,0.060089727296690106,0.02795653006228924,0.09668639943208139,0.09325678898157187,0.09091877962953447,0.13619204220406625,0.09125597764448652,0.08590875958945432,0.25640264501752374,0.17754458856663266,0.10251060451461252,0.16949866118792206,0.030299666388169926],[0.2214888155482215,0.22571816813781642,0.17360709592641263,0.18465608465608468,0.3039931260317718,0.2109960506266132,0.10316452506928697,0.11203320297523196,0.1193342151675485,0.1830777612971941,0.06289241622574956,0.11235031029600517,0.23523809523809522,0.03030246821981501,0.23192896396919385,0.0440979760103502,0.041940035273368606,0.06872427983539094,0.0832734351602276,0.05780084113417446,0.263742324959268,0.08529100529100529,0.04643985070341659,0.07344855035006415,0.12273662551440329,0.6903636208749443,0.08830037409418394,0.0,0.10748021525799302,0.05319814579133397,0.09892485283580349,0.15956362853753814,0.11294536914215515,0.1437702579105044,0.1491416991893466,0.5801467962452812,0.6032186948853615,0.22245884773662553,0.2996584811592791,0.34218803524204927,0.3530324422929574,0.34317313345091116,0.34879259629259624,0.06437508336668,0.032312062610335764],[0.018848551521818847,0.022093636996608493,0.006109505037231712,0.07477678571428571,0.032424697572460824,0.08375314861460957,0.07342657342657342,0.0926131322094055,0.10714285714285714,0.14236401673640167,0.2165532879818594,0.14598262134435766,0.0019704433497536944,0.04592429088830632,0.0984848484848485,0.11358507537459579,0.075,0.12268518518518517,0.011473737888832228,0.09294871794871795,0.06442967859373058,0.1066546762589928,0.3197282906585232,0.12267411683286672,0.2955246913580247,0.17585470085470087,0.24586031036431835,0.10748021525799302,0.0,0.02619313930541538,0.29583333333333334,0.23278928870923668,0.030249439602999275,0.023724063835138087,0.05803389979089801,0.12727620303377876,0.12775064441731107,0.5725718725718726,0.10593336022542588,0.10366159579996058,0.10311680677484213,0.17764041514041515,0.08653846153846152,0.0531609134882023,0.05484454798494796],[0.02871428416969214,0.029662758574220068,0.0028664038545773104,0.001626457034426674,0.00991937993835527,0.1982227819759306,0.0021686093792355654,0.0027107617240444562,0.1730324074074074,0.17178448440308022,0.0005421523448088914,0.00828952517055411,0.0027107617240444562,0.007731735668002175,0.00557297109021247,0.004431099457742441,0.14480415822242873,0.0031625553447185324,0.17026093591558486,0.0027107617240444562,0.05730564331423565,0.006383198440666589,0.04652595805347229,0.3684754351651706,0.2654027042915932,0.058516760692491565,0.10490161194178176,0.05319814579133397,0.02619313930541538,0.0,0.2215139274553091,0.06445031725820786,0.06805491045296076,0.15003791117236184,0.23189628315510347,0.05699321220499621,0.05699321220499621,0.05124288339963895,0.059058796294762815,0.05477942346369324,0.09446079327372563,0.221388360945496,0.21998378126767157,0.10273874448631283,0.047596935966566535],[0.04265944645006017,0.0493812186959549,0.008025843188786684,0.07377580301768027,0.04020799523068261,0.11270748562939997,0.09601664881448276,0.07738591132092935,0.09472934472934473,0.1286101083032491,0.09732746194840057,0.12930442190892352,0.0020629190304280558,0.035084953257159816,0.10723950379122793,0.0953682197021451,0.3641845519101837,0.12754173223487303,0.005920350566491837,0.07583872204810833,0.051679506060949364,0.15447759220322396,0.13619680560113773,0.29724146636757914,0.12225387780943336,0.16761162022894874,0.3596754428884393,0.09892485283580349,0.29583333333333334,0.2215139274553091,0.0,0.1258484729788119,0.03380856247027982,0.027232521953398422,0.3304005940456209,0.10223411878044848,0.10193327642184441,0.15978971890524238,0.10375597764448653,0.10042906462882395,0.14443579589489988,0.34522894874880433,0.2530880872036107,0.06164680071788041,0.03290805505609783],[0.08861848102597743,0.09356995298652017,0.05821093798886177,0.024284197100272114,0.07034958144718724,0.05245636083468574,0.0420726916427311,0.04517289856836536,0.053983150203858576,0.04049712148194213,0.1909508637669388,0.06738908922531049,0.029395208347635066,0.03218909526495762,0.032896676210128456,0.03509813343886329,0.053850160919725894,0.06096502031855511,0.0046822188750560295,0.06013577944392558,0.12031920343215728,0.042565993240160076,0.1954787681531046,0.06305619345403209,0.2577755321253922,0.15780367419539765,0.07124634380422039,0.15956362853753814,0.23278928870923668,0.06445031725820786,0.1258484729788119,0.0,0.10344208057875652,0.06516858203221507,0.5067505392098501,0.17459154757530115,0.17519865610828667,0.26612262204257003,0.10942207541353881,0.1061510370606676,0.10514030504080536,0.10057721118240665,0.09753630639743084,0.07003583108720021,0.027885440992305298],[0.003860306889527692,0.013584882055557685,0.01040604109262423,0.004976702261760439,0.007429602698989783,0.010486463601753988,0.011770332635905925,0.005035606379863289,0.027670740930010373,0.014059969793061226,0.027970288082571387,0.038536511879940234,0.0006799483239273814,0.2288089906490941,0.008958033150371886,0.17597382653488594,0.0045007384350112725,0.2233929294588709,0.02439416393045958,0.06435543140649459,0.0755743117949856,0.18320815667122534,0.00563689219646592,0.040631795046524026,0.08641131661897287,0.11462184836911543,0.060089727296690106,0.11294536914215515,0.030249439602999275,0.06805491045296076,0.03380856247027982,0.10344208057875652,0.0,0.2980652666676843,0.09467960600840637,0.10433201881135055,0.10542347752715482,0.058937357084404875,0.2671828637592309,0.2530846552776458,0.12452051612493625,0.09988951138734452,0.10015379143848628,0.0385925097348397,0.16889721915382414],[0.00796011113126665,0.021400784018677916,0.005339903635567235,0.0009929254064788382,0.03796698523023458,0.06605176075467971,0.00960043443963163,0.026483121484910204,0.028877580571759546,0.01025333388495856,0.001212683161883346,0.003620040544454098,0.029688469653717266,0.17517612284214104,0.04496254903509465,0.17810599478714162,0.001212683161883346,0.1685490877497828,0.010621300359124244,0.06185353376798156,0.06382851899645312,0.17291795953828967,0.001882421083116131,0.03649175328595006,0.09462118760043838,0.140445