{
  "stem": "Model_Components",
  "singular": "Model Component",
  "endpoint": "model_component",
  "count": 10,
  "method": "embedding (all-MiniLM-L6-v2) | link: text (links uninformative) | order: UPGMA leaf traversal",
  "entries": [
    {
      "id": "clm4",
      "label": "clm4",
      "spectral_rank": 0
    },
    {
      "id": "bisicles-ukesm-ismip6-1_0",
      "label": "bisicles-ukesm-ismip6-1_0",
      "spectral_rank": 1
    },
    {
      "id": "gelato",
      "label": "gelato",
      "spectral_rank": 2
    },
    {
      "id": "surfex_v8_modeling_platform",
      "label": "surfex_v8_modeling_platform",
      "spectral_rank": 3
    },
    {
      "id": "nemo_v3_6",
      "label": "nemo_v3_6",
      "spectral_rank": 4
    },
    {
      "id": "hadam3",
      "label": "hadam3",
      "spectral_rank": 5
    },
    {
      "id": "piscesv2-gas",
      "label": "piscesv2-gas",
      "spectral_rank": 6
    },
    {
      "id": "tactic",
      "label": "tactic",
      "spectral_rank": 7
    },
    {
      "id": "arpege-climat_version_6_3",
      "label": "arpege-climat_version_6_3",
      "spectral_rank": 8
    },
    {
      "id": "reprobus-c_v2_0",
      "label": "reprobus-c_v2_0",
      "spectral_rank": 9
    }
  ],
  "link_matrix": [
    [
      0.0,
      0.36217106945270705,
      0.08959247680994391,
      0.45192326545289985,
      0.26927856080281254,
      0.2175757557130293,
      0.21248301579109058,
      0.18850319404222268,
      0.3117501021017276,
      0.12820829189187966
    ],
    [
      0.36217106945270705,
      0.0,
      0.36055636179391537,
      0.37290852387339146,
      0.3838341526670208,
      0.29386648261883747,
      0.3086349361227995,
      0.22837031951336084,
      0.344577154022269,
      0.3277683264678802
    ],
    [
      0.08959247680994391,
      0.36055636179391537,
      0.0,
      0.34233555855057596,
      0.4477024693191317,
      0.26497083456731874,
      0.32667275340015917,
      0.286770677757441,
      0.2901910955405588,
      0.3280769785929245
    ],
    [
      0.45192326545289985,
      0.37290852387339146,
      0.34233555855057596,
      0.0,
      0.46956471014268275,
      0.25652226998651617,
      0.3807258923017019,
      0.3027668418253929,
      0.3783193055550178,
      0.33250444012125097
    ],
    [
      0.26927856080281254,
      0.3838341526670208,
      0.4477024693191317,
      0.46956471014268275,
      0.0,
      0.3265046584300445,
      0.45879141057338957,
      0.25488729158618356,
      0.3524165814445516,
      0.3512218772074188
    ],
    [
      0.2175757557130293,
      0.29386648261883747,
      0.26497083456731874,
      0.25652226998651617,
      0.3265046584300445,
      0.0,
      0.3176467697768739,
      0.2686393186179138,
      0.46953233804553896,
      0.3317845343097463
    ],
    [
      0.21248301579109058,
      0.3086349361227995,
      0.32667275340015917,
      0.3807258923017019,
      0.45879141057338957,
      0.3176467697768739,
      0.0,
      0.3578267011141629,
      0.43511569404571854,
      0.5028326218028487
    ],
    [
      0.18850319404222268,
      0.22837031951336084,
      0.286770677757441,
      0.3027668418253929,
      0.25488729158618356,
      0.2686393186179138,
      0.3578267011141629,
      0.0,
      0.5105623455377151,
      0.5156269783916936
    ],
    [
      0.3117501021017276,
      0.344577154022269,
      0.2901910955405588,
      0.3783193055550178,
      0.3524165814445516,
      0.46953233804553896,
      0.43511569404571854,
      0.5105623455377151,
      0.0,
      0.5503534370745666
    ],
    [
      0.12820829189187966,
      0.3277683264678802,
      0.3280769785929245,
      0.33250444012125097,
      0.3512218772074188,
      0.3317845343097463,
      0.5028326218028487,
      0.5156269783916936,
      0.5503534370745666,
      0.0
    ]
  ],
  "text_matrix": [
    [
      0.0,
      0.36217106945270705,
      0.08959247680994391,
      0.45192326545289985,
      0.26927856080281254,
      0.2175757557130293,
      0.21248301579109058,
      0.18850319404222268,
      0.3117501021017276,
      0.12820829189187966
    ],
    [
      0.36217106945270705,
      0.0,
      0.36055636179391537,
      0.37290852387339146,
      0.3838341526670208,
      0.29386648261883747,
      0.3086349361227995,
      0.22837031951336084,
      0.344577154022269,
      0.3277683264678802
    ],
    [
      0.08959247680994391,
      0.36055636179391537,
      0.0,
      0.34233555855057596,
      0.4477024693191317,
      0.26497083456731874,
      0.32667275340015917,
      0.286770677757441,
      0.2901910955405588,
      0.3280769785929245
    ],
    [
      0.45192326545289985,
      0.37290852387339146,
      0.34233555855057596,
      0.0,
      0.46956471014268275,
      0.25652226998651617,
      0.3807258923017019,
      0.3027668418253929,
      0.3783193055550178,
      0.33250444012125097
    ],
    [
      0.26927856080281254,
      0.3838341526670208,
      0.4477024693191317,
      0.46956471014268275,
      0.0,
      0.3265046584300445,
      0.45879141057338957,
      0.25488729158618356,
      0.3524165814445516,
      0.3512218772074188
    ],
    [
      0.2175757557130293,
      0.29386648261883747,
      0.26497083456731874,
      0.25652226998651617,
      0.3265046584300445,
      0.0,
      0.3176467697768739,
      0.2686393186179138,
      0.46953233804553896,
      0.3317845343097463
    ],
    [
      0.21248301579109058,
      0.3086349361227995,
      0.32667275340015917,
      0.3807258923017019,
      0.45879141057338957,
      0.3176467697768739,
      0.0,
      0.3578267011141629,
      0.43511569404571854,
      0.5028326218028487
    ],
    [
      0.18850319404222268,
      0.22837031951336084,
      0.286770677757441,
      0.3027668418253929,
      0.25488729158618356,
      0.2686393186179138,
      0.3578267011141629,
      0.0,
      0.5105623455377151,
      0.5156269783916936
    ],
    [
      0.3117501021017276,
      0.344577154022269,
      0.2901910955405588,
      0.3783193055550178,
      0.3524165814445516,
      0.46953233804553896,
      0.43511569404571854,
      0.5105623455377151,
      0.0,
      0.5503534370745666
    ],
    [
      0.12820829189187966,
      0.3277683264678802,
      0.3280769785929245,
      0.33250444012125097,
      0.3512218772074188,
      0.3317845343097463,
      0.5028326218028487,
      0.5156269783916936,
      0.5503534370745666,
      0.0
    ]
  ],
  "dendrogram": {
    "name": "",
    "leaf": false,
    "children": [
      {
        "name": "clm4",
        "leaf": true,
        "spectral_index": 0,
        "value": 0.0
      },
      {
        "name": "",
        "leaf": false,
        "children": [
          {
            "name": "",
            "leaf": false,
            "children": [
              {
                "name": "bisicles-ukesm-ismip6-1_0",
                "leaf": true,
                "spectral_index": 1,
                "value": 0.0
              },
              {
                "name": "",
                "leaf": false,
                "children": [
                  {
                    "name": "gelato",
                    "leaf": true,
                    "spectral_index": 2,
                    "value": 0.0
                  },
                  {
                    "name": "",
                    "leaf": false,
                    "children": [
                      {
                        "name": "surfex_v8_modeling_platform",
                        "leaf": true,
                        "spectral_index": 3,
                        "value": 0.0
                      },
                      {
                        "name": "nemo_v3_6",
                        "leaf": true,
                        "spectral_index": 4,
                        "value": 0.0
                      }
                    ],
                    "value": 0.5304352898573172
                  }
                ],
                "value": 0.6049809860651462
              }
            ],
            "value": 0.6275669872218909
          },
          {
            "name": "",
            "leaf": false,
            "children": [
              {
                "name": "hadam3",
                "leaf": true,
                "spectral_index": 5,
                "value": 0.0
              },
              {
                "name": "",
                "leaf": false,
                "children": [
                  {
                    "name": "piscesv2-gas",
                    "leaf": true,
                    "spectral_index": 6,
                    "value": 0.0
                  },
                  {
                    "name": "",
                    "leaf": false,
                    "children": [
                      {
                        "name": "tactic",
                        "leaf": true,
                        "spectral_index": 7,
                        "value": 0.0
                      },
                      {
                        "name": "",
                        "leaf": false,
                        "children": [
                          {
                            "name": "arpege-climat_version_6_3",
                            "leaf": true,
                            "spectral_index": 8,
                            "value": 0.0
                          },
                          {
                            "name": "reprobus-c_v2_0",
                            "leaf": true,
                            "spectral_index": 9,
                            "value": 0.0
                          }
                        ],
                        "value": 0.44964656292543337
                      }
                    ],
                    "value": 0.4869053380352957
                  }
                ],
                "value": 0.5680749943457566
              }
            ],
            "value": 0.6530992598124818
          }
        ],
        "value": 0.6802719936182491
      }
    ],
    "value": 0.7520571408824096
  },
  "schema": {
    "name": "record",
    "children": [
      {
        "name": "code_base",
        "type": "scalar"
      },
      {
        "name": "component",
        "type": "scalar"
      },
      {
        "name": "description",
        "type": "scalar"
      },
      {
        "name": "family",
        "type": "scalar"
      },
      {
        "name": "name",
        "type": "scalar"
      },
      {
        "name": "references",
        "type": "scalar"
      },
      {
        "name": "ui_label",
        "type": "scalar"
      },
      {
        "name": "validation_key",
        "type": "scalar"
      }
    ]
  }
}