# Model Components

**Stage 3.** Model components are specific versioned instances of model software — an atmosphere, ocean, sea-ice, or land-surface code at a specific version — bound to horizontal and vertical grids. Each produces a component config ID used in Stage 4.

---

<link href="https://fonts.googleapis.com/css2?family=Source+Code+Pro:wght@400;600;700&display=swap" rel="stylesheet">

<style>
.emd-viz { font-family: 'Source Code Pro', monospace; width: 100%; }
.emd-section { margin-bottom: 2.5rem; }
.emd-section-label {
  font-size: 11px; font-weight: 700; color: #0d1035;
  text-transform: uppercase; letter-spacing: 0.09em;
  margin-bottom: 12px; display: block;
}
.emd-selector-row { display: flex; gap: 10px; align-items: center; flex-wrap: wrap; }
#emd-entry-select {
  flex: 1; min-width: 240px; padding: 8px 12px;
  border: 1.5px solid #ccc; border-radius: 6px;
  font-family: 'Source Code Pro', monospace; font-size: 12px;
  color: #0d1035; background: #fff; cursor: pointer;
}
#emd-entry-select:focus { outline: none; border-color: #0d1035; }
#emd-go-btn {
  padding: 8px 18px; border: 1.5px solid #0d1035; border-radius: 6px;
  background: #0d1035; color: #fff;
  font-family: 'Source Code Pro', monospace; font-size: 12px;
  font-weight: 600; cursor: pointer; transition: background .15s;
}
#emd-go-btn:hover { background: #1a2080; }
.emd-stats {
  margin-top: 10px; font-size: 11px; color: #888;
  display: flex; gap: 20px; flex-wrap: wrap;
}
.emd-stats b { color: #0d1035; }
.emd-filter-bar { display: flex; flex-wrap: wrap; gap: 6px; margin-bottom: 10px; }
.emd-fbtn {
  padding: 4px 11px; border-radius: 20px; border: 1.5px solid #ccc;
  background: #fff; cursor: pointer; font-family: 'Source Code Pro', monospace;
  font-size: 11px; color: #555; transition: all .15s;
}
.emd-fbtn:hover  { border-color: #0d1035; color: #0d1035; }
.emd-fbtn.active { background: #0d1035; border-color: #0d1035; color: #fff; font-weight: 600; }
.emd-tip {
  position: fixed; background: #0d1035; color: #fff;
  padding: 10px 14px; border-radius: 8px; font-size: 12px;
  font-family: 'Source Code Pro', monospace; pointer-events: none;
  opacity: 0; transition: opacity .12s; line-height: 1.9;
  box-shadow: 0 6px 24px rgba(0,0,0,.25); max-width: 280px; z-index: 999;
}
.emd-tip-link { color: #e8607e; font-weight: 600; }
.emd-tip-text { color: #f5c842; font-weight: 600; }
.emd-tip-head { font-weight: 700; font-size: 13px;
  border-bottom: 1px solid rgba(255,255,255,.2); padding-bottom: 5px; margin-bottom: 5px; }
/* ── accessible font toggle ── */
.emd-font-btn {
  padding: 5px 12px; border-radius: 20px; border: 1.5px solid #ccc;
  background: #fff; font-size: 11px; cursor: pointer;
  font-family: 'Source Code Pro', monospace; color: #888;
  transition: all .2s; white-space: nowrap;
}
.emd-font-btn:hover { border-color: #2065a0; color: #1a4a80; }
.emd-font-btn.active { background: #e8f0ff; border-color: #2065a0;
  color: #1a4a80; font-family: inherit; font-weight: 600; }
/* Accessible mode: also switch the UI controls (the SVGs are already on the
   accessible/sans-serif font by default via the JS `FONT` constant). */
.emd-viz.accessible { font-family: inherit; }
.emd-viz.accessible #emd-entry-select,
.emd-viz.accessible .emd-stats,
.emd-viz.accessible .emd-stats-grid,
.emd-viz.accessible .emd-stat-label,
.emd-viz.accessible .emd-stat-value,
.emd-viz.accessible .emd-section-label,
.emd-viz.accessible .emd-fbtn,
.emd-viz.accessible #emd-go-btn { font-family: inherit !important; }
/* ── stats grid ── */
.emd-stats-grid {
  display: grid;
  grid-template-columns: repeat(auto-fit, minmax(150px, 1fr));
  gap: 12px;
  margin: 10px 0 18px;
  padding: 14px 16px;
  background: #f7f8fa;
  border-left: 3px solid #0d1035;
  border-radius: 4px;
}
.emd-stat-item { display: flex; flex-direction: column; gap: 3px; }
.emd-stat-label {
  font-family: 'Source Code Pro', monospace;
  color: #888; font-size: 10px;
  text-transform: uppercase; letter-spacing: 0.06em;
}
.emd-stat-value {
  font-family: 'Source Code Pro', monospace;
  color: #0d1035; font-weight: 600; font-size: 13px;
}
</style>

<div class="emd-viz">

<!-- Status / stats box pinned to the top of the page -->
<div class="emd-stats-grid">
  <div class="emd-stat-item">
    <span class="emd-stat-label">Total Records</span>
    <span class="emd-stat-value">23</span>
  </div>
  <div class="emd-stat-item">
    <span class="emd-stat-label">Endpoint</span>
    <span class="emd-stat-value">model_component</span>
  </div>
  <div class="emd-stat-item">
    <span class="emd-stat-label">Raw Data</span>
    <span class="emd-stat-value">22.9 KB</span>
  </div>
  <div class="emd-stat-item">
    <span class="emd-stat-label">Processed Data</span>
    <span class="emd-stat-value">32.4 KB</span>
  </div>
  <div class="emd-stat-item">
    <span class="emd-stat-label">Last Updated</span>
    <span class="emd-stat-value">2026-05-27 17:54 UTC</span>
  </div>
</div>

<div class="emd-section">
<span class="emd-section-label">View a specific Model Component</span>
<div class="emd-selector-row">
  <select id="emd-entry-select">
    <option value="">Select an entry…</option>
    <option value="../view_model_components/?id=tactic">tactic</option>
    <option value="../view_model_components/?id=gelato">gelato</option>
    <option value="../view_model_components/?id=nemo_v3_6">nemo_v3_6</option>
    <option value="../view_model_components/?id=arpege-climat_version_6_3">arpege-climat_version_6_3</option>
    <option value="../view_model_components/?id=reprobus-c_v2_0">reprobus-c_v2_0</option>
    <option value="../view_model_components/?id=classic">classic</option>
    <option value="../view_model_components/?id=gamil3">gamil3</option>
    <option value="../view_model_components/?id=um7.3">um7.3</option>
    <option value="../view_model_components/?id=lpj-guess-4.1">lpj-guess-4.1</option>
    <option value="../view_model_components/?id=hadam3">hadam3</option>
    <option value="../view_model_components/?id=lim2">lim2</option>
    <option value="../view_model_components/?id=cice5">cice5</option>
    <option value="../view_model_components/?id=openifs-48r1">openifs-48r1</option>
    <option value="../view_model_components/?id=wombatlite">wombatlite</option>
    <option value="../view_model_components/?id=canam5-1">canam5-1</option>
    <option value="../view_model_components/?id=class-ctem-v3.6.2">class-ctem-v3.6.2</option>
    <option value="../view_model_components/?id=cmoc">cmoc</option>
    <option value="../view_model_components/?id=bisicles-ukesm-ismip6-1_0">bisicles-ukesm-ismip6-1_0</option>
    <option value="../view_model_components/?id=clm4">clm4</option>
    <option value="../view_model_components/?id=piscesv2-gas">piscesv2-gas</option>
    <option value="../view_model_components/?id=fesom-2.7">fesom-2.7</option>
    <option value="../view_model_components/?id=cable3">cable3</option>
    <option value="../view_model_components/?id=surfex_v8_modeling_platform">surfex_v8_modeling_platform</option>
  </select>
  <button id="emd-go-btn" onclick="emdGotoEntry()">Open →</button>
  <button class="emd-font-btn" id="emd-font-toggle" onclick="emdToggleFont()" title="Switch to the page's default font for improved readability">Accessible font</button>
</div>
</div>

<div class="emd-section">
<span class="emd-section-label">Similarity &amp; Hierarchical Clustering</span>
<div class="emd-filter-bar" id="emd-filter-bar"></div>
<div id="emd-combined-chart" style="overflow-x:auto; display:flex; justify-content:center;"></div>
<div class="emd-tip" id="emd-tip"></div>
</div>

<div class="emd-section">
<span class="emd-section-label">Record Key Schema</span>
<div id="emd-key-graph"></div>
</div>

</div>

<script src="https://d3js.org/d3.v7.min.js"></script>
<script>
(function () {
'use strict';

/* ── injected data ─────────────────────────────────────────────────────── */
var EMD_DATA    = {"ids":["tactic","gelato","nemo_v3_6","arpege-climat_version_6_3","reprobus-c_v2_0","classic","gamil3","um7.3","lpj-guess-4.1","hadam3","lim2","cice5","openifs-48r1","wombatlite","canam5-1","class-ctem-v3.6.2","cmoc","bisicles-ukesm-ismip6-1_0","clm4","piscesv2-gas","fesom-2.7","cable3","surfex_v8_modeling_platform"],"link":[[0.0,0.34778295376121465,0.32306763285024154,0.36008454106280197,0.36257763975155277,0.3993055555555555,0.2939366678661389,0.24635153891060363,0.2195675690113383,0.0877415458937198,0.09792754311026737,0.0961373723278485,0.05271697204206649,0.07640922871383793,0.1408249924173491,0.04133805863365612,0.038091758601417454,0.15247584541062803,0.09271646228167967,0.005851736829997699,0.019080511082553115,0.026483121484910204,0.006420975902581254],[0.34778295376121465,0.0,0.37896825396825395,0.3094618055555556,0.35590920517391106,0.2753684807256236,0.25047978889288713,0.19875356166660868,0.22231199668798998,0.06130268199233716,0.19553868058851448,0.19641452022404401,0.009682366895660101,0.07326007326007325,0.09614801334546556,0.03999034973877741,0.03562566735604138,0.14102564102564102,0.09146528930701592,0.010526315789473684,0.042000513454610276,0.001212683161883346,0.0036231884057971015],[0.32306763285024154,0.37896825396825395,0.0,0.3107638888888889,0.3535782028429087,0.25545634920634924,0.2501199472232218,0.175260093482875,0.2181719841344035,0.0011494252873563218,0.10714285714285714,0.07431827431827431,0.00950490460639657,0.1319420630900734,0.07233848953594177,0.03594722305414129,0.06963927279821824,0.1388888888888889,0.1492523929574289,0.04845446950710108,0.21783518107009983,0.001212683161883346,0.0036231884057971015],[0.36008454106280197,0.3094618055555556,0.3107638888888889,0.0,0.3967976467976468,0.3025297619047619,0.409689736515933,0.3170762824899384,0.23017596594300344,0.17471264367816094,0.07308970099667775,0.07537647537647538,0.1524064130358553,0.07583665499497162,0.2190703670003033,0.03931649529133806,0.03703486235339914,0.17468660968660968,0.09026624853962983,0.010478670634920634,0.0183688939325798,0.0009929254064788382,0.01494853055611138],[0.36257763975155277,0.35590920517391106,0.3535782028429087,0.3967976467976468,0.0,0.2768565759637188,0.31290375092102335,0.23869697265932435,0.2418626919154437,0.08407224958949096,0.0769656699889258,0.07520010853344186,0.07090685669157847,0.13734743165032315,0.13507950951081069,0.04881463416953084,0.09773090402530835,0.1938125763125763,0.1167166167166167,0.08721724898195486,0.03622603678972265,0.00960043443963163,0.0170812093889017],[0.3993055555555555,0.2753684807256236,0.25545634920634924,0.3025297619047619,0.2768565759637188,0.0,0.5317496968000747,0.2596473623853211,0.25912249540369575,0.04558531746031746,0.11061507936507936,0.31349432460543575,0.06279712990829082,0.09733351139601139,0.1649884259259259,0.10315866315662066,0.07441513695795103,0.11235119047619048,0.07673229548229547,0.0013818027210884354,0.02568267547421806,0.028877580571759546,0.0028294355217432137],[0.2939366678661389,0.25047978889288713,0.2501199472232218,0.409689736515933,0.31290375092102335,0.5317496968000747,0.0,0.37033099931443014,0.26194263997525297,0.14705529566990524,0.11279037223621606,0.25941355034554026,0.18137891044659307,0.11060840922301879,0.2578050657710607,0.0438110934892351,0.04758943102072125,0.13465275278877295,0.0777627074856294,0.0028673098122540368,0.02775822549497356,0.06605176075467971,0.0022903531913413717],[0.24635153891060363,0.19875356166660868,0.175260093482875,0.3170762824899384,0.23869697265932435,0.2596473623853211,0.37033099931443014,0.0,0.203513288901201,0.28761061946902655,0.04027631187247977,0.037871408615547254,0.18003991376918316,0.04179613048727424,0.3078634176746723,0.03695772780168331,0.07354872038522307,0.045963766687157126,0.029056820422412696,0.00384785182509582,0.060772491356172124,0.03796698523023458,0.006122876442821984],[0.2195675690113383,0.22231199668798998,0.2181719841344035,0.23017596594300344,0.2418626919154437,0.25912249540369575,0.26194263997525297,0.203513288901201,0.0,0.0008880994671403196,0.10902082260874446,0.14370891591140258,0.015281601957980265,0.09344400419000774,0.09223653049141504,0.21224480845558405,0.051498804903186195,0.1554411487570317,0.20876355734259816,0.0036631585730799126,0.03325843304997563,0.17810599478714162,0.13255891760468888],[0.0877415458937198,0.06130268199233716,0.0011494252873563218,0.17471264367816094,0.08407224958949096,0.04558531746031746,0.14705529566990524,0.28761061946902655,0.0008880994671403196,0.0,0.006644518272425249,0.0021164021164021165,0.1432564330079858,0.0025765817348983684,0.23342432514407038,0.008086253369272238,0.00035229874933943986,0.18867521367521367,0.17701149425287355,0.005747126436781609,0.029283045721401887,0.029688469653717266,0.005747126436781609],[0.09792754311026737,0.19553868058851448,0.10714285714285714,0.07308970099667775,0.0769656699889258,0.11061507936507936,0.11279037223621606,0.04027631187247977,0.10902082260874446,0.006644518272425249,0.0,0.29020763187429854,0.0123864307414285,0.12421003623408432,0.08662259538055717,0.04773184036749928,0.04588147539236729,0.09973069566092821,0.12030605053860867,0.027184517217739807,0.022053041260903083,0.001882421083116131,0.0047212775298642925],[0.0961373723278485,0.19641452022404401,0.07431827431827431,0.07537647537647538,0.07520010853344186,0.31349432460543575,0.25941355034554026,0.037871408615547254,0.14370891591140258,0.0021164021164021165,0.29020763187429854,0.0,0.06733812156268454,0.1175213675213675,0.16445473251028808,0.10476276930525297,0.1381535014943701,0.07467100800434133,0.07956857956857956,0.040463592844545225,0.08546889382208024,0.09462118760043838,0.024566648925623286],[0.05271697204206649,0.009682366895660101,0.00950490460639657,0.1524064130358553,0.07090685669157847,0.06279712990829082,0.18137891044659307,0.18003991376918316,0.015281601957980265,0.1432564330079858,0.0123864307414285,0.06733812156268454,0.0,0.05147246672347524,0.2642047839604989,0.09754149680191815,0.09940485083918522,0.04191395518314901,0.011243852090365505,0.07036639846436109,0.11798663137748751,0.06382851899645312,0.0312956533064657],[0.07640922871383793,0.07326007326007325,0.1319420630900734,0.07583665499497162,0.13734743165032315,0.09733351139601139,0.11060840922301879,0.04179613048727424,0.09344400419000774,0.0025765817348983684,0.12421003623408432,0.1175213675213675,0.05147246672347524,0.0,0.1477067382628505,0.08590875958945432,0.25640264501752374,0.07726808929213738,0.13713507601283154,0.16949866118792206,0.09668639943208139,0.02795653006228924,0.030299666388169926],[0.1408249924173491,0.09614801334546556,0.07233848953594177,0.2190703670003033,0.13507950951081069,0.1649884259259259,0.2578050657710607,0.3078634176746723,0.09223653049141504,0.23342432514407038,0.08662259538055717,0.16445473251028808,0.2642047839604989,0.1477067382628505,0.0,0.26592695897262736,0.27489103022737765,0.08723081589323627,0.13935395814376705,0.04375720564234187,0.14852419082913426,0.14044585401051407,0.02507884180533642],[0.04133805863365612,0.03999034973877741,0.03594722305414129,0.03931649529133806,0.04881463416953084,0.10315866315662066,0.0438110934892351,0.03695772780168331,0.21224480845558405,0.008086253369272238,0.04773184036749928,0.10476276930525297,0.09754149680191815,0.08590875958945432,0.26592695897262736,0.0,0.3290910004683245,0.08828325180526438,0.21497121560014643,0.05562224889955982,0.09791251234372139,0.24275267161157713,0.16456722882776614],[0.038091758601417454,0.03562566735604138,0.06963927279821824,0.03703486235339914,0.09773090402530835,0.07441513695795103,0.04758943102072125,0.07354872038522307,0.051498804903186195,0.00035229874933943986,0.04588147539236729,0.1381535014943701,0.09940485083918522,0.25640264501752374,0.27489103022737765,0.3290910004683245,0.0,0.036330264854720254,0.08685849551036563,0.2224650649408962,0.1369599337199099,0.11622898944829764,0.030016249093807085],[0.15247584541062803,0.14102564102564102,0.1388888888888889,0.17468660968660968,0.1938125763125763,0.11235119047619048,0.13465275278877295,0.045963766687157126,0.1554411487570317,0.18867521367521367,0.09973069566092821,0.07467100800434133,0.04191395518314901,0.07726808929213738,0.08723081589323627,0.08828325180526438,0.036330264854720254,0.0,0.3429487179487179,0.06512617012617013,0.03720230037978698,0.04994877186321965,0.07790927021696252],[0.09271646228167967,0.09146528930701592,0.1492523929574289,0.09026624853962983,0.1167166167166167,0.07673229548229547,0.0777627074856294,0.029056820422412696,0.20876355734259816,0.17701149425287355,0.12030605053860867,0.07956857956857956,0.011243852090365505,0.13713507601283154,0.13935395814376705,0.21497121560014643,0.08685849551036563,0.3429487179487179,0.0,0.00851699592706787,0.028660822713405032,0.16101319763352778,0.1858513189448441],[0.005851736829997699,0.010526315789473684,0.04845446950710108,0.010478670634920634,0.08721724898195486,0.0013818027210884354,0.0028673098122540368,0.00384785182509582,0.0036631585730799126,0.005747126436781609,0.027184517217739807,0.040463592844545225,0.07036639846436109,0.16949866118792206,0.04375720564234187,0.05562224889955982,0.2224650649408962,0.06512617012617013,0.00851699592706787,0.0,0.10672401507031966,0.07582693564253663,0.14177820076567535],[0.019080511082553115,0.042000513454610276,0.21783518107009983,0.0183688939325798,0.03622603678972265,0.02568267547421806,0.02775822549497356,0.060772491356172124,0.03325843304997563,0.029283045721401887,0.022053041260903083,0.08546889382208024,0.11798663137748751,0.09668639943208139,0.14852419082913426,0.09791251234372139,0.1369599337199099,0.03720230037978698,0.028660822713405032,0.10672401507031966,0.0,0.07071558260047588,0.031675658377449734],[0.026483121484910204,0.001212683161883346,0.001212683161883346,0.0009929254064788382,0.00960043443963163,0.028877580571759546,0.06605176075467971,0.03796698523023458,0.17810599478714162,0.029688469653717266,0.001882421083116131,0.09462118760043838,0.06382851899645312,0.02795653006228924,0.14044585401051407,0.24275267161157713,0.11622898944829764,0.04994877186321965,0.16101319763352778,0.07582693564253663,0.07071558260047588,0.0,0.20023567335311515],[0.006420975902581254,0.0036231884057971015,0.0036231884057971015,0.01494853055611138,0.0170812093889017,0.0028294355217432137,0.0022903531913413717,0.006122876442821984,0.13255891760468888,0.005747126436781609,0.0047212775298642925,0.024566648925623286,0.0312956533064657,0.030299666388169926,0.02507884180533642,0.16456722882776614,0.030016249093807085,0.07790927021696252,0.1858513189448441,0.14177820076567535,0.031675658377449734,0.20023567335311515,0.0]],"text":[[0.0,0.34778295376121465,0.32306763285024154,0.36008454106280197,0.36257763975155277,0.3993055555555555,0.2939366678661389,0.24635153891060363,0.2195675690113383,0.0877415458937198,0.09792754311026737,0.0961373723278485,0.05271697204206649,0.07640922871383793,0.1408249924173491,0.04133805863365612,0.038091758601417454,0.15247584541062803,0.09271646228167967,0.005851736829997699,0.019080511082553115,0.026483121484910204,0.006420975902581254],[0.34778295376121465,0.0,0.37896825396825395,0.3094618055555556,0.35590920517391106,0.2753684807256236,0.25047978889288713,0.19875356166660868,0.22231199668798998,0.06130268199233716,0.19553868058851448,0.19641452022404401,0.009682366895660101,0.07326007326007325,0.09614801334546556,0.03999034973877741,0.03562566735604138,0.14102564102564102,0.09146528930701592,0.010526315789473684,0.042000513454610276,0.001212683161883346,0.0036231884057971015],[0.32306763285024154,0.37896825396825395,0.0,0.3107638888888889,0.3535782028429087,0.25545634920634924,0.2501199472232218,0.175260093482875,0.2181719841344035,0.0011494252873563218,0.10714285714285714,0.07431827431827431,0.00950490460639657,0.1319420630900734,0.07233848953594177,0.03594722305414129,0.06963927279821824,0.1388888888888889,0.1492523929574289,0.04845446950710108,0.21783518107009983,0.001212683161883346,0.0036231884057971015],[0.36008454106280197,0.3094618055555556,0.3107638888888889,0.0,0.3967976467976468,0.3025297619047619,0.409689736515933,0.3170762824899384,0.23017596594300344,0.17471264367816094,0.07308970099667775,0.07537647537647538,0.1524064130358553,0.07583665499497162,0.2190703670003033,0.03931649529133806,0.03703486235339914,0.17468660968660968,0.09026624853962983,0.010478670634920634,0.0183688939325798,0.0009929254064788382,0.01494853055611138],[0.36257763975155277,0.35590920517391106,0.3535782028429087,0.3967976467976468,0.0,0.2768565759637188,0.31290375092102335,0.23869697265932435,0.2418626919154437,0.08407224958949096,0.0769656699889258,0.07520010853344186,0.07090685669157847,0.13734743165032315,0.13507950951081069,0.04881463416953084,0.09773090402530835,0.1938125763125763,0.1167166167166167,0.08721724898195486,0.03622603678972265,0.00960043443963163,0.0170812093889017],[0.3993055555555555,0.2753684807256236,0.25545634920634924,0.3025297619047619,0.2768565759637188,0.0,0.5317496968000747,0.2596473623853211,0.25912249540369575,0.04558531746031746,0.11061507936507936,0.31349432460543575,0.06279712990829082,0.09733351139601139,0.1649884259259259,0.10315866315662066,0.07441513695795103,0.11235119047619048,0.07673229548229547,0.0013818027210884354,0.02568267547421806,0.028877580571759546,0.0028294355217432137],[0.2939366678661389,0.25047978889288713,0.2501199472232218,0.409689736515933,0.31290375092102335,0.5317496968000747,0.0,0.37033099931443014,0.26194263997525297,0.14705529566990524,0.11279037223621606,0.25941355034554026,0.18137891044659307,0.11060840922301879,0.2578050657710607,0.0438110934892351,0.04758943102072125,0.13465275278877295,0.0777627074856294,0.0028673098122540368,0.02775822549497356,0.06605176075467971,0.0022903531913413717],[0.24635153891060363,0.19875356166660868,0.175260093482875,0.3170762824899384,0.23869697265932435,0.2596473623853211,0.37033099931443014,0.0,0.203513288901201,0.28761061946902655,0.04027631187247977,0.037871408615547254,0.18003991376918316,0.04179613048727424,0.3078634176746723,0.03695772780168331,0.07354872038522307,0.045963766687157126,0.029056820422412696,0.00384785182509582,0.060772491356172124,0.03796698523023458,0.006122876442821984],[0.2195675690113383,0.22231199668798998,0.2181719841344035,0.23017596594300344,0.2418626919154437,0.25912249540369575,0.26194263997525297,0.203513288901201,0.0,0.0008880994671403196,0.10902082260874446,0.14370891591140258,0.015281601957980265,0.09344400419000774,0.09223653049141504,0.21224480845558405,0.051498804903186195,0.1554411487570317,0.20876355734259816,0.0036631585730799126,0.03325843304997563,0.17810599478714162,0.13255891760468888],[0.0877415458937198,0.06130268199233716,0.0011494252873563218,0.17471264367816094,0.08407224958949096,0.04558531746031746,0.14705529566990524,0.28761061946902655,0.0008880994671403196,0.0,0.006644518272425249,0.0021164021164021165,0.1432564330079858,0.0025765817348983684,0.23342432514407038,0.008086253369272238,0.00035229874933943986,0.18867521367521367,0.17701149425287355,0.005747126436781609,0.029283045721401887,0.029688469653717266,0.005747126436781609],[0.09792754311026737,0.19553868058851448,0.10714285714285714,0.07308970099667775,0.0769656699889258,0.11061507936507936,0.11279037223621606,0.04027631187247977,0.10902082260874446,0.006644518272425249,0.0,0.29020763187429854,0.0123864307414285,0.12421003623408432,0.08662259538055717,0.04773184036749928,0.04588147539236729,0.09973069566092821,0.12030605053860867,0.027184517217739807,0.022053041260903083,0.001882421083116131,0.0047212775298642925],[0.0961373723278485,0.19641452022404401,0.07431827431827431,0.07537647537647538,0.07520010853344186,0.31349432460543575,0.25941355034554026,0.037871408615547254,0.14370891591140258,0.0021164021164021165,0.29020763187429854,0.0,0.06733812156268454,0.1175213675213675,0.16445473251028808,0.10476276930525297,0.1381535014943701,0.07467100800434133,0.07956857956857956,0.040463592844545225,0.08546889382208024,0.09462118760043838,0.024566648925623286],[0.05271697204206649,0.009682366895660101,0.00950490460639657,0.1524064130358553,0.07090685669157847,0.06279712990829082,0.18137891044659307,0.18003991376918316,0.015281601957980265,0.1432564330079858,0.0123864307414285,0.06733812156268454,0.0,0.05147246672347524,0.2642047839604989,0.09754149680191815,0.09940485083918522,0.04191395518314901,0.011243852090365505,0.07036639846436109,0.11798663137748751,0.06382851899645312,0.0312956533064657],[0.07640922871383793,0.07326007326007325,0.1319420630900734,0.07583665499497162,0.13734743165032315,0.09733351139601139,0.11060840922301879,0.04179613048727424,0.09344400419000774,0.0025765817348983684,0.12421003623408432,0.1175213675213675,0.05147246672347524,0.0,0.1477067382628505,0.08590875958945432,0.25640264501752374,0.07726808929213738,0.13713507601283154,0.16949866118792206,0.09668639943208139,0.02795653006228924,0.030299666388169926],[0.1408249924173491,0.09614801334546556,0.07233848953594177,0.2190703670003033,0.13507950951081069,0.1649884259259259,0.2578050657710607,0.3078634176746723,0.09223653049141504,0.23342432514407038,0.08662259538055717,0.16445473251028808,0.2642047839604989,0.1477067382628505,0.0,0.26592695897262736,0.27489103022737765,0.08723081589323627,0.13935395814376705,0.04375720564234187,0.14852419082913426,0.14044585401051407,0.02507884180533642],[0.04133805863365612,0.03999034973877741,0.03594722305414129,0.03931649529133806,0.04881463416953084,0.10315866315662066,0.0438110934892351,0.03695772780168331,0.21224480845558405,0.008086253369272238,0.04773184036749928,0.10476276930525297,0.09754149680191815,0.08590875958945432,0.26592695897262736,0.0,0.3290910004683245,0.08828325180526438,0.21497121560014643,0.05562224889955982,0.09791251234372139,0.24275267161157713,0.16456722882776614],[0.038091758601417454,0.03562566735604138,0.06963927279821824,0.03703486235339914,0.09773090402530835,0.07441513695795103,0.04758943102072125,0.07354872038522307,0.051498804903186195,0.00035229874933943986,0.04588147539236729,0.1381535014943701,0.09940485083918522,0.25640264501752374,0.27489103022737765,0.3290910004683245,0.0,0.036330264854720254,0.08685849551036563,0.2224650649408962,0.1369599337199099,0.11622898944829764,0.030016249093807085],[0.15247584541062803,0.14102564102564102,0.1388888888888889,0.17468660968660968,0.1938125763125763,0.11235119047619048,0.13465275278877295,0.045963766687157126,0.1554411487570317,0.18867521367521367,0.09973069566092821,0.07467100800434133,0.04191395518314901,0.07726808929213738,0.08723081589323627,0.08828325180526438,0.036330264854720254,0.0,0.3429487179487179,0.06512617012617013,0.03720230037978698,0.04994877186321965,0.07790927021696252],[0.09271646228167967,0.09146528930701592,0.1492523929574289,0.09026624853962983,0.1167166167166167,0.07673229548229547,0.0777627074856294,0.029056820422412696,0.20876355734259816,0.17701149425287355,0.12030605053860867,0.07956857956857956,0.011243852090365505,0.13713507601283154,0.13935395814376705,0.21497121560014643,0.08685849551036563,0.3429487179487179,0.0,0.00851699592706787,0.028660822713405032,0.16101319763352778,0.1858513189448441],[0.005851736829997699,0.010526315789473684,0.04845446950710108,0.010478670634920634,0.08721724898195486,0.0013818027210884354,0.0028673098122540368,0.00384785182509582,0.0036631585730799126,0.005747126436781609,0.027184517217739807,0.040463592844545225,0.07036639846436109,0.16949866118792206,0.04375720564234187,0.05562224889955982,0.2224650649408962,0.06512617012617013,0.00851699592706787,0.0,0.10672401507031966,0.07582693564253663,0.14177820076567535],[0.019080511082553115,0.042000513454610276,0.21783518107009983,0.0183688939325798,0.03622603678972265,0.02568267547421806,0.02775822549497356,0.060772491356172124,0.03325843304997563,0.029283045721401887,0.022053041260903083,0.08546889382208024,0.11798663137748751,0.09668639943208139,0.14852419082913426,0.09791251234372139,0.1369599337199099,0.03720230037978698,0.028660822713405032,0.10672401507031966,0.0,0.07071558260047588,0.031675658377449734],[0.026483121484910204,0.001212683161883346,0.001212683161883346,0.0009929254064788382,0.00960043443963163,0.028877580571759546,0.06605176075467971,0.03796698523023458,0.17810599478714162,0.029688469653717266,0.001882421083116131,0.09462118760043838,0.06382851899645312,0.02795653006228924,0.14044585401051407,0.24275267161157713,0.11622898944829764,0.04994877186321965,0.16101319763352778,0.07582693564253663,0.07071558260047588,0.0,0.20023567335311515],[0.006420975902581254,0.0036231884057971015,0.0036231884057971015,0.01494853055611138,0.0170812093889017,0.0028294355217432137,0.0022903531913413717,0.006122876442821984,0.13255891760468888,0.005747126436781609,0.0047212775298642925,0.024566648925623286,0.0312956533064657,0.030299666388169926,0.02507884180533642,0.16456722882776614,0.030016249093807085,0.07790927021696252,0.1858513189448441,0.14177820076567535,0.031675658377449734,0.20023567335311515,0.0]],"method":"field-level | link: field-level (links uninformative) | order: spectral graph components","folder":"Model Components","meta":[{"label":"tactic","tags":["aerosol"]},{"label":"gelato","tags":["sea-ice"]},{"label":"nemo_v3_6","tags":["ocean"]},{"label":"arpege-climat_version_6_3","tags":["atmosphere"]},{"label":"reprobus-c_v2_0","tags":["atmospheric-chemistry"]},{"label":"classic","tags":["aerosol"]},{"label":"gamil3","tags":["atmosphere"]},{"label":"um7.3","tags":["atmosphere"]},{"label":"lpj-guess-4.1","tags":["land_surface"]},{"label":"hadam3","tags":["atmosphere"]},{"label":"lim2","tags":["sea_ice"]},{"label":"cice5","tags":["sea_ice"]},{"label":"openifs-48r1","tags":["atmosphere"]},{"label":"wombatlite","tags":["ocean-biogeochemistry"]},{"label":"canam5-1","tags":["atmosphere"]},{"label":"class-ctem-v3.6.2","tags":["land_surface"]},{"label":"cmoc","tags":["ocean-biogeochemistry"]},{"label":"bisicles-ukesm-ismip6-1_0","tags":["land-ice"]},{"label":"clm4","tags":["land-surface"]},{"label":"piscesv2-gas","tags":["ocean-biogeochemistry"]},{"label":"fesom-2.7","tags":["ocean"]},{"label":"cable3","tags":["land_surface"]},{"label":"surfex_v8_modeling_platform","tags":["land-surface"]}],"tree":{"name":"","leaf":false,"children":[{"name":"","leaf":false,"children":[{"name":"piscesv2-gas","leaf":true,"spectral_index":2,"value":0.0},{"name":"fesom-2.7","leaf":true,"spectral_index":3,"value":0.0}],"value":0.8932759849296803},{"name":"","leaf":false,"children":[{"name":"tactic","leaf":true,"spectral_index":0,"value":0.0},{"name":"","leaf":false,"children":[{"name":"bisicles-ukesm-ismip6-1_0","leaf":true,"spectral_index":1,"value":0.0},{"name":"","leaf":false,"children":[{"name":"cable3","leaf":true,"spectral_index":4,"value":0.0},{"name":"surfex_v8_modeling_platform","leaf":true,"spectral_index":5,"value":0.0}],"value":0.7997643266468848}],"value":0.8813193603353615}],"value":0.9314707530877202}],"value":0.9363897583541931},"clusters":[0,0,0,0,0,0,0,0,0,0,0,0,0,0,0,0,0,1,1,2,3,4,5],"group_spans":[[0,16],[17,18],[19,19],[20,20],[21,21],[22,22]]};
var EMD_ENTRIES = [{"label":"tactic","url":"../view_model_components/?id=tactic"},{"label":"gelato","url":"../view_model_components/?id=gelato"},{"label":"nemo_v3_6","url":"../view_model_components/?id=nemo_v3_6"},{"label":"arpege-climat_version_6_3","url":"../view_model_components/?id=arpege-climat_version_6_3"},{"label":"reprobus-c_v2_0","url":"../view_model_components/?id=reprobus-c_v2_0"},{"label":"classic","url":"../view_model_components/?id=classic"},{"label":"gamil3","url":"../view_model_components/?id=gamil3"},{"label":"um7.3","url":"../view_model_components/?id=um7.3"},{"label":"lpj-guess-4.1","url":"../view_model_components/?id=lpj-guess-4.1"},{"label":"hadam3","url":"../view_model_components/?id=hadam3"},{"label":"lim2","url":"../view_model_components/?id=lim2"},{"label":"cice5","url":"../view_model_components/?id=cice5"},{"label":"openifs-48r1","url":"../view_model_components/?id=openifs-48r1"},{"label":"wombatlite","url":"../view_model_components/?id=wombatlite"},{"label":"canam5-1","url":"../view_model_components/?id=canam5-1"},{"label":"class-ctem-v3.6.2","url":"../view_model_components/?id=class-ctem-v3.6.2"},{"label":"cmoc","url":"../view_model_components/?id=cmoc"},{"label":"bisicles-ukesm-ismip6-1_0","url":"../view_model_components/?id=bisicles-ukesm-ismip6-1_0"},{"label":"clm4","url":"../view_model_components/?id=clm4"},{"label":"piscesv2-gas","url":"../view_model_components/?id=piscesv2-gas"},{"label":"fesom-2.7","url":"../view_model_components/?id=fesom-2.7"},{"label":"cable3","url":"../view_model_components/?id=cable3"},{"label":"surfex_v8_modeling_platform","url":"../view_model_components/?id=surfex_v8_modeling_platform"}];
var EMD_SCHEMA  = {"name":"","children":[{"name":"code_base","type":"scalar"},{"name":"component","type":"scalar"},{"name":"description","type":"scalar"},{"name":"family","type":"scalar"},{"name":"references","type":"scalar"},{"name":"ui_label","type":"scalar"},{"name":"validation_key","type":"scalar"}]};

var ids         = EMD_DATA.ids;
var link        = EMD_DATA.link;
var text        = EMD_DATA.text;
var method      = EMD_DATA.method;
var meta        = EMD_DATA.meta;
var tree        = EMD_DATA.tree;
var clusters    = EMD_DATA.clusters || ids.map(function() { return 0; });
var group_spans = EMD_DATA.group_spans || [];  /* [[start_row, end_row], ...] per group */
var n           = ids.length;

/* Cluster colour palette — 20 distinct monotone colours */
var CLUSTER_COLORS = [
  '#1565c0','#b71c1c','#1b5e20','#4a148c','#e65100',
  '#006064','#3e2723','#37474f','#880e4f','#33691e',
  '#0d47a1','#bf360c','#1a237e','#01579b','#004d40',
  '#f57f17','#4e342e','#263238','#6a1b9a','#827717'
];
function clusterColor(k) {
  return CLUSTER_COLORS[k % CLUSTER_COLORS.length];
}

var FONT    = "-apple-system, BlinkMacSystemFont, 'Segoe UI', Roboto, Helvetica, Arial, sans-serif";
var FONT_MONO = "'Source Code Pro', monospace";
var RED     = '#a40e4c';
var MUSTARD = '#f2b30d';
var NAVY    = '#0d1035';
var WHITE   = '#ffffff';

/* ── entry selector ────────────────────────────────────────────────────── */
window.emdGotoEntry = function () {
  var v = document.getElementById('emd-entry-select').value;
  if (v) window.location.href = v;
};

/* ── filter buttons ────────────────────────────────────────────────────── */
var allTags = Array.from(new Set(meta.flatMap(function (m) { return m.tags || []; }))).sort();
var activeFilter = null;

function itemVisible(i) {
  return !activeFilter || (meta[i].tags || []).indexOf(activeFilter) >= 0;
}

var matG, dendG;   // assigned below; needed by applyFilter

function applyFilter() {
  if (!matG) return;
  matG.selectAll('.emd-cell').attr('opacity', function (d) {
    if (d.i === d.j) return itemVisible(d.i) ? 1 : 0.08;
    return (itemVisible(d.i) && itemVisible(d.j)) ? 1 : 0.06;
  });
  matG.selectAll('.emd-val').attr('opacity', function (d) {
    return (itemVisible(d.i) && itemVisible(d.j)) ? 1 : 0;
  });
  matG.selectAll('.emd-diag').attr('opacity', function (d, i) { return itemVisible(i) ? 1 : 0.1; });
  matG.selectAll('.emd-xlabel').attr('opacity', function (d, i) { return itemVisible(i) ? 1 : 0.1; });
  matG.selectAll('.emd-ylabel').attr('opacity', function (d, i) { return itemVisible(i) ? 1 : 0.1; });
}

if (allTags.length > 0) {
  var bar = document.getElementById('emd-filter-bar');
  var allBtn = document.createElement('button');
  allBtn.className = 'emd-fbtn active'; allBtn.textContent = 'All';
  allBtn.onclick = function () {
    activeFilter = null;
    document.querySelectorAll('.emd-fbtn').forEach(function (b) { b.classList.remove('active'); });
    allBtn.classList.add('active'); applyFilter();
  };
  bar.appendChild(allBtn);
  allTags.forEach(function (tag) {
    var btn = document.createElement('button');
    btn.className = 'emd-fbtn';
    btn.textContent = tag.replace(/[-_]/g, ' ');
    btn.onclick = function () {
      activeFilter = tag;
      document.querySelectorAll('.emd-fbtn').forEach(function (b) { b.classList.remove('active'); });
      btn.classList.add('active'); applyFilter();
    };
    bar.appendChild(btn);
  });
}

/* ── accessible font toggle ──────────────────────────────────────────── */
window.emdToggleFont = function () {
  var viz = document.querySelector('.emd-viz');
  var btn = document.getElementById('emd-font-toggle');
  viz.classList.toggle('accessible');
  btn.classList.toggle('active');
};

/* ── layout constants ──────────────────────────────────────────────────── */
/* Matrix grows to occupy up to 3/4 of the available container/SVG width. */
var containerEl = document.querySelector('.emd-viz');
var containerW  = (containerEl && containerEl.clientWidth) || window.innerWidth * 0.85;
var availMatW   = containerW * 0.75;
var cellSize    = Math.min(80, Math.floor(availMatW / n));
var gap      = Math.max(2, Math.round(cellSize * 0.055));
var inner    = cellSize - gap;
var rad      = Math.round(inner * 0.14);
var lblFs    = Math.max(8, Math.round(cellSize * 0.145));
var maxLLen  = Math.max.apply(null, meta.map(function (m) { return Math.min(m.label.length, 50); }));
var XLBL_H   = Math.ceil(maxLLen * lblFs * 0.62) + 12;
var YLBL_W   = Math.ceil(maxLLen * lblFs * 0.62) + 16;
var LEG_H    = 62;
var DEND_W   = Math.max(30, Math.round(n * cellSize * 0.09));  /* compact right-side dendrogram */
var matW     = n * cellSize;
var margin   = { top: 30, right: DEND_W + 8, bottom: XLBL_H + LEG_H + 16, left: YLBL_W };
var totalW   = matW + margin.left + margin.right;
var totalH   = matW + margin.top + margin.bottom;

/* ── root SVG ──────────────────────────────────────────────────────────── */
var svg = d3.select('#emd-combined-chart').append('svg')
  .attr('width', totalW).attr('height', totalH);

var defs = svg.append('defs');
[['emd-leg-red', RED], ['emd-leg-mustard', MUSTARD]].forEach(function (pair) {
  var gr = defs.append('linearGradient').attr('id', pair[0]).attr('x1','0%').attr('x2','100%');
  gr.append('stop').attr('offset','0%').attr('stop-color', WHITE);
  gr.append('stop').attr('offset','100%').attr('stop-color', pair[1]);
});

/* Clip the dendrogram to its column */
defs.append('clipPath').attr('id','emd-dend-clip')
  .append('rect').attr('x', 0).attr('y', 0).attr('width', DEND_W).attr('height', matW);

/* Matrix is at left; dendrogram is to the RIGHT of the matrix */
matG = svg.append('g')
  .attr('transform', 'translate(' + margin.left + ',' + margin.top + ')');

dendG = svg.append('g')
  .attr('transform', 'translate(' + (margin.left + matW) + ',' + margin.top + ')')
  .attr('clip-path', 'url(#emd-dend-clip)');

/* ── colour helpers ────────────────────────────────────────────────────── */
function hexToRgb(h) {
  return [parseInt(h.slice(1,3),16)/255, parseInt(h.slice(3,5),16)/255, parseInt(h.slice(5,7),16)/255];
}
function blend(hex, a) {
  var c = hexToRgb(hex);
  return 'rgb(' + Math.round((1-a+c[0]*a)*255) + ',' +
                  Math.round((1-a+c[1]*a)*255) + ',' +
                  Math.round((1-a+c[2]*a)*255) + ')';
}

/* ── method subtitle ───────────────────────────────────────────────────── */
svg.append('text')
  .attr('x', margin.left + matW / 2).attr('y', margin.top - 12)
  .attr('text-anchor','middle').attr('font-family', FONT).attr('font-size', 9).attr('fill','#aaa')
  .text(n + ' items  ·  UPGMA leaf order  ·  ' + method);

/* ── similarity matrix ─────────────────────────────────────────────────── */
var cellData = [];
for (var i = 0; i < n; i++) for (var j = 0; j < n; j++) cellData.push({i: i, j: j});

var tip = d3.select('#emd-tip');

/* Show cluster boxes only while the mouse is over the matrix */
d3.select('#emd-combined-chart')
  .on('mouseenter.cluster', function () {
    matG.selectAll('.emd-cluster-box').attr('opacity', 0.8);
  })
  .on('mouseleave.cluster', function () {
    matG.selectAll('.emd-cluster-box').attr('opacity', 0);
  });

/* ── cluster background fills (drawn before cells so they sit behind) ──── */
(function () {
  var runs = [];
  var start = 0;
  for (var i = 1; i <= n; i++) {
    if (i === n || clusters[i] !== clusters[start]) {
