{
  "stem": "Model_Components",
  "singular": "Model Component",
  "endpoint": "model_component",
  "count": 50,
  "method": "field-level | link: field-level (links uninformative) | order: spectral graph components",
  "entries": [
    {
      "id": "metum-ga9",
      "label": "metum-ga9",
      "spectral_rank": 0
    },
    {
      "id": "metum-ga9a",
      "label": "metum-ga9a",
      "spectral_rank": 1
    },
    {
      "id": "ifs-cy36r4-l91",
      "label": "ifs-cy36r4-l91",
      "spectral_rank": 2
    },
    {
      "id": "arpege-climat_version_6_3",
      "label": "arpege-climat_version_6_3",
      "spectral_rank": 3
    },
    {
      "id": "um7-3",
      "label": "um7-3",
      "spectral_rank": 4
    },
    {
      "id": "gamil3",
      "label": "gamil3",
      "spectral_rank": 5
    },
    {
      "id": "reprobus-c_v2_0",
      "label": "reprobus-c_v2_0",
      "spectral_rank": 6
    },
    {
      "id": "tactic",
      "label": "tactic",
      "spectral_rank": 7
    },
    {
      "id": "classic",
      "label": "classic",
      "spectral_rank": 8
    },
    {
      "id": "ukca",
      "label": "ukca",
      "spectral_rank": 9
    },
    {
      "id": "gelato",
      "label": "gelato",
      "spectral_rank": 10
    },
    {
      "id": "hadam3",
      "label": "hadam3",
      "spectral_rank": 11
    },
    {
      "id": "glomap-mode",
      "label": "glomap-mode",
      "spectral_rank": 12
    },
    {
      "id": "iap-agcm5-0",
      "label": "iap-agcm5-0",
      "spectral_rank": 13
    },
    {
      "id": "nemo_v3_6",
      "label": "nemo_v3_6",
      "spectral_rank": 14
    },
    {
      "id": "icon-a-1-1",
      "label": "icon-a-1-1",
      "spectral_rank": 15
    },
    {
      "id": "jules-gl9",
      "label": "jules-gl9",
      "spectral_rank": 16
    },
    {
      "id": "lpj-guess-4-1",
      "label": "lpj-guess-4-1",
      "spectral_rank": 17
    },
    {
      "id": "co2box-v1-0",
      "label": "co2box-v1-0",
      "spectral_rank": 18
    },
    {
      "id": "jules-v5-3",
      "label": "jules-v5-3",
      "spectral_rank": 19
    },
    {
      "id": "openifs-48r1",
      "label": "openifs-48r1",
      "spectral_rank": 20
    },
    {
      "id": "bisicles-ukesm-ismip6-1_0",
      "label": "bisicles-ukesm-ismip6-1_0",
      "spectral_rank": 21
    },
    {
      "id": "m-sim",
      "label": "m-sim",
      "spectral_rank": 22
    },
    {
      "id": "icon-o-1-1",
      "label": "icon-o-1-1",
      "spectral_rank": 23
    },
    {
      "id": "lim2",
      "label": "lim2",
      "spectral_rank": 24
    },
    {
      "id": "mri-agcm4-4-land-surface",
      "label": "mri-agcm4-4-land-surface",
      "spectral_rank": 25
    },
    {
      "id": "canam5-1",
      "label": "canam5-1",
      "spectral_rank": 26
    },
    {
      "id": "cice5",
      "label": "cice5",
      "spectral_rank": 27
    },
    {
      "id": "clm4",
      "label": "clm4",
      "spectral_rank": 28
    },
    {
      "id": "wombatlite",
      "label": "wombatlite",
      "spectral_rank": 29
    },
    {
      "id": "canam6",
      "label": "canam6",
      "spectral_rank": 30
    },
    {
      "id": "si3-gosi9",
      "label": "si3-gosi9",
      "spectral_rank": 31
    },
    {
      "id": "mom5",
      "label": "mom5",
      "spectral_rank": 32
    },
    {
      "id": "nemo-gosi9",
      "label": "nemo-gosi9",
      "spectral_rank": 33
    },
    {
      "id": "fesim-2-7",
      "label": "fesim-2-7",
      "spectral_rank": 34
    },
    {
      "id": "fesom-2-7",
      "label": "fesom-2-7",
      "spectral_rank": 35
    },
    {
      "id": "canam5-1-aerosol",
      "label": "canam5-1-aerosol",
      "spectral_rank": 36
    },
    {
      "id": "canam6-aerosol",
      "label": "canam6-aerosol",
      "spectral_rank": 37
    },
    {
      "id": "colm2014",
      "label": "colm2014",
      "spectral_rank": 38
    },
    {
      "id": "si3-cannemo",
      "label": "si3-cannemo",
      "spectral_rank": 39
    },
    {
      "id": "cable3",
      "label": "cable3",
      "spectral_rank": 40
    },
    {
      "id": "colm2024",
      "label": "colm2024",
      "spectral_rank": 41
    },
    {
      "id": "cmoc",
      "label": "cmoc",
      "spectral_rank": 42
    },
    {
      "id": "classicv1-5",
      "label": "classicv1-5",
      "spectral_rank": 43
    },
    {
      "id": "cannemo5-1",
      "label": "cannemo5-1",
      "spectral_rank": 44
    },
    {
      "id": "class-ctem-v3-6-2",
      "label": "class-ctem-v3-6-2",
      "spectral_rank": 45
    },
    {
      "id": "cannemo6-0",
      "label": "cannemo6-0",
      "spectral_rank": 46
    },
    {
      "id": "piscesv2-gas",
      "label": "piscesv2-gas",
      "spectral_rank": 47
    },
    {
      "id": "pism-v1-2-line",
      "label": "pism-v1-2-line",
      "spectral_rank": 48
    },
    {
      "id": "surfex_v8_modeling_platform",
      "label": "surfex_v8_modeling_platform",
      "spectral_rank": 49
    }
  ],
  "link_matrix": [
    [
      0.0,
      0.6733456630515454,
      0.33951495285266636,
      0.28684582743988685,
      0.38111377071773117,
      0.3365519171564511,
      0.22448474439280663,
      0.1893917963224894,
      0.22361111111111112,
      0.24502593116454505,
      0.16864686468646867,
      0.1736916548797737,
      0.22282958199356914,
      0.17223963775687914,
      0.17227722772277226,
      0.1713253090474415,
      0.23287056136885487,
      0.1699230313795145,
      0.07602817974105103,
      0.1712871287128713,
      0.18190396559961775,
      0.017114568599717116,
      0.046281741947839294,
      0.00805047867711053,
      0.0049504950495049506,
      0.011787800418453684,
      0.2270993766043271,
      0.006790123456790124,
      0.0025459688826025458,
      0.012541254125412541,
      0.2214888155482215,
      0.018848551521818847,
      0.02871428416969214,
      0.04265944645006017,
      0.08861848102597743,
      0.0906916650067335,
      0.10101072607260726,
      0.10414898632720415,
      0.003869089168544704,
      0.0006600660066006601,
      0.00796011113126665,
      0.003860306889527692,
      0.007192766132346897,
      0.00729594163246694,
      0.0049504950495049506,
      0.01409435061153174,
      0.00045787545787545793,
      0.004791177704897648,
      0.024897468765863583,
      0.007255545020750112
    ],
    [
      0.6733456630515454,
      0.0,
      0.3651962887200027,
      0.29106625468056635,
      0.38173752891763807,
      0.3440855095922742,
      0.2293915848126192,
      0.19270024160867097,
      0.23298688318397232,
      0.24842416920949364,
      0.17271891574499218,
      0.17399626517273575,
      0.22962877021616704,
      0.17774258762527517,
      0.17654711369083717,
      0.1774779000975227,
      0.23198178469555064,
      0.17729791922262303,
      0.07562584025591909,
      0.17729600431237788,
      0.17967421542051754,
      0.021271670180099532,
      0.06294597484258273,
      0.012117215328434407,
      0.009540013026974823,
      0.01599641350263015,
      0.2275402600902904,
      0.014369352170039457,
      0.006752529190370306,
      0.012807986883183973,
      0.22571816813781642,
      0.022093636996608493,
      0.029662758574220068,
      0.0493812186959549,
      0.09356995298652017,
      0.09456876347146083,
      0.11760354198953349,
      0.10758564594222568,
      0.008449699910399296,
      0.005699301484625924,
      0.021400784018677916,
      0.013584882055557685,
      0.01673721721518129,
      0.01656003246819386,
      0.008967275340835074,
      0.020517485344653325,
      0.007445589919816724,
      0.007219382598400185,
      0.032144859807747436,
      0.007734365223752732
    ],
    [
      0.33951495285266636,
      0.3651962887200027,
      0.0,
      0.2909510043176272,
      0.34191633815155503,
      0.3431112571178274,
      0.21011617367051946,
      0.19127951942932234,
      0.22485676741130092,
      0.2452450409861711,
      0.14818772292096866,
      0.14327951942932232,
      0.22530442400350417,
      0.20896367561479257,
      0.14814079219072648,
      0.19285176146674177,
      0.1767568988173456,
      0.1760065703022339,
      0.07442375320693323,
      0.17415462111257118,
      0.3480219205566583,
      0.03770809085789374,
      0.024722934874051822,
      0.02036862524247544,
      0.006492772667542707,
      0.01232544897065265,
      0.1740354796320631,
      0.008628120893561103,
      0.005518302984794443,
      0.008035479632063075,
      0.17360709592641263,
      0.006109505037231712,
      0.0028664038545773104,
      0.008025843188786684,
      0.05821093798886177,
      0.05910625117326825,
      0.05819973718791064,
      0.05765221200175208,
      0.011858519491896627,
      0.006054752518615856,
      0.005339903635567235,
      0.01040604109262423,
      0.008528252299605783,
      0.009130530004380202,
      0.0066570302233902754,
      0.007597459483136224,
      0.020069019460609475,
      0.026236030285964582,
      0.08418991302171329,
      0.0031856579688379952
    ],
    [
      0.28684582743988685,
      0.29106625468056635,
      0.2909510043176272,
      0.0,
      0.3170762824899384,
      0.409689736515933,
      0.3967976467976468,
      0.36008454106280197,
      0.3025297619047619,
      0.2820702758090684,
      0.3094618055555556,
      0.17471264367816094,
      0.27303963594368064,
      0.2859927428892946,
      0.3107638888888889,
      0.16604459335831587,
      0.1720557228792872,
      0.23017596594300344,
      0.06615205044281863,
      0.23458967932652142,
      0.1524064130358553,
      0.17468660968660968,
      0.014581408993998965,
      0.1282896100128476,
      0.07308970099667775,
      0.025357488418133258,
      0.2190703670003033,
      0.07537647537647538,
      0.09026624853962983,
      0.07583665499497162,
      0.18465608465608468,
      0.07477678571428571,
      0.001626457034426674,
      0.07377580301768027,
      0.024284197100272114,
      0.0183688939325798,
      0.08167242409666652,
      0.08130511463844796,
      0.04025149079595541,
      0.078125,
      0.0009929254064788382,
      0.004976702261760439,
      0.03703486235339914,
      0.037277701778385776,
      0.07369614512471655,
      0.03931649529133806,
      0.02221216283716284,
      0.010478670634920634,
      0.022772401938983826,
      0.01494853055611138
    ],
    [
      0.38111377071773117,
      0.38173752891763807,
      0.34191633815155503,
      0.3170762824899384,
      0.0,
      0.37033099931443014,
      0.23869697265932435,
      0.24635153891060363,
      0.2596473623853211,
      0.3087009050595963,
      0.19875356166660868,
      0.28761061946902655,
      0.25520762657698853,
      0.22671211482109932,
      0.175260093482875,
      0.2210525602135416,
      0.19365200079141318,
      0.203513288901201,
      0.08086336345043822,
      0.20130375361965847,
      0.18003991376918316,
      0.045963766687157126,
      0.018912181059918036,
      0.03755559281704873,
      0.04027631187247977,
      0.03765410905458972,
      0.3078634176746723,
      0.037871408615547254,
      0.029056820422412696,
      0.04179613048727424,
      0.3039931260317718,
      0.032424697572460824,
      0.00991937993835527,
      0.04020799523068261,
      0.07034958144718724,
      0.060772491356172124,
      0.19396362750669804,
      0.18990758030905797,
      0.038738989993173385,
      0.03131850288219534,
      0.03796698523023458,
      0.007429602698989783,
      0.07354872038522307,
      0.0407070871873392,
      0.059184073889359264,
      0.03695772780168331,
      0.05018801257739311,
      0.00384785182509582,
      0.03832617792879864,
      0.006122876442821984
    ],
    [
      0.3365519171564511,
      0.3440855095922742,
      0.3431112571178274,
      0.409689736515933,
      0.37033099931443014,
      0.0,
      0.31290375092102335,
      0.2939366678661389,
      0.5317496968000747,
      0.4956204270121147,
      0.25047978889288713,
      0.14705529566990524,
      0.32457526343911075,
      0.3267244230720301,
      0.2501199472232218,
      0.36765514890188006,
      0.18996033049805913,
      0.26194263997525297,
      0.24165970746456467,
      0.2550856570477411,
      0.18137891044659307,
      0.13465275278877295,
      0.21931183612543814,
      0.3066634014367012,
      0.11279037223621606,
      0.20318986235525452,
      0.2578050657710607,
      0.25941355034554026,
      0.0777627074856294,
      0.11060840922301879,
      0.2109960506266132,
      0.08375314861460957,
      0.1982227819759306,
      0.11270748562939997,
      0.05245636083468574,
      0.02775822549497356,
      0.0945107856246955,
      0.09493060090597173,
      0.04764065335753176,
      0.08333333333333333,
      0.06605176075467971,
      0.010486463601753988,
      0.04758943102072125,
      0.04712426532325777,
      0.08473271760425412,
      0.0438110934892351,
      0.023589900164207468,
      0.0028673098122540368,
      0.03329363651421946,
      0.0022903531913413717
    ],
    [
      0.22448474439280663,
      0.2293915848126192,
      0.21011617367051946,
      0.3967976467976468,
      0.23869697265932435,
      0.31290375092102335,
      0.0,
      0.36257763975155277,
      0.2768565759637188,
      0.3613269575612672,
      0.35590920517391106,
      0.08407224958949096,
      0.24075001467840476,
      0.20403809381641894,
      0.3535782028429087,
      0.08429654680528433,
      0.16738186593824353,
      0.2418626919154437,
      0.15254556763990726,
      0.23595894498150136,
      0.07090685669157847,
      0.1938125763125763,
      0.013325626293785376,
      0.11923411662315056,
      0.0769656699889258,
      0.03401776703689997,
      0.13507950951081069,
      0.07520010853344186,
      0.1167166167166167,
      0.13734743165032315,
      0.10316452506928697,
      0.07342657342657342,
      0.0021686093792355654,
      0.09601664881448276,
      0.0420726916427311,
      0.03622603678972265,
      0.05686216941628197,
      0.05964978584026203,
      0.047313480746200474,
      0.07242757242757243,
      0.00960043443963163,
      0.011770332635905925,
      0.09773090402530835,
      0.04564383893092121,
      0.07936507936507937,
      0.04881463416953084,
      0.01998001998001998,
      0.08721724898195486,
      0.01642884756808292,
      0.0170812093889017
    ],
    [
      0.1893917963224894,
      0.19270024160867097,
      0.19127951942932234,
      0.36008454106280197,
      0.24635153891060363,
      0.2939366678661389,
      0.36257763975155277,
      0.0,
      0.3993055555555555,
      0.2436598070190419,
      0.34778295376121465,
      0.0877415458937198,
      0.36365834199647024,
      0.18552147086629844,
      0.32306763285024154,
      0.06662156081735118,
      0.1600915778093401,
      0.2195675690113383,
      0.026209171117175332,
      0.22580908793723437,
      0.05271697204206649,
      0.15247584541062803,
      0.033733789559091495,
      0.12109909237846575,
      0.09792754311026737,
      0.027317599532712365,
      0.1408249924173491,
      0.0961373723278485,
      0.09271646228167967,
      0.07640922871383793,
      0.11203320297523196,
      0.0926131322094055,
      0.0027107617240444562,
      0.07738591132092935,
      0.04517289856836536,
      0.019080511082553115,
      0.20508840205809903,
      0.2074955908289242,
      0.040186673580502985,
      0.0926131322094055,
      0.026483121484910204,
      0.005035606379863289,
      0.038091758601417454,
      0.03747312878639828,
      0.09693877551020409,
      0.04133805863365612,
      0.0403881832453261,
      0.005851736829997699,
      0.00991098618624205,
      0.006420975902581254
    ],
    [
      0.22361111111111112,
      0.23298688318397232,
      0.22485676741130092,
      0.3025297619047619,
      0.2596473623853211,
      0.5317496968000747,
      0.2768565759637188,
      0.3993055555555555,
      0.0,
      0.45129794973544973,
      0.2753684807256236,
      0.04558531746031746,
      0.4521120837756478,
      0.19624695228143504,
      0.25545634920634924,
      0.24735358724329096,
      0.210695893994603,
      0.25912249540369575,
      0.1953569556753519,
      0.27597161306042883,
      0.06279712990829082,
      0.11235119047619048,
      0.21109631346608285,
      0.30586983850691424,
      0.11061507936507936,
      0.20654493135102706,
      0.1649884259259259,
      0.31349432460543575,
      0.07673229548229547,
      0.09733351139601139,
      0.1193342151675485,
      0.10714285714285714,
      0.1730324074074074,
      0.09472934472934473,
      0.053983150203858576,
      0.02568267547421806,
      0.22373328189300412,
      0.22637878453850677,
      0.06786902601330913,
      0.10830026455026455,
      0.028877580571759546,
      0.027670740930010373,
      0.07441513695795103,
      0.15753119429590018,
      0.10462962962962963,
      0.10315866315662066,
      0.040844745532245534,
      0.0013818027210884354,
      0.012725994352543277,
      0.0028294355217432137
    ],
    [
      0.24502593116454505,
      0.24842416920949364,
      0.2452450409861711,
      0.2820702758090684,
      0.3087009050595963,
      0.4956204270121147,
      0.3613269575612672,
      0.2436598070190419,
      0.45129794973544973,
      0.0,
      0.2160789001793186,
      0.0737767910511485,
      0.3200313887612923,
      0.16640418968005175,
      0.2160789001793186,
      0.2634223108473756,
      0.20337846272703078,
      0.2647674730045955,
      0.3450238151627589,
      0.3017300923158664,
      0.085115757045385,
      0.08598682150684542,
      0.18349418712356372,
      0.25786553524804173,
      0.08471341320178531,
      0.20840156614681413,
      0.24340309372156507,
      0.3013888888888889,
      0.11934007912788545,
      0.17677259280465693,
      0.1830777612971941,
      0.14236401673640167,
      0.17178448440308022,
      0.1286101083032491,
      0.04049712148194213,
      0.032197453132533534,
      0.1145071141914576,
      0.11837889476778364,
      0.07085241840232766,
      0.14653068340306832,
      0.01025333388495856,
      0.014059969793061226,
      0.14570561597551596,
      0.08957980479013311,
      0.15112433862433863,
      0.09250527009708785,
      0.04218724093201081,
      0.06594464843119953,
      0.020662502289051213,
      0.010636672782058777
    ],
    [
      0.16864686468646867,
      0.17271891574499218,
      0.14818772292096866,
      0.3094618055555556,
      0.19875356166660868,
      0.25047978889288713,
      0.35590920517391106,
      0.34778295376121465,
      0.2753684807256236,
      0.2160789001793186,
      0.0,
      0.06130268199233716,
      0.2530480060760746,
      0.11934617107030901,
      0.37896825396825395,
      0.023302843992980087,
      0.1824384004974597,
      0.22231199668798998,
      0.006556421650761273,
      0.24423558897243108,
      0.009682366895660101,
      0.14102564102564102,
      0.15569478574236412,
      0.11998010692527664,
      0.2159468438538206,
      0.025562595586628795,
      0.09614801334546556,
      0.21682268348935013,
      0.09146528930701592,
      0.07326007326007325,
      0.06289241622574956,
      0.2165532879818594,
      0.0005421523448088914,
      0.09732746194840057,
      0.1909508637669388,
      0.042000513454610276,
      0.08106523907389708,
      0.08068153187200806,
      0.06367211131276466,
      0.2165532879818594,
      0.001212683161883346,
      0.027970288082571387,
      0.03562566735604138,
      0.03708227477037327,
      0.07312925170068027,
      0.03999034973877741,
      0.024515167372310232,
      0.010526315789473684,
      0.008201827946675037,
      0.0036231884057971015
    ],
    [
      0.1736916548797737,
      0.17399626517273575,
      0.14327951942932232,
      0.17471264367816094,
      0.28761061946902655,
      0.14705529566990524,
      0.08407224958949096,
      0.0877415458937198,
      0.04558531746031746,
      0.0737767910511485,
      0.06130268199233716,
      0.0,
      0.0444648598989435,
      0.1620577698163905,
      0.0011494252873563218,
      0.14354950380798523,
      0.0021940516821062897,
      0.0008880994671403196,
      0.06418015482054891,
      0.0047619047619047615,
      0.1432564330079858,
      0.18867521367521367,
      0.001097962669269245,
      0.0005594927265945542,
      0.006644518272425249,
      0.0008204286739821557,
      0.23342432514407038,
      0.0021164021164021165,
      0.17701149425287355,
      0.0025765817348983684,
      0.23523809523809522,
      0.0019704433497536944,
      0.0027107617240444562,
      0.0020629190304280558,
      0.029395208347635066,
      0.029283045721401887,
      0.1329004329004329,
      0.13015873015873017,
      0.0008426238008815142,
      0.0009852216748768472,
      0.029688469653717266,
      0.0006799483239273814,
      0.00035229874933943986,
      0.0017588430721125659,
      0.023809523809523808,
      0.008086253369272238,
      0.02139338494018297,
      0.005747126436781609,
      0.015140293405497792,
      0.005747126436781609
    ],
    [
      0.22282958199356914,
      0.22962877021616704,
      0.22530442400350417,
      0.27303963594368064,
      0.25520762657698853,
      0.32457526343911075,
      0.24075001467840476,
      0.36365834199647024,
      0.4521120837756478,
      0.3200313887612923,
      0.2530480060760746,
      0.0444648598989435,
      0.0,
      0.1938294010889292,
      0.21896380823441236,
      0.09383164051810394,
      0.20700813178619693,
      0.2636564768938332,
      0.04344545725058981,
      0.31274327297343035,
      0.0642531642867815,
      0.08477383168532263,
      0.04191800071390165,
      0.11048613106466616,
      0.10630245959827954,
      0.04096860250181202,
      0.19321957517295138,
      0.13177090399312621,
      0.12174053170837737,
      0.1489168209425444,
      0.11235031029600517,
      0.14598262134435766,
      0.00828952517055411,
      0.12930442190892352,
      0.06738908922531049,
      0.03313660728788781,
      0.25413755574080693,
      0.24386922011073495,
      0.09699994500357477,
      0.14491080998315725,
      0.003620040544454098,
      0.038536511879940234,
      0.09942716196997604,
      0.09892763130622229,
      0.12565648445873526,
      0.08810960553704811,
      0.03540725084133444,
      0.00022967386311437759,
      0.043936475463323486,
      0.0011483693155718878
    ],
    [
      0.17223963775687914,
      0.17774258762527517,
      0.20896367561479257,
      0.2859927428892946,
      0.22671211482109932,
      0.3267244230720301,
      0.20403809381641894,
      0.18552147086629844,
      0.19624695228143504,
      0.16640418968005175,
      0.11934617107030901,
      0.1620577698163905,
      0.1938294010889292,
      0.0,
      0.11979399910434393,
      0.21385135979922185,
      0.025987952993200367,
      0.12793932425604856,
      0.10975955296059395,
      0.0945434380098627,
      0.2019568241161697,
      0.14628302731751006,
      0.027818443061824783,
      0.17061418785556715,
      0.11201671891327063,
      0.08448947636734397,
      0.2793538836642285,
      0.10123784261715296,
      0.07594704146428284,
      0.12580881761916243,
      0.23192896396919385,
      0.0984848484848485,
      0.00557297109021247,
      0.10723950379122793,
      0.032896676210128456,
      0.026723028807602956,
      0.11944202562018653,
      0.11682969542164945,
      0.06070780399274047,
      0.10334813653779172,
      0.04496254903509465,
      0.008958033150371886,
      0.051917643871666856,
      0.10220088819226751,
      0.11024904214559388,
      0.07124786289762625,
      0.045308857808857815,
      0.0045955686349775015,
      0.036205555668595124,
      0.004177961737643435
    ],
    [
      0.17227722772277226,
      0.17654711369083717,
      0.14814079219072648,
      0.3107638888888889,
      0.175260093482875,
      0.2501199472232218,
      0.3535782028429087,
      0.32306763285024154,
      0.25545634920634924,
      0.2160789001793186,
      0.37896825396825395,
      0.0011494252873563218,
      0.21896380823441236,
      0.11979399910434393,
      0.0,
      0.023418237484787153,
      0.15862887668793588,
      0.2181719841344035,
      0.010417425511765135,
      0.21804511278195488,
      0.00950490460639657,
      0.1388888888888889,
      0.01377052386568063,
      0.2632102449334825,
      0.10714285714285714,
      0.024947274081142178,
      0.07233848953594177,
      0.07431827431827431,
      0.1492523929574289,
      0.1319420630900734,
      0.041940035273368606,
      0.075,
      0.14480415822242873,
      0.3641845519101837,
      0.053850160919725894,
      0.21783518107009983,
      0.037241097847158455,
      0.03646384479717813,
      0.03966813585688359,
      0.07834101382488479,
      0.001212683161883346,
      0.0045007384350112725,
      0.06963927279821824,
      0.03590971272229822,
      0.21485260770975056,
      0.03594722305414129,
      0.17205375269891396,
      0.04845446950710108,
      0.007916968240080535,
      0.0036231884057971015
    ],
    [
      0.1713253090474415,
      0.1774779000975227,
      0.19285176146674177,
      0.16604459335831587,
      0.2210525602135416,
      0.36765514890188006,
      0.08429654680528433,
      0.06662156081735118,
      0.24735358724329096,
      0.2634223108473756,
      0.023302843992980087,
      0.14354950380798523,
      0.09383164051810394,
      0.21385135979922185,
      0.023418237484787153,
      0.0,
      0.02383168270468966,
      0.03353924291907346,
      0.24302602690522404,
      0.04199373941880421,
      0.20888760266139797,
      0.03816552573772969,
      0.19034797548529378,
      0.5173858974209969,
      0.027590528546468155,
      0.20394108259695187,
      0.2405310226389222,
      0.22052142041743525,
      0.021016558550989807,
      0.04607928582100743,
      0.22304401063301801,
      0.04352139675261757,
      0.20682112464455515,
      0.0626239176438206,
      0.06282416040732024,
      0.06388748919084675,
      0.11854414525875845,
      0.1065119697067929,
      0.033551924340745186,
      0.05477442597764052,
      0.04202298121498633,
      0.04243511138238609,
      0.07667890562494045,
      0.05920448451562436,
      0.08891551375362329,
      0.05597346674502662,
      0.07153192455078512,
      0.03040197923493265,
      0.06324243927674035,
      0.018834213618320845
    ],
    [
      0.23287056136885487,
      0.23198178469555064,
      0.1767568988173456,
      0.1720557228792872,
      0.19365200079141318,
      0.18996033049805913,
      0.16738186593824353,
      0.1600915778093401,
      0.210695893994603,
      0.20337846272703078,
      0.1824384004974597,
      0.0021940516821062897,
      0.20700813178619693,
      0.025987952993200367,
      0.15862887668793588,
      0.02383168270468966,
      0.0,
      0.35753565268875337,
      0.012128524556184447,
      0.6197445219369837,
      0.017951769083548556,
      0.07806725598682862,
      0.02019313750739882,
      0.02442577666780187,
      0.024141193055349456,
      0.19414879781932434,
      0.03304149972795172,
      0.04577071032385042,
      0.16834312000508764,
      0.030608522530543598,
      0.03030246821981501,
      0.04592429088830632,
      0.007731735668002175,
      0.035084953257159816,
      0.03218909526495762,
      0.03836383489450792,
      0.033431023396151754,
      0.034853093930850274,
      0.25022634881389716,
      0.026215561161398823,
      0.17517612284214104,
      0.2288089906490941,
      0.03950436927035866,
      0.2375895803674903,
      0.030766186872434088,
      0.2343813011181621,
      0.030175718454765788,
      0.003791893667988044,
      0.08472559375015053,
      0.1732753199217066
    ],
    [
      0.1699230313795145,
      0.17729791922262303,
      0.1760065703022339,
      0.23017596594300344,
      0.203513288901201,
      0.26194263997525297,
      0.2418626919154437,
      0.2195675690113383,
      0.25912249540369575,
      0.2647674730045955,
      0.22231199668798998,
      0.0008880994671403196,
      0.2636564768938332,
      0.12793932425604856,
      0.2181719841344035,
      0.03353924291907346,
      0.35753565268875337,
      0.0,
      0.012949522224296848,
      0.4275108285812222,
      0.015281601957980265,
      0.1673459106617936,
      0.024613792760675768,
      0.10083824125144121,
      0.10902082260874446,
      0.23518793068170388,
      0.09223653049141504,
      0.14370891591140258,
      0.2206683192473601,
      0.09344400419000774,
      0.0440979760103502,
      0.11358507537459579,
      0.004431099457742441,
      0.0953682197021451,
      0.03509813343886329,
      0.03325843304997563,
      0.04705830756748459,
      0.04691029098962787,
      0.21771022383545072,
      0.10046852939836955,
      0.17810599478714162,
      0.17597382653488594,
      0.051498804903186195,
      0.21945677915926587,
      0.09031231497927768,
      0.21224480845558405,
      0.024771557631237912,
      0.0036631585730799126,
      0.08917193283470877,
      0.14446367950945077
    ],
    [
      0.07602817974105103,
      0.07562584025591909,
      0.07442375320693323,
      0.06615205044281863,
      0.08086336345043822,
      0.24165970746456467,
      0.15254556763990726,
      0.026209171117175332,
      0.1953569556753519,
      0.3450238151627589,
      0.006556421650761273,
      0.06418015482054891,
      0.04344545725058981,
      0.10975955296059395,
      0.010417425511765135,
      0.24302602690522404,
      0.012128524556184447,
      0.012949522224296848,
      0.0,
      0.01571079165418788,
      0.07449591968865836,
      0.011329640709694616,
      0.20402857413959036,
      0.1704640622690773,
      0.008424747696358051,
      0.22219685383438934,
      0.09271249587918257,
      0.17104588865595152,
      0.021831129628449724,
      0.0765772335326538,
      0.0832734351602276,
      0.011473737888832228,
      0.17026093591558486,
      0.005920350566491837,
      0.0046822188750560295,
      0.0032093675631495763,
      0.04235204594338385,
      0.04431840870520115,
      0.03238665362762202,
      0.006969233384327724,
      0.010621300359124244,
      0.02439416393045958,
      0.07977295564248545,
      0.045896835471726426,
      0.00868523510032944,
      0.01579814315663372,
      0.01716751716751717,
      0.06913712853562477,
      0.023438188834855975,
      0.014514630138137067
    ],
    [
      0.1712871287128713,
      0.17729600431237788,
      0.17415462111257118,
      0.23458967932652142,
      0.20130375361965847,
      0.2550856570477411,
      0.23595894498150136,
      0.22580908793723437,
      0.27597161306042883,
      0.3017300923158664,
      0.24423558897243108,
      0.0047619047619047615,
      0.31274327297343035,
      0.0945434380098627,
      0.21804511278195488,
      0.04199373941880421,
      0.6197445219369837,
      0.4275108285812222,
      0.01571079165418788,
      0.0,
      0.012441570083882946,
      0.1493734335839599,
      0.0157391593130278,
      0.10525628693142779,
      0.08471341320178531,
      0.20130257914832964,
      0.12126680820948336,
      0.10826210826210825,
      0.25830280830280833,
      0.11117962420567633,
      0.06872427983539094,
      0.12268518518518517,
      0.0031625553447185324,
      0.12754173223487303,
      0.06096502031855511,
      0.048967897300237984,
      0.06541849471142401,
      0.06455761316872428,
      0.2835148215366001,
      0.11944444444444445,
      0.1685490877497828,
      0.2233929294588709,
      0.059873752365874576,
      0.2666970170732141,
      0.14126984126984127,
      0.2727630022425928,
      0.03355995855995856,
      0.007482993197278911,
      0.08117342982390698,
      0.17301587301587304
    ],
    [
      0.18190396559961775,
      0.17967421542051754,
      0.3480219205566583,
      0.1524064130358553,
      0.18003991376918316,
      0.18137891044659307,
      0.07090685669157847,
      0.05271697204206649,
      0.06279712990829082,
      0.085115757045385,
      0.009682366895660101,
      0.1432564330079858,
      0.0642531642867815,
      0.2019568241161697,
      0.00950490460639657,
      0.20888760266139797,
      0.017951769083548556,
      0.015281601957980265,
      0.07449591968865836,
      0.012441570083882946,
      0.0,
      0.04191395518314901,
      0.019659843617710046,
      0.03921210658518473,
      0.0123864307414285,
      0.022695264419827398,
      0.2642047839604989,
      0.06733812156268454,
      0.011243852090365505,
      0.05147246672347524,
      0.263742324959268,
      0.06442967859373058,
      0.05730564331423565,
      0.051679506060949364,
      0.12031920343215728,
      0.11798663137748751,
      0.1472826976300755,
      0.14769677630502373,
      0.020108784586597223,
      0.0961406017658819,
      0.06382851899645312,
      0.0755743117949856,
      0.09940485083918522,
      0.0995117500160082,
      0.09676171977830426,
      0.09754149680191815,
      0.09770353532119556,
      0.07036639846436109,
      0.1620982239202768,
      0.0312956533064657
    ],
    [
      0.017114568599717116,
      0.021271670180099532,
      0.03770809085789374,
      0.17468660968660968,
      0.045963766687157126,
      0.13465275278877295,
      0.1938125763125763,
      0.15247584541062803,
      0.11235119047619048,
      0.08598682150684542,
      0.14102564102564102,
      0.18867521367521367,
      0.08477383168532263,
      0.14628302731751006,
      0.1388888888888889,
      0.03816552573772969,
      0.07806725598682862,
      0.1673459106617936,
      0.011329640709694616,
      0.1493734335839599,
      0.04191395518314901,
      0.0,
      0.013849433881152801,
      0.1315118736789755,
      0.09973069566092821,
      0.08488129794194278,
      0.08723081589323627,
      0.07467100800434133,
      0.3429487179487179,
      0.07726808929213738,
      0.05780084113417446,
      0.09294871794871795,
      0.0027107617240444562,
      0.07583872204810833,
      0.06013577944392558,
      0.03720230037978698,
      0.03802818954334105,
      0.0396384479717813,
      0.09932157981159796,
      0.08928571428571429,
      0.06185353376798156,
      0.06435543140649459,
      0.036330264854720254,
      0.09758321933424532,
      0.07936507936507937,
      0.1001880137100263,
      0.021811521811521815,
      0.06512617012617013,
      0.18734297593129262,
      0.07790927021696252
    ],
    [
      0.046281741947839294,
      0.06294597484258273,
      0.024722934874051822,
      0.014581408993998965,
      0.018912181059918036,
      0.21931183612543814,
      0.013325626293785376,
      0.033733789559091495,
      0.21109631346608285,
      0.18349418712356372,
      0.15569478574236412,
      0.001097962669269245,
      0.04191800071390165,
      0.027818443061824783,
      0.01377052386568063,
      0.19034797548529378,
      0.02019313750739882,
      0.024613792760675768,
      0.20402857413959036,
      0.0157391593130278,
      0.019659843617710046,
      0.013849433881152801,
      0.0,
      0.18856774610403984,
      0.22529651769617615,
      0.23692470287947676,
      0.039134405541322706,
      0.3538195997632377,
      0.012679822854276922,
      0.017212711064120114,
      0.044270374436898775,
      0.1808402125438846,
      0.21919683804824708,
      0.018066682029107304,
      0.24155721074269845,
      0.059279191128506194,
      0.05276165286306191,
      0.05368043412449902,
      0.022860311698787196,
      0.1808402125438846,
      0.0333037380432769,
      0.01094121576182675,
      0.01953176184602316,
      0.02242012660458433,
      0.01588148780719233,
      0.01696984895106159,
      0.015496297199969275,
      0.003566442233027569,
      0.027141817918931496,
      0.005633110061559495
    ],
    [
      0.00805047867711053,
      0.012117215328434407,
      0.02036862524247544,
      0.1282896100128476,
      0.03755559281704873,
      0.3066634014367012,
      0.11923411662315056,
      0.12109909237846575,
      0.30586983850691424,
      0.25786553524804173,
      0.11998010692527664,
      0.0005594927265945542,
      0.11048613106466616,
      0.17061418785556715,
      0.2632102449334825,
      0.5173858974209969,
      0.02442577666780187,
      0.10083824125144121,
      0.1704640622690773,
      0.10525628693142779,
      0.03921210658518473,
      0.1315118736789755,
      0.18856774610403984,
      0.0,
      0.08550913838120104,
      0.19995942445144976,
      0.1357775750521669,
      0.2883234743341838,
      0.07785556480073451,
      0.1569938549711427,
      0.07344855035006415,
      0.12267411683286672,
      0.3684754351651706,
      0.29724146636757914,
      0.06305619345403209,
      0.2239227090831244,
      0.08625860256938529,
      0.07627709691229217,
      0.054295220810647304,
      0.11410655677540449,
      0.03649175328595006,
      0.040631795046524026,
      0.13645877861400038,
      0.08213854110960815,
      0.31649994232805895,
      0.07192548681655675,
      0.23719899958064103,
      0.06529708468159774,
      0.041322934455927905,
      0.017641325129159578
    ],
    [
      0.0049504950495049506,
      0.009540013026974823,
      0.006492772667542707,
      0.07308970099667775,
      0.04027631187247977,
      0.11279037223621606,
      0.0769656699889258,
      0.09792754311026737,
      0.11061507936507936,
      0.08471341320178531,
      0.2159468438538206,
      0.006644518272425249,
      0.10630245959827954,
      0.11201671891327063,
      0.10714285714285714,
      0.027590528546468155,
      0.024141193055349456,
      0.10902082260874446,
      0.008424747696358051,
      0.08471341320178531,
      0.0123864307414285,
      0.09973069566092821,
      0.22529651769617615,
      0.08550913838120104,
      0.0,
      0.03751053403664284,
      0.08662259538055717,
      0.29020763187429854,
      0.12030605053860867,
      0.12421003623408432,
      0.04643985070341659,
      0.3197282906585232,
      0.04652595805347229,
      0.13619680560113773,
      0.1954787681531046,
      0.022053041260903083,
      0.07436558951710466,
      0.07211199294532628,
      0.05362976406533575,
      0.3195031712473573,
      0.001882421083116131,
      0.00563689219646592,
      0.04588147539236729,
      0.04762596899224806,
      0.09052736669015739,
      0.04773184036749928,
      0.02705950380368985,
      0.027184517217739807,
      0.06496807762653084,
      0.0047212775298642925
    ],
    [
      0.011787800418453684,
      0.01599641350263015,
      0.01232544897065265,
      0.025357488418133258,
      0.03765410905458972,
      0.20318986235525452,
      0.03401776703689997,
      0.027317599532712365,
      0.20654493135102706,
      0.20840156614681413,
      0.025562595586628795,
      0.0008204286739821557,
      0.04096860250181202,
      0.08448947636734397,
      0.024947274081142178,
      0.20394108259695187,
      0.19414879781932434,
      0.23518793068170388,
      0.22219685383438934,
      0.20130257914832964,
      0.022695264419827398,
      0.08488129794194278,
      0.23692470287947676,
      0.19995942445144976,
      0.03751053403664284,
      0.0,
      0.03438309560223478,
      0.21829437040273833,
      0.17141697841469994,
      0.04156683174325735,
      0.03405120842306772,
      0.03797745629458542,
      0.17985263619685732,
      0.04001143571549951,
      0.07215341686890998,
      0.05850795025899255,
      0.038132692447745975,
      0.03657729641998814,
      0.28432573187090665,
      0.03906779411203706,
      0.17824556958461776,
      0.17792519164632617,
      0.03932915093063662,
      0.21630387097669165,
      0.03391803739192859,
      0.2095901782896539,
      0.0282113196686061,
      0.006489362914344967,
      0.0971730819631035,
