{
  "stem": "Model_Components",
  "singular": "Model Component",
  "endpoint": "model_component",
  "count": 10,
  "method": "embedding (all-MiniLM-L6-v2) | link: field-level (links uninformative) | order: UPGMA + dendrogram cut",
  "entries": [
    {
      "id": "piscesv2-gas",
      "label": "piscesv2-gas",
      "spectral_rank": 0
    },
    {
      "id": "tactic",
      "label": "tactic",
      "spectral_rank": 1
    },
    {
      "id": "arpege-climat_version_6_3",
      "label": "arpege-climat_version_6_3",
      "spectral_rank": 2
    },
    {
      "id": "reprobus-c_v2_0",
      "label": "reprobus-c_v2_0",
      "spectral_rank": 3
    },
    {
      "id": "gelato",
      "label": "gelato",
      "spectral_rank": 4
    },
    {
      "id": "nemo_v3_6",
      "label": "nemo_v3_6",
      "spectral_rank": 5
    },
    {
      "id": "surfex_v8_modeling_platform",
      "label": "surfex_v8_modeling_platform",
      "spectral_rank": 6
    },
    {
      "id": "hadam3",
      "label": "hadam3",
      "spectral_rank": 7
    },
    {
      "id": "clm4",
      "label": "clm4",
      "spectral_rank": 8
    },
    {
      "id": "bisicles-ukesm-ismip6-1_0",
      "label": "bisicles-ukesm-ismip6-1_0",
      "spectral_rank": 9
    }
  ],
  "link_matrix": [
    [
      0.0,
      0.005851736829997699,
      0.010478670634920634,
      0.08721724898195486,
      0.010526315789473684,
      0.04845446950710108,
      0.14177820076567535,
      0.005747126436781609,
      0.00851699592706787,
      0.06512617012617013
    ],
    [
      0.005851736829997699,
      0.0,
      0.36008454106280197,
      0.36257763975155277,
      0.34778295376121465,
      0.32306763285024154,
      0.006420975902581254,
      0.0877415458937198,
      0.09271646228167967,
      0.15247584541062803
    ],
    [
      0.010478670634920634,
      0.36008454106280197,
      0.0,
      0.3967976467976468,
      0.3094618055555556,
      0.3107638888888889,
      0.01494853055611138,
      0.17471264367816094,
      0.09026624853962983,
      0.17468660968660968
    ],
    [
      0.08721724898195486,
      0.36257763975155277,
      0.3967976467976468,
      0.0,
      0.35590920517391106,
      0.3535782028429087,
      0.0170812093889017,
      0.08407224958949096,
      0.1167166167166167,
      0.1938125763125763
    ],
    [
      0.010526315789473684,
      0.34778295376121465,
      0.3094618055555556,
      0.35590920517391106,
      0.0,
      0.37896825396825395,
      0.0036231884057971015,
      0.06130268199233716,
      0.09146528930701592,
      0.14102564102564102
    ],
    [
      0.04845446950710108,
      0.32306763285024154,
      0.3107638888888889,
      0.3535782028429087,
      0.37896825396825395,
      0.0,
      0.0036231884057971015,
      0.0011494252873563218,
      0.1492523929574289,
      0.1388888888888889
    ],
    [
      0.14177820076567535,
      0.006420975902581254,
      0.01494853055611138,
      0.0170812093889017,
      0.0036231884057971015,
      0.0036231884057971015,
      0.0,
      0.005747126436781609,
      0.1858513189448441,
      0.07790927021696252
    ],
    [
      0.005747126436781609,
      0.0877415458937198,
      0.17471264367816094,
      0.08407224958949096,
      0.06130268199233716,
      0.0011494252873563218,
      0.005747126436781609,
      0.0,
      0.17701149425287355,
      0.18867521367521367
    ],
    [
      0.00851699592706787,
      0.09271646228167967,
      0.09026624853962983,
      0.1167166167166167,
      0.09146528930701592,
      0.1492523929574289,
      0.1858513189448441,
      0.17701149425287355,
      0.0,
      0.3429487179487179
    ],
    [
      0.06512617012617013,
      0.15247584541062803,
      0.17468660968660968,
      0.1938125763125763,
      0.14102564102564102,
      0.1388888888888889,
      0.07790927021696252,
      0.18867521367521367,
      0.3429487179487179,
      0.0
    ]
  ],
  "text_matrix": [
    [
      0.0,
      0.02611878295630914,
      0.0803579674048647,
      0.06306405407493056,
      0.0648491340222091,
      0.093919715902127,
      0.02890574924422914,
      0.021871833432872,
      0.02132031984235423,
      0.02034869109253925
    ],
    [
      0.02611878295630914,
      0.0,
      0.08684838734053892,
      0.13001552554555912,
      0.05809170796507239,
      0.04574271253356089,
      0.08485235684482495,
      0.043795218473467235,
      0.03113848947717675,
      0.028321467371671287
    ],
    [
      0.0803579674048647,
      0.08684838734053892,
      0.0,
      0.16749972997466012,
      0.11426255439980898,
      0.10613458406050613,
      0.10163404675309934,
      0.14027663509444627,
      0.051134089989285134,
      0.013206579842902829
    ],
    [
      0.06306405407493056,
      0.13001552554555912,
      0.16749972997466012,
      0.0,
      0.01711050311621888,
      0.10778555017859458,
      0.15418045925099905,
      0.15302456664295516,
      0.1142051248501426,
      0.03336755435114665
    ],
    [
      0.0648491340222091,
      0.05809170796507239,
      0.11426255439980898,
      0.01711050311621888,
      0.0,
      0.04523395349100263,
      0.048217723613393555,
      0.03077108925676573,
      0.0,
      0.0
    ],
    [
      0.093919715902127,
      0.04574271253356089,
      0.10613458406050613,
      0.10778555017859458,
      0.04523395349100263,
      0.0,
      0.06607152203940175,
      0.04332992377762123,
      0.04223732941817712,
      0.0
    ],
    [
      0.02890574924422914,
      0.08485235684482495,
      0.10163404675309934,
      0.15418045925099905,
      0.048217723613393555,
      0.06607152203940175,
      0.0,
      0.08838128442975393,
      0.190958146215307,
      0.0
    ],
    [
      0.021871833432872,
      0.043795218473467235,
      0.14027663509444627,
      0.15302456664295516,
      0.03077108925676573,
      0.04332992377762123,
      0.08838128442975393,
      0.0,
      0.12596625602330952,
      0.08008260189445798
    ],
    [
      0.02132031984235423,
      0.03113848947717675,
      0.051134089989285134,
      0.1142051248501426,
      0.0,
      0.04223732941817712,
      0.190958146215307,
      0.12596625602330952,
      0.0,
      0.06354571826912403
    ],
    [
      0.02034869109253925,
      0.028321467371671287,
      0.013206579842902829,
      0.03336755435114665,
      0.0,
      0.0,
      0.0,
      0.08008260189445798,
      0.06354571826912403,
      0.0
    ]
  ],
  "dendrogram": {
    "name": "",
    "leaf": false,
    "children": [
      {
        "name": "piscesv2-gas",
        "leaf": true,
        "spectral_index": 0,
        "value": 0.0
      },
      {
        "name": "",
        "leaf": false,
        "children": [
          {
            "name": "",
            "leaf": false,
            "children": [
              {
                "name": "",
                "leaf": false,
                "children": [
                  {
                    "name": "tactic",
                    "leaf": true,
                    "spectral_index": 1,
                    "value": 0.0
                  },
                  {
                    "name": "",
                    "leaf": false,
                    "children": [
                      {
                        "name": "arpege-climat_version_6_3",
                        "leaf": true,
                        "spectral_index": 2,
                        "value": 0.0
                      },
                      {
                        "name": "reprobus-c_v2_0",
                        "leaf": true,
                        "spectral_index": 3,
                        "value": 0.0
                      }
                    ],
                    "value": 0.7178513116138465
                  }
                ],
                "value": 0.7651184765748869
              },
              {
                "name": "",
                "leaf": false,
                "children": [
                  {
                    "name": "gelato",
                    "leaf": true,
                    "spectral_index": 4,
                    "value": 0.0
                  },
                  {
                    "name": "nemo_v3_6",
                    "leaf": true,
                    "spectral_index": 5,
                    "value": 0.0
                  }
                ],
                "value": 0.7878988962703717
              }
            ],
            "value": 0.7958590582227931
          },
          {
            "name": "",
            "leaf": false,
            "children": [
              {
                "name": "surfex_v8_modeling_platform",
                "leaf": true,
                "spectral_index": 6,
                "value": 0.0
              },
              {
                "name": "",
                "leaf": false,
                "children": [
                  {
                    "name": "hadam3",
                    "leaf": true,
                    "spectral_index": 7,
                    "value": 0.0
                  },
                  {
                    "name": "",
                    "leaf": false,
                    "children": [
                      {
                        "name": "clm4",
                        "leaf": true,
                        "spectral_index": 8,
                        "value": 0.0
                      },
                      {
                        "name": "bisicles-ukesm-ismip6-1_0",
                        "leaf": true,
                        "spectral_index": 9,
                        "value": 0.0
                      }
                    ],
                    "value": 0.796752781891079
                  }
                ],
                "value": 0.8570661085385363
              }
            ],
            "value": 0.9085254756260586
          }
        ],
        "value": 0.9256063403181388
      }
    ],
    "value": 0.955308156501579
  },
  "schema": {
    "name": "record",
    "children": [
      {
        "name": "code_base",
        "type": "scalar"
      },
      {
        "name": "component",
        "type": "scalar"
      },
      {
        "name": "description",
        "type": "scalar"
      },
      {
        "name": "family",
        "type": "scalar"
      },
      {
        "name": "name",
        "type": "scalar"
      },
      {
        "name": "references",
        "type": "scalar"
      },
      {
        "name": "ui_label",
        "type": "scalar"
      },
      {
        "name": "validation_key",
        "type": "scalar"
      }
    ]
  }
}