{
  "stem": "Vertical_Computational_Grids",
  "singular": "Vertical Grid",
  "endpoint": "vertical_computational_grid",
  "count": 11,
  "method": "embedding (all-MiniLM-L6-v2) | link: text (links uninformative) | order: UPGMA leaf traversal",
  "entries": [
    {
      "id": "v109",
      "label": "v109",
      "spectral_rank": 0
    },
    {
      "id": "v106",
      "label": "v106",
      "spectral_rank": 1
    },
    {
      "id": "v100",
      "label": "v100",
      "spectral_rank": 2
    },
    {
      "id": "v110",
      "label": "v110",
      "spectral_rank": 3
    },
    {
      "id": "v104",
      "label": "v104",
      "spectral_rank": 4
    },
    {
      "id": "v102",
      "label": "v102",
      "spectral_rank": 5
    },
    {
      "id": "v103",
      "label": "v103",
      "spectral_rank": 6
    },
    {
      "id": "v101",
      "label": "v101",
      "spectral_rank": 7
    },
    {
      "id": "v105",
      "label": "v105",
      "spectral_rank": 8
    },
    {
      "id": "v107",
      "label": "v107",
      "spectral_rank": 9
    },
    {
      "id": "v108",
      "label": "v108",
      "spectral_rank": 10
    }
  ],
  "link_matrix": [
    [
      0.0,
      0.49503663899173367,
      0.19933968655477388,
      0.4349364329244892,
      0.2582825147530883,
      0.32840448035157666,
      0.24501323902607458,
      0.09618083462830537,
      0.3575509913673196,
      0.4510169495965842,
      0.49641946878079385
    ],
    [
      0.49503663899173367,
      0.0,
      0.6915941834817828,
      0.648161832761962,
      0.5641806804276808,
      0.45825937944082473,
      0.5084523070984023,
      0.3439101012426172,
      0.42264114313681644,
      0.6188106244629266,
      0.5549183098941146
    ],
    [
      0.19933968655477388,
      0.6915941834817828,
      0.0,
      0.49973476415147583,
      0.6309465915539167,
      0.4528991571633192,
      0.5767421539890385,
      0.3049166297544993,
      0.2808424966195032,
      0.3549001990189206,
      0.3152159254364442
    ],
    [
      0.4349364329244892,
      0.648161832761962,
      0.49973476415147583,
      0.0,
      0.6210164737636847,
      0.441177862189485,
      0.4058013040086454,
      0.326122477576268,
      0.38170497913554113,
      0.5223802723663582,
      0.4921185675621432
    ],
    [
      0.2582825147530883,
      0.5641806804276808,
      0.6309465915539167,
      0.6210164737636847,
      0.0,
      0.5995054840247609,
      0.4293765398935571,
      0.29968565178362017,
      0.20736053766460444,
      0.30948372350052117,
      0.3027631782274967
    ],
    [
      0.32840448035157666,
      0.45825937944082473,
      0.4528991571633192,
      0.441177862189485,
      0.5995054840247609,
      0.0,
      0.5396116159871063,
      0.3411597321508245,
      0.4392548256686861,
      0.44844062524438844,
      0.4554990189563956
    ],
    [
      0.24501323902607458,
      0.5084523070984023,
      0.5767421539890385,
      0.4058013040086454,
      0.4293765398935571,
      0.5396116159871063,
      0.0,
      0.334796316810256,
      0.36045921934334835,
      0.3739310933964866,
      0.3949571848962671
    ],
    [
      0.09618083462830537,
      0.3439101012426172,
      0.3049166297544993,
      0.326122477576268,
      0.29968565178362017,
      0.3411597321508245,
      0.334796316810256,
      0.0,
      0.5771618616276142,
      0.39965496186165744,
      0.3942698031057699
    ],
    [
      0.3575509913673196,
      0.42264114313681644,
      0.2808424966195032,
      0.38170497913554113,
      0.20736053766460444,
      0.4392548256686861,
      0.36045921934334835,
      0.5771618616276142,
      0.0,
      0.6354913656907188,
      0.613677363672342
    ],
    [
      0.4510169495965842,
      0.6188106244629266,
      0.3549001990189206,
      0.5223802723663582,
      0.30948372350052117,
      0.44844062524438844,
      0.3739310933964866,
      0.39965496186165744,
      0.6354913656907188,
      0.0,
      0.8228908707818499
    ],
    [
      0.49641946878079385,
      0.5549183098941146,
      0.3152159254364442,
      0.4921185675621432,
      0.3027631782274967,
      0.4554990189563956,
      0.3949571848962671,
      0.3942698031057699,
      0.613677363672342,
      0.8228908707818499,
      0.0
    ]
  ],
  "text_matrix": [
    [
      0.0,
      0.49503663899173367,
      0.19933968655477388,
      0.4349364329244892,
      0.2582825147530883,
      0.32840448035157666,
      0.24501323902607458,
      0.09618083462830537,
      0.3575509913673196,
      0.4510169495965842,
      0.49641946878079385
    ],
    [
      0.49503663899173367,
      0.0,
      0.6915941834817828,
      0.648161832761962,
      0.5641806804276808,
      0.45825937944082473,
      0.5084523070984023,
      0.3439101012426172,
      0.42264114313681644,
      0.6188106244629266,
      0.5549183098941146
    ],
    [
      0.19933968655477388,
      0.6915941834817828,
      0.0,
      0.49973476415147583,
      0.6309465915539167,
      0.4528991571633192,
      0.5767421539890385,
      0.3049166297544993,
      0.2808424966195032,
      0.3549001990189206,
      0.3152159254364442
    ],
    [
      0.4349364329244892,
      0.648161832761962,
      0.49973476415147583,
      0.0,
      0.6210164737636847,
      0.441177862189485,
      0.4058013040086454,
      0.326122477576268,
      0.38170497913554113,
      0.5223802723663582,
      0.4921185675621432
    ],
    [
      0.2582825147530883,
      0.5641806804276808,
      0.6309465915539167,
      0.6210164737636847,
      0.0,
      0.5995054840247609,
      0.4293765398935571,
      0.29968565178362017,
      0.20736053766460444,
      0.30948372350052117,
      0.3027631782274967
    ],
    [
      0.32840448035157666,
      0.45825937944082473,
      0.4528991571633192,
      0.441177862189485,
      0.5995054840247609,
      0.0,
      0.5396116159871063,
      0.3411597321508245,
      0.4392548256686861,
      0.44844062524438844,
      0.4554990189563956
    ],
    [
      0.24501323902607458,
      0.5084523070984023,
      0.5767421539890385,
      0.4058013040086454,
      0.4293765398935571,
      0.5396116159871063,
      0.0,
      0.334796316810256,
      0.36045921934334835,
      0.3739310933964866,
      0.3949571848962671
    ],
    [
      0.09618083462830537,
      0.3439101012426172,
      0.3049166297544993,
      0.326122477576268,
      0.29968565178362017,
      0.3411597321508245,
      0.334796316810256,
      0.0,
      0.5771618616276142,
      0.39965496186165744,
      0.3942698031057699
    ],
    [
      0.3575509913673196,
      0.42264114313681644,
      0.2808424966195032,
      0.38170497913554113,
      0.20736053766460444,
      0.4392548256686861,
      0.36045921934334835,
      0.5771618616276142,
      0.0,
      0.6354913656907188,
      0.613677363672342
    ],
    [
      0.4510169495965842,
      0.6188106244629266,
      0.3549001990189206,
      0.5223802723663582,
      0.30948372350052117,
      0.44844062524438844,
      0.3739310933964866,
      0.39965496186165744,
      0.6354913656907188,
      0.0,
      0.8228908707818499
    ],
    [
      0.49641946878079385,
      0.5549183098941146,
      0.3152159254364442,
      0.4921185675621432,
      0.3027631782274967,
      0.4554990189563956,
      0.3949571848962671,
      0.3942698031057699,
      0.613677363672342,
      0.8228908707818499,
      0.0
    ]
  ],
  "dendrogram": {
    "name": "",
    "leaf": false,
    "children": [
      {
        "name": "v109",
        "leaf": true,
        "spectral_index": 0,
        "value": 0.0
      },
      {
        "name": "",
        "leaf": false,
        "children": [
          {
            "name": "",
            "leaf": false,
            "children": [
              {
                "name": "",
                "leaf": false,
                "children": [
                  {
                    "name": "",
                    "leaf": false,
                    "children": [
                      {
                        "name": "v106",
                        "leaf": true,
                        "spectral_index": 1,
                        "value": 0.0
                      },
                      {
                        "name": "v100",
                        "leaf": true,
                        "spectral_index": 2,
                        "value": 0.0
                      }
                    ],
                    "value": 0.3084058165182172
                  },
                  {
                    "name": "",
                    "leaf": false,
                    "children": [
                      {
                        "name": "v110",
                        "leaf": true,
                        "spectral_index": 3,
                        "value": 0.0
                      },
                      {
                        "name": "v104",
                        "leaf": true,
                        "spectral_index": 4,
                        "value": 0.0
                      }
                    ],
                    "value": 0.37898352623631526
                  }
                ],
                "value": 0.41424403277624117
              },
              {
                "name": "",
                "leaf": false,
                "children": [
                  {
                    "name": "v102",
                    "leaf": true,
                    "spectral_index": 5,
                    "value": 0.0
                  },
                  {
                    "name": "v103",
                    "leaf": true,
                    "spectral_index": 6,
                    "value": 0.0
                  }
                ],
                "value": 0.4603883840128937
              }
            ],
            "value": 0.5159732265239958
          },
          {
            "name": "",
            "leaf": false,
            "children": [
              {
                "name": "v101",
                "leaf": true,
                "spectral_index": 7,
                "value": 0.0
              },
              {
                "name": "",
                "leaf": false,
                "children": [
                  {
                    "name": "v105",
                    "leaf": true,
                    "spectral_index": 8,
                    "value": 0.0
                  },
                  {
                    "name": "",
                    "leaf": false,
                    "children": [
                      {
                        "name": "v107",
                        "leaf": true,
                        "spectral_index": 9,
                        "value": 0.0
                      },
                      {
                        "name": "v108",
                        "leaf": true,
                        "spectral_index": 10,
                        "value": 0.0
                      }
                    ],
                    "value": 0.17710912921815014
                  }
                ],
                "value": 0.37541563531846955
              }
            ],
            "value": 0.5429711244683195
          }
        ],
        "value": 0.6172386319229562
      }
    ],
    "value": 0.663781876302526
  },
  "schema": {
    "name": "record",
    "children": [
      {
        "name": "bottom_layer_thickness",
        "type": "scalar"
      },
      {
        "name": "description",
        "type": "scalar"
      },
      {
        "name": "n_z",
        "type": "scalar"
      },
      {
        "name": "top_layer_thickness",
        "type": "scalar"
      },
      {
        "name": "total_thickness",
        "type": "scalar"
      },
      {
        "name": "ui_label",
        "type": "scalar"
      },
      {
        "name": "validation_key",
        "type": "scalar"
      },
      {
        "name": "vertical_coordinate",
        "type": "scalar"
      }
    ]
  }
}