{
  "stem": "Vertical_Computational_Grids",
  "singular": "Vertical Grid",
  "endpoint": "vertical_computational_grid",
  "count": 11,
  "method": "embedding (all-MiniLM-L6-v2) | link: field-level (links uninformative) | order: UPGMA + dendrogram cut",
  "entries": [
    {
      "id": "v109",
      "label": "v109",
      "spectral_rank": 0
    },
    {
      "id": "v103",
      "label": "v103",
      "spectral_rank": 1
    },
    {
      "id": "v101",
      "label": "v101",
      "spectral_rank": 2
    },
    {
      "id": "v105",
      "label": "v105",
      "spectral_rank": 3
    },
    {
      "id": "v107",
      "label": "v107",
      "spectral_rank": 4
    },
    {
      "id": "v108",
      "label": "v108",
      "spectral_rank": 5
    },
    {
      "id": "v102",
      "label": "v102",
      "spectral_rank": 6
    },
    {
      "id": "v100",
      "label": "v100",
      "spectral_rank": 7
    },
    {
      "id": "v106",
      "label": "v106",
      "spectral_rank": 8
    },
    {
      "id": "v110",
      "label": "v110",
      "spectral_rank": 9
    },
    {
      "id": "v104",
      "label": "v104",
      "spectral_rank": 10
    }
  ],
  "link_matrix": [
    [
      0.0,
      0.0,
      0.0,
      0.0,
      0.10714285714285714,
      0.028571428571428574,
      0.078125,
      0.125,
      0.0,
      0.10625,
      0.025
    ],
    [
      0.0,
      0.0,
      0.13943533697632057,
      0.05201465201465201,
      0.047619047619047616,
      0.047619047619047616,
      0.02032520325203252,
      0.016877637130801686,
      0.0,
      0.010582010582010581,
      0.030864197530864196
    ],
    [
      0.0,
      0.13943533697632057,
      0.0,
      0.2299765807962529,
      0.17857142857142858,
      0.17142857142857143,
      0.00273224043715847,
      0.002185792349726776,
      0.0,
      0.038056206088992975,
      0.035519125683060114
    ],
    [
      0.0,
      0.05201465201465201,
      0.2299765807962529,
      0.0,
      0.32515698587127156,
      0.3657142857142857,
      0.03205574912891986,
      0.0162748643761302,
      0.007653061224489796,
      0.028571428571428574,
      0.06373626373626375
    ],
    [
      0.10714285714285714,
      0.047619047619047616,
      0.17857142857142858,
      0.32515698587127156,
      0.0,
      0.3317307692307692,
      0.23724489795918366,
      0.1096938775510204,
      0.026785714285714284,
      0.07397959183673468,
      0.07653061224489796
    ],
    [
      0.028571428571428574,
      0.047619047619047616,
      0.17142857142857143,
      0.3657142857142857,
      0.3317307692307692,
      0.0,
      0.0642857142857143,
      0.0642857142857143,
      0.008928571428571428,
      0.0,
      0.028571428571428574
    ],
    [
      0.078125,
      0.02032520325203252,
      0.00273224043715847,
      0.03205574912891986,
      0.23724489795918366,
      0.0642857142857143,
      0.0,
      0.2981029810298103,
      0.06547619047619048,
      0.07054060989114874,
      0.20624724270498518
    ],
    [
      0.125,
      0.016877637130801686,
      0.002185792349726776,
      0.0162748643761302,
      0.1096938775510204,
      0.0642857142857143,
      0.2981029810298103,
      0.0,
      0.19608843537414966,
      0.2104185065253655,
      0.25517531809112615
    ],
    [
      0.0,
      0.0,
      0.0,
      0.007653061224489796,
      0.026785714285714284,
      0.008928571428571428,
      0.06547619047619048,
      0.19608843537414966,
      0.0,
      0.16476328903654486,
      0.16029900332225913
    ],
    [
      0.10625,
      0.010582010582010581,
      0.038056206088992975,
      0.028571428571428574,
      0.07397959183673468,
      0.0,
      0.07054060989114874,
      0.2104185065253655,
      0.16476328903654486,
      0.0,
      0.4195767195767196
    ],
    [
      0.025,
      0.030864197530864196,
      0.035519125683060114,
      0.06373626373626375,
      0.07653061224489796,
      0.028571428571428574,
      0.20624724270498518,
      0.25517531809112615,
      0.16029900332225913,
      0.4195767195767196,
      0.0
    ]
  ],
  "text_matrix": [
    [
      0.0,
      0.05212840821585593,
      0.0,
      0.0,
      0.0,
      0.0,
      0.0,
      0.03934570254166284,
      0.07156434318618692,
      0.03263815195259083,
      0.0
    ],
    [
      0.05212840821585593,
      0.0,
      0.0,
      0.0,
      0.0,
      0.0,
      0.03403564357388283,
      0.1879586981758526,
      0.16428789813106265,
      0.03461543721659834,
      0.0
    ],
    [
      0.0,
      0.0,
      0.0,
      0.19760730253973047,
      0.06779855050952814,
      0.12267914219261603,
      0.062094648873080575,
      0.049803214381210124,
      0.0,
      0.19585771510577066,
      0.0
    ],
    [
      0.0,
      0.0,
      0.19760730253973047,
      0.0,
      0.2060920261180281,
      0.2060920261180281,
      0.06628396064960454,
      0.032022907903928644,
      0.06618504411799693,
      0.0661579181205903,
      0.0
    ],
    [
      0.0,
      0.0,
      0.06779855050952814,
      0.2060920261180281,
      0.0,
      0.3244730568385177,
      0.12845167617307765,
      0.0,
      0.10420230217766807,
      0.1041595947742614,
      0.0
    ],
    [
      0.0,
      0.0,
      0.12267914219261603,
      0.2060920261180281,
      0.3244730568385177,
      0.0,
      0.02211472079248486,
      0.0,
      0.10420230217766806,
      0.10415959477426137,
      0.0
    ],
    [
      0.0,
      0.03403564357388283,
      0.062094648873080575,
      0.06628396064960454,
      0.12845167617307765,
      0.02211472079248486,
      0.0,
      0.025689568389021325,
      0.04829704299329367,
      0.014349628900205755,
      0.0
    ],
    [
      0.03934570254166284,
      0.1879586981758526,
      0.049803214381210124,
      0.032022907903928644,
      0.0,
      0.0,
      0.025689568389021325,
      0.0,
      0.12400192126130626,
      0.026127187510391177,
      0.11567199976638062
    ],
    [
      0.07156434318618692,
      0.16428789813106265,
      0.0,
      0.06618504411799693,
      0.10420230217766807,
      0.10420230217766806,
      0.04829704299329367,
      0.12400192126130626,
      0.0,
      0.0915379640729323,
      0.05667657725661642
    ],
    [
      0.03263815195259083,
      0.03461543721659834,
      0.19585771510577066,
      0.0661579181205903,
      0.1041595947742614,
      0.10415959477426137,
      0.014349628900205755,
      0.026127187510391177,
      0.0915379640729323,
      0.0,
      0.21642351937313928
    ],
    [
      0.0,
      0.0,
      0.0,
      0.0,
      0.0,
      0.0,
      0.0,
      0.11567199976638062,
      0.05667657725661642,
      0.21642351937313928,
      0.0
    ]
  ],
  "dendrogram": {
    "name": "",
    "leaf": false,
    "children": [
      {
        "name": "v109",
        "leaf": true,
        "spectral_index": 0,
        "value": 0.0
      },
      {
        "name": "",
        "leaf": false,
        "children": [
          {
            "name": "v103",
            "leaf": true,
            "spectral_index": 1,
            "value": 0.0
          },
          {
            "name": "",
            "leaf": false,
            "children": [
              {
                "name": "",
                "leaf": false,
                "children": [
                  {
                    "name": "v101",
                    "leaf": true,
                    "spectral_index": 2,
                    "value": 0.0
                  },
                  {
                    "name": "",
                    "leaf": false,
                    "children": [
                      {
                        "name": "v105",
                        "leaf": true,
                        "spectral_index": 3,
                        "value": 0.0
                      },
                      {
                        "name": "",
                        "leaf": false,
                        "children": [
                          {
                            "name": "v107",
                            "leaf": true,
                            "spectral_index": 4,
                            "value": 0.0
                          },
                          {
                            "name": "v108",
                            "leaf": true,
                            "spectral_index": 5,
                            "value": 0.0
                          }
                        ],
                        "value": 0.6718980869653566
                      }
                    ],
                    "value": 0.7242361690445966
                  }
                ],
                "value": 0.8386564039936454
              },
              {
                "name": "",
                "leaf": false,
                "children": [
                  {
                    "name": "",
                    "leaf": false,
                    "children": [
                      {
                        "name": "v102",
                        "leaf": true,
                        "spectral_index": 6,
                        "value": 0.0
                      },
                      {
                        "name": "v100",
                        "leaf": true,
                        "spectral_index": 7,
                        "value": 0.0
                      }
                    ],
                    "value": 0.8381037252905842
                  },
                  {
                    "name": "",
                    "leaf": false,
                    "children": [
                      {
                        "name": "v106",
                        "leaf": true,
                        "spectral_index": 8,
                        "value": 0.0
                      },
                      {
                        "name": "",
                        "leaf": false,
                        "children": [
                          {
                            "name": "v110",
                            "leaf": true,
                            "spectral_index": 9,
                            "value": 0.0
                          },
                          {
                            "name": "v104",
                            "leaf": true,
                            "spectral_index": 10,
                            "value": 0.0
                          }
                        ],
                        "value": 0.6819998805250705
                      }
                    ],
                    "value": 0.8816807915779119
                  }
                ],
                "value": 0.8889671597087881
              }
            ],
            "value": 0.9494303386483314
          }
        ],
        "value": 0.9563202883432125
      }
    ],
    "value": 0.9667117054194708
  },
  "schema": {
    "name": "record",
    "children": [
      {
        "name": "bottom_layer_thickness",
        "type": "scalar"
      },
      {
        "name": "description",
        "type": "scalar"
      },
      {
        "name": "n_z",
        "type": "scalar"
      },
      {
        "name": "top_layer_thickness",
        "type": "scalar"
      },
      {
        "name": "total_thickness",
        "type": "scalar"
      },
      {
        "name": "ui_label",
        "type": "scalar"
      },
      {
        "name": "validation_key",
        "type": "scalar"
      },
      {
        "name": "vertical_coordinate",
        "type": "scalar"
      }
    ]
  }
}