{
  "stem": "Vertical_Computational_Grids",
  "singular": "Vertical Grid",
  "endpoint": "vertical_computational_grid",
  "count": 19,
  "method": "field-level | link: jaccard | order: UPGMA leaf traversal",
  "entries": [
    {
      "id": "tempgrid-jamesanstey-1777265640",
      "label": "tempgrid-jamesanstey-1777265640",
      "spectral_rank": 0
    },
    {
      "id": "v103",
      "label": "v103",
      "spectral_rank": 1
    },
    {
      "id": "v101",
      "label": "v101",
      "spectral_rank": 2
    },
    {
      "id": "v116",
      "label": "v116",
      "spectral_rank": 3
    },
    {
      "id": "v105",
      "label": "v105",
      "spectral_rank": 4
    },
    {
      "id": "v117",
      "label": "v117",
      "spectral_rank": 5
    },
    {
      "id": "v108",
      "label": "v108",
      "spectral_rank": 6
    },
    {
      "id": "v107",
      "label": "v107",
      "spectral_rank": 7
    },
    {
      "id": "v112",
      "label": "v112",
      "spectral_rank": 8
    },
    {
      "id": "v109",
      "label": "v109",
      "spectral_rank": 9
    },
    {
      "id": "v102",
      "label": "v102",
      "spectral_rank": 10
    },
    {
      "id": "v100",
      "label": "v100",
      "spectral_rank": 11
    },
    {
      "id": "v106",
      "label": "v106",
      "spectral_rank": 12
    },
    {
      "id": "v115",
      "label": "v115",
      "spectral_rank": 13
    },
    {
      "id": "v104",
      "label": "v104",
      "spectral_rank": 14
    },
    {
      "id": "v113",
      "label": "v113",
      "spectral_rank": 15
    },
    {
      "id": "v110",
      "label": "v110",
      "spectral_rank": 16
    },
    {
      "id": "v111",
      "label": "v111",
      "spectral_rank": 17
    },
    {
      "id": "v114",
      "label": "v114",
      "spectral_rank": 18
    }
  ],
  "link_matrix": [
    [
      0.0,
      0.0,
      0.0,
      0.0,
      0.0,
      0.0,
      0.0,
      0.0,
      0.0,
      0.0,
      0.0,
      0.0,
      0.0,
      0.0,
      0.0,
      0.0,
      0.0,
      0.0,
      0.0
    ],
    [
      0.0,
      0.0,
      1.0,
      1.0,
      1.0,
      1.0,
      1.0,
      1.0,
      1.0,
      1.0,
      1.0,
      1.0,
      1.0,
      1.0,
      1.0,
      1.0,
      1.0,
      1.0,
      1.0
    ],
    [
      0.0,
      1.0,
      0.0,
      1.0,
      1.0,
      1.0,
      1.0,
      1.0,
      1.0,
      1.0,
      1.0,
      1.0,
      1.0,
      1.0,
      1.0,
      1.0,
      1.0,
      1.0,
      1.0
    ],
    [
      0.0,
      1.0,
      1.0,
      0.0,
      1.0,
      1.0,
      1.0,
      1.0,
      1.0,
      1.0,
      1.0,
      1.0,
      1.0,
      1.0,
      1.0,
      1.0,
      1.0,
      1.0,
      1.0
    ],
    [
      0.0,
      1.0,
      1.0,
      1.0,
      0.0,
      1.0,
      1.0,
      1.0,
      1.0,
      1.0,
      1.0,
      1.0,
      1.0,
      1.0,
      1.0,
      1.0,
      1.0,
      1.0,
      1.0
    ],
    [
      0.0,
      1.0,
      1.0,
      1.0,
      1.0,
      0.0,
      1.0,
      1.0,
      1.0,
      1.0,
      1.0,
      1.0,
      1.0,
      1.0,
      1.0,
      1.0,
      1.0,
      1.0,
      1.0
    ],
    [
      0.0,
      1.0,
      1.0,
      1.0,
      1.0,
      1.0,
      0.0,
      1.0,
      1.0,
      1.0,
      1.0,
      1.0,
      1.0,
      1.0,
      1.0,
      1.0,
      1.0,
      1.0,
      1.0
    ],
    [
      0.0,
      1.0,
      1.0,
      1.0,
      1.0,
      1.0,
      1.0,
      0.0,
      1.0,
      1.0,
      1.0,
      1.0,
      1.0,
      1.0,
      1.0,
      1.0,
      1.0,
      1.0,
      1.0
    ],
    [
      0.0,
      1.0,
      1.0,
      1.0,
      1.0,
      1.0,
      1.0,
      1.0,
      0.0,
      1.0,
      1.0,
      1.0,
      1.0,
      1.0,
      1.0,
      1.0,
      1.0,
      1.0,
      1.0
    ],
    [
      0.0,
      1.0,
      1.0,
      1.0,
      1.0,
      1.0,
      1.0,
      1.0,
      1.0,
      0.0,
      1.0,
      1.0,
      1.0,
      1.0,
      1.0,
      1.0,
      1.0,
      1.0,
      1.0
    ],
    [
      0.0,
      1.0,
      1.0,
      1.0,
      1.0,
      1.0,
      1.0,
      1.0,
      1.0,
      1.0,
      0.0,
      1.0,
      1.0,
      1.0,
      1.0,
      1.0,
      1.0,
      1.0,
      1.0
    ],
    [
      0.0,
      1.0,
      1.0,
      1.0,
      1.0,
      1.0,
      1.0,
      1.0,
      1.0,
      1.0,
      1.0,
      0.0,
      1.0,
      1.0,
      1.0,
      1.0,
      1.0,
      1.0,
      1.0
    ],
    [
      0.0,
      1.0,
      1.0,
      1.0,
      1.0,
      1.0,
      1.0,
      1.0,
      1.0,
      1.0,
      1.0,
      1.0,
      0.0,
      1.0,
      1.0,
      1.0,
      1.0,
      1.0,
      1.0
    ],
    [
      0.0,
      1.0,
      1.0,
      1.0,
      1.0,
      1.0,
      1.0,
      1.0,
      1.0,
      1.0,
      1.0,
      1.0,
      1.0,
      0.0,
      1.0,
      1.0,
      1.0,
      1.0,
      1.0
    ],
    [
      0.0,
      1.0,
      1.0,
      1.0,
      1.0,
      1.0,
      1.0,
      1.0,
      1.0,
      1.0,
      1.0,
      1.0,
      1.0,
      1.0,
      0.0,
      1.0,
      1.0,
      1.0,
      1.0
    ],
    [
      0.0,
      1.0,
      1.0,
      1.0,
      1.0,
      1.0,
      1.0,
      1.0,
      1.0,
      1.0,
      1.0,
      1.0,
      1.0,
      1.0,
      1.0,
      0.0,
      1.0,
      1.0,
      1.0
    ],
    [
      0.0,
      1.0,
      1.0,
      1.0,
      1.0,
      1.0,
      1.0,
      1.0,
      1.0,
      1.0,
      1.0,
      1.0,
      1.0,
      1.0,
      1.0,
      1.0,
      0.0,
      1.0,
      1.0
    ],
    [
      0.0,
      1.0,
      1.0,
      1.0,
      1.0,
      1.0,
      1.0,
      1.0,
      1.0,
      1.0,
      1.0,
      1.0,
      1.0,
      1.0,
      1.0,
      1.0,
      1.0,
      0.0,
      1.0
    ],
    [
      0.0,
      1.0,
      1.0,
      1.0,
      1.0,
      1.0,
      1.0,
      1.0,
      1.0,
      1.0,
      1.0,
      1.0,
      1.0,
      1.0,
      1.0,
      1.0,
      1.0,
      1.0,
      0.0
    ]
  ],
  "text_matrix": [
    [
      0.0,
      0.0,
      0.0,
      0.0,
      0.0,
      0.0,
      0.0,
      0.0,
      0.0,
      0.0,
      0.0,
      0.0,
      0.0,
      0.0,
      0.0,
      0.0,
      0.0,
      0.0,
      0.0
    ],
    [
      0.0,
      0.0,
      0.13943533697632057,
      0.047619047619047616,
      0.05201465201465201,
      0.047619047619047616,
      0.047619047619047616,
      0.047619047619047616,
      0.11904761904761904,
      0.0,
      0.02032520325203252,
      0.016877637130801686,
      0.0,
      0.0,
      0.030864197530864196,
      0.048618048618048616,
      0.010582010582010581,
      0.0,
      0.0
    ],
    [
      0.0,
      0.13943533697632057,
      0.0,
      0.17857142857142858,
      0.2299765807962529,
      0.21428571428571427,
      0.17142857142857143,
      0.17857142857142858,
      0.3333333333333333,
      0.020833333333333332,
      0.00273224043715847,
      0.002185792349726776,
      0.0,
      0.03571428571428571,
      0.035519125683060114,
      0.09035909445745512,
      0.038056206088992975,
      0.0,
      0.03571428571428571
    ],
    [
      0.0,
      0.047619047619047616,
      0.17857142857142858,
      0.0,
      0.25934065934065936,
      0.3247863247863248,
      0.3108974358974359,
      0.36515567765567764,
      0.3621794871794872,
      0.09523809523809523,
      0.09523809523809523,
      0.047619047619047616,
      0.002976190476190476,
      0.041666666666666664,
      0.06547619047619048,
      0.0642857142857143,
      0.028571428571428574,
      0.03333333333333333,
      0.0
    ],
    [
      0.0,
      0.05201465201465201,
      0.2299765807962529,
      0.25934065934065936,
      0.0,
      0.3657142857142857,
      0.3657142857142857,
      0.32515698587127156,
      0.3641025641025641,
      0.020833333333333332,
      0.03205574912891986,
      0.0162748643761302,
      0.007653061224489796,
      0.03112244897959184,
      0.06373626373626375,
      0.03206793206793207,
      0.028571428571428574,
      0.0,
      0.05714285714285715
    ],
    [
      0.0,
      0.047619047619047616,
      0.21428571428571427,
      0.3247863247863248,
      0.3657142857142857,
      0.0,
      0.5333333333333333,
      0.31387362637362637,
      0.4358974358974359,
      0.023809523809523808,
      0.047619047619047616,
      0.0,
      0.03273809523809524,
      0.002976190476190476,
      0.07142857142857142,
      0.0,
      0.0,
      0.08333333333333333,
      0.08333333333333333
    ],
    [
      0.0,
      0.047619047619047616,
      0.17142857142857143,
      0.3108974358974359,
      0.3657142857142857,
      0.5333333333333333,
      0.0,
      0.3317307692307692,
      0.38589743589743586,
      0.05238095238095238,
      0.0642857142857143,
      0.0642857142857143,
      0.008928571428571428,
      0.002976190476190476,
      0.028571428571428574,
      0.0,
      0.0,
      0.08333333333333333,
      0.08333333333333333
    ],
    [
      0.0,
      0.047619047619047616,
      0.17857142857142858,
      0.36515567765567764,
      0.32515698587127156,
      0.31387362637362637,
      0.3317307692307692,
      0.0,
      0.4310897435897436,
      0.13095238095238096,
      0.23724489795918366,
      0.1096938775510204,
      0.026785714285714284,
      0.10416666666666667,
      0.07653061224489796,
      0.07397959183673468,
      0.07397959183673468,
      0.041666666666666664,
      0.06547619047619048
    ],
    [
      0.0,
      0.11904761904761904,
      0.3333333333333333,
      0.3621794871794872,
      0.3641025641025641,
      0.4358974358974359,
      0.38589743589743586,
      0.4310897435897436,
      0.0,
      0.023809523809523808,
      0.07142857142857142,
      0.07142857142857142,
      0.002976190476190476,
      0.08333333333333333,
      0.017857142857142856,
      0.047619047619047616,
      0.0,
      0.0,
      0.0
    ],
    [
      0.0,
      0.0,
      0.020833333333333332,
      0.09523809523809523,
      0.020833333333333332,
      0.023809523809523808,
      0.05238095238095238,
      0.13095238095238096,
      0.023809523809523808,
      0.0,
      0.078125,
      0.125,
      0.0,
      0.017857142857142856,
      0.025,
      0.075,
      0.10625,
      0.08571428571428572,
      0.028571428571428574
    ],
    [
      0.0,
      0.02032520325203252,
      0.00273224043715847,
      0.09523809523809523,
      0.03205574912891986,
      0.047619047619047616,
      0.0642857142857143,
      0.23724489795918366,
      0.07142857142857142,
      0.078125,
      0.0,
      0.2981029810298103,
      0.06547619047619048,
      0.07142857142857142,
      0.20624724270498518,
      0.0717954526094061,
      0.07054060989114874,
      0.021179401993355478,
      0.0687984496124031
    ],
    [
      0.0,
      0.016877637130801686,
      0.002185792349726776,
      0.047619047619047616,
      0.0162748643761302,
      0.0,
      0.0642857142857143,
      0.1096938775510204,
      0.07142857142857142,
      0.125,
      0.2981029810298103,
      0.0,
      0.19608843537414966,
      0.30357142857142855,
      0.25517531809112615,
      0.1773914070425698,
      0.2104185065253655,
      0.07765780730897011,
      0.1252768549280177
    ],
    [
      0.0,
      0.0,
      0.0,
      0.002976190476190476,
      0.007653061224489796,
      0.03273809523809524,
      0.008928571428571428,
      0.026785714285714284,
      0.002976190476190476,
      0.0,
      0.06547619047619048,
      0.19608843537414966,
      0.0,
      0.3279761904761905,
      0.16029900332225913,
      0.164145157168413,
      0.16476328903654486,
      0.10889050387596899,
      0.19222383720930233
    ],
    [
      0.0,
      0.0,
      0.03571428571428571,
      0.041666666666666664,
      0.03112244897959184,
      0.002976190476190476,
      0.002976190476190476,
      0.10416666666666667,
      0.08333333333333333,
      0.017857142857142856,
      0.07142857142857142,
      0.30357142857142855,
      0.3279761904761905,
      0.0,
      0.11694352159468438,
      0.26804242269358547,
      0.23301495016611296,
      0.18851744186046512,
      0.28018410852713177
    ],
    [
      0.0,
      0.030864197530864196,
      0.035519125683060114,
      0.06547619047619048,
      0.06373626373626375,
      0.07142857142857142,
      0.028571428571428574,
      0.07653061224489796,
      0.017857142857142856,
      0.025,
      0.20624724270498518,
      0.25517531809112615,
      0.16029900332225913,
      0.11694352159468438,
      0.0,
      0.27342657342657345,
      0.4195767195767196,
      0.14285714285714285,
      0.2714285714285714
    ],
    [
      0.0,
      0.048618048618048616,
      0.09035909445745512,
      0.0642857142857143,
      0.03206793206793207,
      0.0,
      0.0,
      0.07397959183673468,
      0.047619047619047616,
      0.075,
      0.0717954526094061,
      0.1773914070425698,
      0.164145157168413,
      0.26804242269358547,
      0.27342657342657345,
      0.0,
      0.6196803196803197,
      0.4043956043956044,
      0.46153846153846156
    ],
    [
      0.0,
      0.010582010582010581,
      0.038056206088992975,
      0.028571428571428574,
      0.028571428571428574,
      0.0,
      0.0,
      0.07397959183673468,
      0.0,
      0.10625,
      0.07054060989114874,
      0.2104185065253655,
      0.16476328903654486,
      0.23301495016611296,
      0.4195767195767196,
      0.6196803196803197,
      0.0,
      0.42410714285714285,
      0.48125
    ],
    [
      0.0,
      0.0,
      0.0,
      0.03333333333333333,
      0.0,
      0.08333333333333333,
      0.08333333333333333,
      0.041666666666666664,
      0.0,
      0.08571428571428572,
      0.021179401993355478,
      0.07765780730897011,
      0.10889050387596899,
      0.18851744186046512,
      0.14285714285714285,
      0.4043956043956044,
      0.42410714285714285,
      0.0,
      0.5666666666666667
    ],
    [
      0.0,
      0.0,
      0.03571428571428571,
      0.0,
      0.05714285714285715,
      0.08333333333333333,
      0.08333333333333333,
      0.06547619047619048,
      0.0,
      0.028571428571428574,
      0.0687984496124031,
      0.1252768549280177,
      0.19222383720930233,
      0.28018410852713177,
      0.2714285714285714,
      0.46153846153846156,
      0.48125,
      0.5666666666666667,
      0.0
    ]
  ],
  "dendrogram": {
    "name": "",
    "leaf": false,
    "children": [
      {
        "name": "tempgrid-jamesanstey-1777265640",
        "leaf": true,
        "spectral_index": 0,
        "value": 0.0
      },
      {
        "name": "",
        "leaf": false,
        "children": [
          {
            "name": "",
            "leaf": false,
            "children": [
              {
                "name": "v103",
                "leaf": true,
                "spectral_index": 1,
                "value": 0.0
              },
              {
                "name": "",
                "leaf": false,
                "children": [
                  {
                    "name": "v101",
                    "leaf": true,
                    "spectral_index": 2,
                    "value": 0.0
                  },
                  {
                    "name": "",
                    "leaf": false,
                    "children": [
                      {
                        "name": "v116",
                        "leaf": true,
                        "spectral_index": 3,
                        "value": 0.0
                      },
                      {
                        "name": "",
                        "leaf": false,
                        "children": [
                          {
                            "name": "v105",
                            "leaf": true,
                            "spectral_index": 4,
                            "value": 0.0
                          },
                          {
                            "name": "",
                            "leaf": false,
                            "children": [
                              {
                                "name": "",
                                "leaf": false,
                                "children": [
                                  {
                                    "name": "v117",
                                    "leaf": true,
                                    "spectral_index": 5,
                                    "value": 0.0
                                  },
                                  {
                                    "name": "v108",
                                    "leaf": true,
                                    "spectral_index": 6,
                                    "value": 0.0
                                  }
                                ],
                                "value": 0.2333333333333334
                              },
                              {
                                "name": "",
                                "leaf": false,
                                "children": [
                                  {
                                    "name": "v107",
                                    "leaf": true,
                                    "spectral_index": 7,
                                    "value": 0.0
                                  },
                                  {
                                    "name": "v112",
                                    "leaf": true,
                                    "spectral_index": 8,
                                    "value": 0.0
                                  }
                                ],
                                "value": 0.2844551282051282
                              }
                            ],
                            "value": 0.31657509157509156
                          }
                        ],
                        "value": 0.32241398482469913
                      }
                    ],
                    "value": 0.3377640415140415
                  }
                ],
                "value": 0.3911527452511059
              }
            ],
            "value": 0.46421615724894416
          },
          {
            "name": "",
            "leaf": false,
            "children": [
              {
                "name": "v109",
                "leaf": true,
                "spectral_index": 9,
                "value": 0.0
              },
              {
                "name": "",
                "leaf": false,
                "children": [
                  {
                    "name": "",
                    "leaf": false,
                    "children": [
                      {
                        "name": "v102",
                        "leaf": true,
                        "spectral_index": 10,
                        "value": 0.0
                      },
                      {
                        "name": "v100",
                        "leaf": true,
                        "spectral_index": 11,
                        "value": 0.0
                      }
                    ],
                    "value": 0.3509485094850948
                  },
                  {
                    "name": "",
                    "leaf": false,
                    "children": [
                      {
                        "name": "",
                        "leaf": false,
                        "children": [
                          {
                            "name": "v106",
                            "leaf": true,
                            "spectral_index": 12,
                            "value": 0.0
                          },
                          {
                            "name": "v115",
                            "leaf": true,
                            "spectral_index": 13,
                            "value": 0.0
                          }
                        ],
                        "value": 0.3360119047619048
                      },
                      {
                        "name": "",
                        "leaf": false,
                        "children": [
                          {
                            "name": "v104",
                            "leaf": true,
                            "spectral_index": 14,
                            "value": 0.0
                          },
                          {
                            "name": "",
                            "leaf": false,
                            "children": [
                              {
                                "name": "",
                                "leaf": false,
                                "children": [
                                  {
                                    "name": "v113",
                                    "leaf": true,
                                    "spectral_index": 15,
                                    "value": 0.0
                                  },
                                  {
                                    "name": "v110",
                                    "leaf": true,
                                    "spectral_index": 16,
                                    "value": 0.0
                                  }
                                ],
                                "value": 0.1901598401598401
                              },
                              {
                                "name": "",
                                "leaf": false,
                                "children": [
                                  {
                                    "name": "v111",
                                    "leaf": true,
                                    "spectral_index": 17,
                                    "value": 0.0
                                  },
                                  {
                                    "name": "v114",
                                    "leaf": true,
                                    "spectral_index": 18,
                                    "value": 0.0
                                  }
                                ],
                                "value": 0.21666666666666667
                              }
                            ],
                            "value": 0.2785885989010989
                          }
                        ],
                        "value": 0.3615888740888741
                      }
                    ],
                    "value": 0.4061487882272766
                  }
                ],
                "value": 0.4313912258372254
              }
            ],
            "value": 0.4699156746031746
          }
        ],
        "value": 0.480346837086752
      }
    ],
    "value": 1.0
  },
  "schema": {
    "name": "record",
    "children": [
      {
        "name": "bottom_layer_thickness",
        "type": "scalar"
      },
      {
        "name": "description",
        "type": "scalar"
      },
      {
        "name": "n_z",
        "type": "scalar"
      },
      {
        "name": "top_layer_thickness",
        "type": "scalar"
      },
      {
        "name": "total_thickness",
        "type": "scalar"
      },
      {
        "name": "ui_label",
        "type": "scalar"
      },
      {
        "name": "validation_key",
        "type": "scalar"
      },
      {
        "name": "vertical_coordinate",
        "type": "scalar"
      }
    ]
  }
}