{
  "stem": "Vertical_Computational_Grids",
  "singular": "Vertical Grid",
  "endpoint": "vertical_computational_grid",
  "count": 23,
  "method": "field-level | link: field-level (links uninformative) | order: spectral graph components",
  "entries": [
    {
      "id": "v119",
      "label": "v119",
      "spectral_rank": 0
    },
    {
      "id": "v105",
      "label": "v105",
      "spectral_rank": 1
    },
    {
      "id": "v101",
      "label": "v101",
      "spectral_rank": 2
    },
    {
      "id": "v117",
      "label": "v117",
      "spectral_rank": 3
    },
    {
      "id": "v112",
      "label": "v112",
      "spectral_rank": 4
    },
    {
      "id": "v108",
      "label": "v108",
      "spectral_rank": 5
    },
    {
      "id": "v107",
      "label": "v107",
      "spectral_rank": 6
    },
    {
      "id": "v116",
      "label": "v116",
      "spectral_rank": 7
    },
    {
      "id": "tempgrid_JamesAnstey-1777265640",
      "label": "tempgrid_JamesAnstey-1777265640",
      "spectral_rank": 8
    },
    {
      "id": "tempgrid_JamesAnstey-1777265640",
      "label": "tempgrid_JamesAnstey-1777265640",
      "spectral_rank": 9
    },
    {
      "id": "v104",
      "label": "v104",
      "spectral_rank": 10
    },
    {
      "id": "v110",
      "label": "v110",
      "spectral_rank": 11
    },
    {
      "id": "v113",
      "label": "v113",
      "spectral_rank": 12
    },
    {
      "id": "v114",
      "label": "v114",
      "spectral_rank": 13
    },
    {
      "id": "v111",
      "label": "v111",
      "spectral_rank": 14
    },
    {
      "id": "v118",
      "label": "v118",
      "spectral_rank": 15
    },
    {
      "id": "v115",
      "label": "v115",
      "spectral_rank": 16
    },
    {
      "id": "v106",
      "label": "v106",
      "spectral_rank": 17
    },
    {
      "id": "v120",
      "label": "v120",
      "spectral_rank": 18
    },
    {
      "id": "v100",
      "label": "v100",
      "spectral_rank": 19
    },
    {
      "id": "v109",
      "label": "v109",
      "spectral_rank": 20
    },
    {
      "id": "v103",
      "label": "v103",
      "spectral_rank": 21
    },
    {
      "id": "v102",
      "label": "v102",
      "spectral_rank": 22
    }
  ],
  "link_matrix": [
    [
      0.0,
      0.47130434782608693,
      0.21475409836065573,
      0.4228571428571429,
      0.456959706959707,
      0.38,
      0.24862637362637363,
      0.23076923076923078,
      0.2783882783882784,
      0.2783882783882784,
      0.004140786749482402,
      0.006211180124223602,
      0.0024975024975024975,
      0.0,
      0.0,
      0.002551020408163265,
      0.022959183673469385,
      0.07908163265306123,
      0.004638218923933209,
      0.007233273056057866,
      0.03645833333333333,
      0.049689440993788817,
      0.005226480836236933
    ],
    [
      0.47130434782608693,
      0.0,
      0.2299765807962529,
      0.3657142857142857,
      0.3641025641025641,
      0.3657142857142857,
      0.32515698587127156,
      0.25934065934065936,
      0.2879120879120879,
      0.2879120879120879,
      0.06373626373626375,
      0.028571428571428574,
      0.03206793206793207,
      0.05714285714285715,
      0.0,
      0.002551020408163265,
      0.03112244897959184,
      0.007653061224489796,
      0.0055658627087198514,
      0.0162748643761302,
      0.020833333333333332,
      0.05201465201465201,
      0.03205574912891986
    ],
    [
      0.21475409836065573,
      0.2299765807962529,
      0.0,
      0.21428571428571427,
      0.3333333333333333,
      0.17142857142857143,
      0.17857142857142858,
      0.17857142857142858,
      0.17857142857142858,
      0.17857142857142858,
      0.035519125683060114,
      0.038056206088992975,
      0.09035909445745512,
      0.03571428571428571,
      0.0,
      0.0,
      0.03571428571428571,
      0.0,
      0.003278688524590164,
      0.002185792349726776,
      0.020833333333333332,
      0.13943533697632057,
      0.00273224043715847
    ],
    [
      0.4228571428571429,
      0.3657142857142857,
      0.21428571428571427,
      0.0,
      0.4358974358974359,
      0.5333333333333333,
      0.31387362637362637,
      0.3247863247863248,
      0.47008547008547,
      0.47008547008547,
      0.07142857142857142,
      0.0,
      0.0,
      0.08333333333333333,
      0.08333333333333333,
      0.002976190476190476,
      0.002976190476190476,
      0.03273809523809524,
      0.0,
      0.0,
      0.023809523809523808,
      0.047619047619047616,
      0.047619047619047616
    ],
    [
      0.456959706959707,
      0.3641025641025641,
      0.3333333333333333,
      0.4358974358974359,
      0.0,
      0.38589743589743586,
      0.4310897435897436,
      0.3621794871794872,
      0.5074786324786325,
      0.5074786324786325,
      0.017857142857142856,
      0.0,
      0.047619047619047616,
      0.0,
      0.0,
      0.08333333333333333,
      0.08333333333333333,
      0.002976190476190476,
      0.07142857142857142,
      0.07142857142857142,
      0.023809523809523808,
      0.11904761904761904,
      0.07142857142857142
    ],
    [
      0.38,
      0.3657142857142857,
      0.17142857142857143,
      0.5333333333333333,
      0.38589743589743586,
      0.0,
      0.3317307692307692,
      0.3108974358974359,
      0.433974358974359,
      0.433974358974359,
      0.028571428571428574,
      0.0,
      0.0,
      0.08333333333333333,
      0.08333333333333333,
      0.002976190476190476,
      0.002976190476190476,
      0.008928571428571428,
      0.0,
      0.0642857142857143,
      0.05238095238095238,
      0.047619047619047616,
      0.0642857142857143
    ],
    [
      0.24862637362637363,
      0.32515698587127156,
      0.17857142857142858,
      0.31387362637362637,
      0.4310897435897436,
      0.3317307692307692,
      0.0,
      0.36515567765567764,
      0.4548992673992674,
      0.4548992673992674,
      0.07653061224489796,
      0.07397959183673468,
      0.07397959183673468,
      0.06547619047619048,
      0.041666666666666664,
      0.125,
      0.10416666666666667,
      0.026785714285714284,
      0.17857142857142858,
      0.1096938775510204,
      0.13095238095238096,
      0.047619047619047616,
      0.23724489795918366
    ],
    [
      0.23076923076923078,
      0.25934065934065936,
      0.17857142857142858,
      0.3247863247863248,
      0.3621794871794872,
      0.3108974358974359,
      0.36515567765567764,
      0.0,
      0.5705128205128206,
      0.5705128205128206,
      0.06547619047619048,
      0.028571428571428574,
      0.0642857142857143,
      0.0,
      0.03333333333333333,
      0.05714285714285714,
      0.041666666666666664,
      0.002976190476190476,
      0.07142857142857142,
      0.047619047619047616,
      0.09523809523809523,
      0.047619047619047616,
      0.09523809523809523
    ],
    [
      0.2783882783882784,
      0.2879120879120879,
      0.17857142857142858,
      0.47008547008547,
      0.5074786324786325,
      0.433974358974359,
      0.4548992673992674,
      0.5705128205128206,
      0.0,
      1.0,
      0.06547619047619048,
      0.028571428571428574,
      0.028571428571428574,
      0.15833333333333333,
      0.11666666666666665,
      0.11666666666666665,
      0.11666666666666665,
      0.002976190476190476,
      0.10714285714285714,
      0.11904761904761904,
      0.05952380952380952,
      0.047619047619047616,
      0.1845238095238095
    ],
    [
      0.2783882783882784,
      0.2879120879120879,
      0.17857142857142858,
      0.47008547008547,
      0.5074786324786325,
      0.433974358974359,
      0.4548992673992674,
      0.5705128205128206,
      1.0,
      0.0,
      0.06547619047619048,
      0.028571428571428574,
      0.028571428571428574,
      0.15833333333333333,
      0.11666666666666665,
      0.11666666666666665,
      0.11666666666666665,
      0.002976190476190476,
      0.10714285714285714,
      0.11904761904761904,
      0.05952380952380952,
      0.047619047619047616,
      0.1845238095238095
    ],
    [
      0.004140786749482402,
      0.06373626373626375,
      0.035519125683060114,
      0.07142857142857142,
      0.017857142857142856,
      0.028571428571428574,
      0.07653061224489796,
      0.06547619047619048,
      0.06547619047619048,
      0.06547619047619048,
      0.0,
      0.4195767195767196,
      0.27342657342657345,
      0.2714285714285714,
      0.14285714285714285,
      0.059800664451827246,
      0.11694352159468438,
      0.1669435215946844,
      0.005177546705785909,
      0.25517531809112615,
      0.025,
      0.030864197530864196,
      0.20624724270498518
    ],
    [
      0.006211180124223602,
      0.028571428571428574,
      0.038056206088992975,
      0.0,
      0.0,
      0.0,
      0.07397959183673468,
      0.028571428571428574,
      0.028571428571428574,
      0.028571428571428574,
      0.4195767195767196,
      0.0,
      0.6196803196803197,
      0.48125,
      0.42410714285714285,
      0.24730066445182725,
      0.23301495016611296,
      0.17140780730897012,
      0.06548019049057255,
      0.2104185065253655,
      0.10625,
      0.010582010582010581,
      0.07054060989114874
    ],
    [
      0.0024975024975024975,
      0.03206793206793207,
      0.09035909445745512,
      0.0,
      0.047619047619047616,
      0.0,
      0.07397959183673468,
      0.0642857142857143,
      0.028571428571428574,
      0.028571428571428574,
      0.27342657342657345,
      0.6196803196803197,
      0.0,
      0.46153846153846156,
      0.4043956043956044,
      0.2670220145303202,
      0.26804242269358547,
      0.17078967544083823,
      0.06715842297237647,
      0.1773914070425698,
      0.075,
      0.048618048618048616,
      0.0717954526094061
    ],
    [
      0.0,
      0.05714285714285715,
      0.03571428571428571,
      0.08333333333333333,
      0.0,
      0.08333333333333333,
      0.06547619047619048,
      0.0,
      0.15833333333333333,
      0.15833333333333333,
      0.2714285714285714,
      0.48125,
      0.46153846153846156,
      0.0,
      0.5666666666666667,
      0.1551841085271318,
      0.28018410852713177,
      0.19997577519379847,
      0.005554401993355482,
      0.1252768549280177,
      0.028571428571428574,
      0.0,
      0.0687984496124031
    ],
    [
      0.0,
      0.0,
      0.0,
      0.08333333333333333,
      0.0,
      0.08333333333333333,
      0.041666666666666664,
      0.03333333333333333,
      0.11666666666666665,
      0.11666666666666665,
      0.14285714285714285,
      0.42410714285714285,
      0.4043956043956044,
      0.5666666666666667,
      0.0,
      0.2551841085271318,
      0.18851744186046512,
      0.11664244186046513,
      0.07314680232558139,
      0.07765780730897011,
      0.08571428571428572,
      0.0,
      0.021179401993355478
    ],
    [
      0.002551020408163265,
      0.002551020408163265,
      0.0,
      0.002976190476190476,
      0.08333333333333333,
      0.002976190476190476,
      0.125,
      0.05714285714285714,
      0.11666666666666665,
      0.11666666666666665,
      0.059800664451827246,
      0.24730066445182725,
      0.2670220145303202,
      0.1551841085271318,
      0.2551841085271318,
      0.0,
      0.6142857142857142,
      0.31845238095238093,
      0.15714285714285717,
      0.3321428571428572,
      0.05714285714285715,
      0.0,
      0.08928571428571429
    ],
    [
      0.022959183673469385,
      0.03112244897959184,
      0.03571428571428571,
      0.002976190476190476,
      0.08333333333333333,
      0.002976190476190476,
      0.10416666666666667,
      0.041666666666666664,
      0.11666666666666665,
      0.11666666666666665,
      0.11694352159468438,
      0.23301495016611296,
      0.26804242269358547,
      0.28018410852713177,
      0.18851744186046512,
      0.6142857142857142,
      0.0,
      0.3422619047619048,
      0.07142857142857142,
      0.30357142857142855,
      0.017857142857142856,
      0.0,
      0.07142857142857142
    ],
    [
      0.07908163265306123,
      0.007653061224489796,
      0.0,
      0.03273809523809524,
      0.002976190476190476,
      0.008928571428571428,
      0.026785714285714284,
      0.002976190476190476,
      0.002976190476190476,
      0.002976190476190476,
      0.1669435215946844,
      0.17140780730897012,
      0.17078967544083823,
      0.19997577519379847,
      0.11664244186046513,
      0.31845238095238093,
      0.3422619047619048,
      0.0,
      0.002551020408163265,
      0.20833333333333331,
      0.0,
      0.0,
      0.06547619047619048
    ],
    [
      0.004638218923933209,
      0.0055658627087198514,
      0.003278688524590164,
      0.0,
      0.07142857142857142,
      0.0,
      0.17857142857142858,
      0.07142857142857142,
      0.10714285714285714,
      0.10714285714285714,
      0.005177546705785909,
      0.06548019049057255,
      0.06715842297237647,
      0.005554401993355482,
      0.07314680232558139,
      0.15714285714285717,
      0.07142857142857142,
      0.002551020408163265,
      0.0,
      0.07328385899814471,
      0.09375,
      0.0032467532467532465,
      0.3063543599257885
    ],
    [
      0.007233273056057866,
      0.0162748643761302,
      0.002185792349726776,
      0.0,
      0.07142857142857142,
      0.0642857142857143,
      0.1096938775510204,
      0.047619047619047616,
      0.11904761904761904,
      0.11904761904761904,
      0.25517531809112615,
      0.2104185065253655,
      0.1773914070425698,
      0.1252768549280177,
      0.07765780730897011,
      0.3321428571428572,
      0.30357142857142855,
      0.20833333333333331,
      0.07328385899814471,
      0.0,
      0.125,
      0.016877637130801686,
      0.2981029810298103
    ],
    [
      0.03645833333333333,
      0.020833333333333332,
      0.020833333333333332,
      0.023809523809523808,
      0.023809523809523808,
      0.05238095238095238,
      0.13095238095238096,
      0.09523809523809523,
      0.05952380952380952,
      0.05952380952380952,
      0.025,
      0.10625,
      0.075,
      0.028571428571428574,
      0.08571428571428572,
      0.05714285714285715,
      0.017857142857142856,
      0.0,
      0.09375,
      0.125,
      0.0,
      0.0,
      0.078125
    ],
    [
      0.049689440993788817,
      0.05201465201465201,
      0.13943533697632057,
      0.047619047619047616,
      0.11904761904761904,
      0.047619047619047616,
      0.047619047619047616,
      0.047619047619047616,
      0.047619047619047616,
      0.047619047619047616,
      0.030864197530864196,
      0.010582010582010581,
      0.048618048618048616,
      0.0,
      0.0,
      0.0,
      0.0,
      0.0,
      0.0032467532467532465,
      0.016877637130801686,
      0.0,
      0.0,
      0.02032520325203252
    ],
    [
      0.005226480836236933,
      0.03205574912891986,
      0.00273224043715847,
      0.047619047619047616,
      0.07142857142857142,
      0.0642857142857143,
      0.23724489795918366,
      0.09523809523809523,
      0.1845238095238095,
      0.1845238095238095,
      0.20624724270498518,
      0.07054060989114874,
      0.0717954526094061,
      0.0687984496124031,
      0.021179401993355478,
      0.08928571428571429,
      0.07142857142857142,
      0.06547619047619048,
      0.3063543599257885,
      0.2981029810298103,
      0.078125,
      0.02032520325203252,
      0.0
    ]
  ],
  "text_matrix": [
    [
      0.0,
      0.47130434782608693,
      0.21475409836065573,
      0.4228571428571429,
      0.456959706959707,
      0.38,
      0.24862637362637363,
      0.23076923076923078,
      0.2783882783882784,
      0.2783882783882784,
      0.004140786749482402,
      0.006211180124223602,
      0.0024975024975024975,
      0.0,
      0.0,
      0.002551020408163265,
      0.022959183673469385,
      0.07908163265306123,
      0.004638218923933209,
      0.007233273056057866,
      0.03645833333333333,
      0.049689440993788817,
      0.005226480836236933
    ],
    [
      0.47130434782608693,
      0.0,
      0.2299765807962529,
      0.3657142857142857,
      0.3641025641025641,
      0.3657142857142857,
      0.32515698587127156,
      0.25934065934065936,
      0.2879120879120879,
      0.2879120879120879,
      0.06373626373626375,
      0.028571428571428574,
      0.03206793206793207,
      0.05714285714285715,
      0.0,
      0.002551020408163265,
      0.03112244897959184,
      0.007653061224489796,
      0.0055658627087198514,
      0.0162748643761302,
      0.020833333333333332,
      0.05201465201465201,
      0.03205574912891986
    ],
    [
      0.21475409836065573,
      0.2299765807962529,
      0.0,
      0.21428571428571427,
      0.3333333333333333,
      0.17142857142857143,
      0.17857142857142858,
      0.17857142857142858,
      0.17857142857142858,
      0.17857142857142858,
      0.035519125683060114,
      0.038056206088992975,
      0.09035909445745512,
      0.03571428571428571,
      0.0,
      0.0,
      0.03571428571428571,
      0.0,
      0.003278688524590164,
      0.002185792349726776,
      0.020833333333333332,
      0.13943533697632057,
      0.00273224043715847
    ],
    [
      0.4228571428571429,
      0.3657142857142857,
      0.21428571428571427,
      0.0,
      0.4358974358974359,
      0.5333333333333333,
      0.31387362637362637,
      0.3247863247863248,
      0.47008547008547,
      0.47008547008547,
      0.07142857142857142,
      0.0,
      0.0,
      0.08333333333333333,
      0.08333333333333333,
      0.002976190476190476,
      0.002976190476190476,
      0.03273809523809524,
      0.0,
      0.0,
      0.023809523809523808,
      0.047619047619047616,
      0.047619047619047616
    ],
    [
      0.456959706959707,
      0.3641025641025641,
      0.3333333333333333,
      0.4358974358974359,
      0.0,
      0.38589743589743586,
      0.4310897435897436,
      0.3621794871794872,
      0.5074786324786325,
      0.5074786324786325,
      0.017857142857142856,
      0.0,
      0.047619047619047616,
      0.0,
      0.0,
      0.08333333333333333,
      0.08333333333333333,
      0.002976190476190476,
      0.07142857142857142,
      0.07142857142857142,
      0.023809523809523808,
      0.11904761904761904,
      0.07142857142857142
    ],
    [
      0.38,
      0.3657142857142857,
      0.17142857142857143,
      0.5333333333333333,
      0.38589743589743586,
      0.0,
      0.3317307692307692,
      0.3108974358974359,
      0.433974358974359,
      0.433974358974359,
      0.028571428571428574,
      0.0,
      0.0,
      0.08333333333333333,
      0.08333333333333333,
      0.002976190476190476,
      0.002976190476190476,
      0.008928571428571428,
      0.0,
      0.0642857142857143,
      0.05238095238095238,
      0.047619047619047616,
      0.0642857142857143
    ],
    [
      0.24862637362637363,
      0.32515698587127156,
      0.17857142857142858,
      0.31387362637362637,
      0.4310897435897436,
      0.3317307692307692,
      0.0,
      0.36515567765567764,
      0.4548992673992674,
      0.4548992673992674,
      0.07653061224489796,
      0.07397959183673468,
      0.07397959183673468,
      0.06547619047619048,
      0.041666666666666664,
      0.125,
      0.10416666666666667,
      0.026785714285714284,
      0.17857142857142858,
      0.1096938775510204,
      0.13095238095238096,
      0.047619047619047616,
      0.23724489795918366
    ],
    [
      0.23076923076923078,
      0.25934065934065936,
      0.17857142857142858,
      0.3247863247863248,
      0.3621794871794872,
      0.3108974358974359,
      0.36515567765567764,
      0.0,
      0.5705128205128206,
      0.5705128205128206,
      0.06547619047619048,
      0.028571428571428574,
      0.0642857142857143,
      0.0,
      0.03333333333333333,
      0.05714285714285714,
      0.041666666666666664,
      0.002976190476190476,
      0.07142857142857142,
      0.047619047619047616,
      0.09523809523809523,
      0.047619047619047616,
      0.09523809523809523
    ],
    [
      0.2783882783882784,
      0.2879120879120879,
      0.17857142857142858,
      0.47008547008547,
      0.5074786324786325,
      0.433974358974359,
      0.4548992673992674,
      0.5705128205128206,
      0.0,
      1.0,
      0.06547619047619048,
      0.028571428571428574,
      0.028571428571428574,
      0.15833333333333333,
      0.11666666666666665,
      0.11666666666666665,
      0.11666666666666665,
      0.002976190476190476,
      0.10714285714285714,
      0.11904761904761904,
      0.05952380952380952,
      0.047619047619047616,
      0.1845238095238095
    ],
    [
      0.2783882783882784,
      0.2879120879120879,
      0.17857142857142858,
      0.47008547008547,
      0.5074786324786325,
      0.433974358974359,
      0.4548992673992674,
      0.5705128205128206,
      1.0,
      0.0,
      0.06547619047619048,
      0.028571428571428574,
      0.028571428571428574,
      0.15833333333333333,
      0.11666666666666665,
      0.11666666666666665,
      0.11666666666666665,
      0.002976190476190476,
      0.10714285714285714,
      0.11904761904761904,
      0.05952380952380952,
      0.047619047619047616,
      0.1845238095238095
    ],
    [
      0.004140786749482402,
      0.06373626373626375,
      0.035519125683060114,
      0.07142857142857142,
      0.017857142857142856,
      0.028571428571428574,
      0.07653061224489796,
      0.06547619047619048,
      0.06547619047619048,
      0.06547619047619048,
      0.0,
      0.4195767195767196,
      0.27342657342657345,
      0.2714285714285714,
      0.14285714285714285,
      0.059800664451827246,
      0.11694352159468438,
      0.1669435215946844,
      0.005177546705785909,
      0.25517531809112615,
      0.025,
      0.030864197530864196,
      0.20624724270498518
    ],
    [
      0.006211180124223602,
      0.028571428571428574,
      0.038056206088992975,
      0.0,
      0.0,
      0.0,
      0.07397959183673468,
      0.028571428571428574,
      0.028571428571428574,
      0.028571428571428574,
      0.4195767195767196,
      0.0,
      0.6196803196803197,
      0.48125,
      0.42410714285714285,
      0.24730066445182725,
      0.23301495016611296,
      0.17140780730897012,
      0.06548019049057255,
      0.2104185065253655,
      0.10625,
      0.010582010582010581,
      0.07054060989114874
    ],
    [
      0.0024975024975024975,
      0.03206793206793207,
      0.09035909445745512,
      0.0,
      0.047619047619047616,
      0.0,
      0.07397959183673468,
      0.0642857142857143,
      0.028571428571428574,
      0.028571428571428574,
      0.27342657342657345,
      0.6196803196803197,
      0.0,
      0.46153846153846156,
      0.4043956043956044,
      0.2670220145303202,
      0.26804242269358547,
      0.17078967544083823,
      0.06715842297237647,
      0.1773914070425698,
      0.075,
      0.048618048618048616,
      0.0717954526094061
    ],
    [
      0.0,
      0.05714285714285715,
      0.03571428571428571,
      0.08333333333333333,
      0.0,
      0.08333333333333333,
      0.06547619047619048,
      0.0,
      0.15833333333333333,
      0.15833333333333333,
      0.2714285714285714,
      0.48125,
      0.46153846153846156,
      0.0,
      0.5666666666666667,
      0.1551841085271318,
      0.28018410852713177,
      0.19997577519379847,
      0.005554401993355482,
      0.1252768549280177,
      0.028571428571428574,
      0.0,
      0.0687984496124031
    ],
    [
      0.0,
      0.0,
      0.0,
      0.08333333333333333,
      0.0,
      0.08333333333333333,
      0.041666666666666664,
      0.03333333333333333,
      0.11666666666666665,
      0.11666666666666665,
      0.14285714285714285,
      0.42410714285714285,
      0.4043956043956044,
      0.5666666666666667,
      0.0,
      0.2551841085271318,
      0.18851744186046512,
      0.11664244186046513,
      0.07314680232558139,
      0.07765780730897011,
      0.08571428571428572,
      0.0,
      0.021179401993355478
    ],
    [
      0.002551020408163265,
      0.002551020408163265,
      0.0,
      0.002976190476190476,
      0.08333333333333333,
      0.002976190476190476,
      0.125,
      0.05714285714285714,
      0.11666666666666665,
      0.11666666666666665,
      0.059800664451827246,
      0.24730066445182725,
      0.2670220145303202,
      0.1551841085271318,
      0.2551841085271318,
      0.0,
      0.6142857142857142,
      0.31845238095238093,
      0.15714285714285717,
      0.3321428571428572,
      0.05714285714285715,
      0.0,
      0.08928571428571429
    ],
    [
      0.022959183673469385,
      0.03112244897959184,
      0.03571428571428571,
      0.002976190476190476,
      0.08333333333333333,
      0.002976190476190476,
      0.10416666666666667,
      0.041666666666666664,
      0.11666666666666665,
      0.11666666666666665,
      0.11694352159468438,
      0.23301495016611296,
      0.26804242269358547,
      0.28018410852713177,
      0.18851744186046512,
      0.6142857142857142,
      0.0,
      0.3422619047619048,
      0.07142857142857142,
      0.30357142857142855,
      0.017857142857142856,
      0.0,
      0.07142857142857142
    ],
    [
      0.07908163265306123,
      0.007653061224489796,
      0.0,
      0.03273809523809524,
      0.002976190476190476,
      0.008928571428571428,
      0.026785714285714284,
      0.002976190476190476,
      0.002976190476190476,
      0.002976190476190476,
      0.1669435215946844,
      0.17140780730897012,
      0.17078967544083823,
      0.19997577519379847,
      0.11664244186046513,
      0.31845238095238093,
      0.3422619047619048,
      0.0,
      0.002551020408163265,
      0.20833333333333331,
      0.0,
      0.0,
      0.06547619047619048
    ],
    [
      0.004638218923933209,
      0.0055658627087198514,
      0.003278688524590164,
      0.0,
      0.07142857142857142,
      0.0,
      0.17857142857142858,
      0.07142857142857142,
      0.10714285714285714,
      0.10714285714285714,
      0.005177546705785909,
      0.06548019049057255,
      0.06715842297237647,
      0.005554401993355482,
      0.07314680232558139,
      0.15714285714285717,
      0.07142857142857142,
      0.002551020408163265,
      0.0,
      0.07328385899814471,
      0.09375,
      0.0032467532467532465,
      0.3063543599257885
    ],
    [
      0.007233273056057866,
      0.0162748643761302,
      0.002185792349726776,
      0.0,
      0.07142857142857142,
      0.0642857142857143,
      0.1096938775510204,
      0.047619047619047616,
      0.11904761904761904,
      0.11904761904761904,
      0.25517531809112615,
      0.2104185065253655,
      0.1773914070425698,
      0.1252768549280177,
      0.07765780730897011,
      0.3321428571428572,
      0.30357142857142855,
      0.20833333333333331,
      0.07328385899814471,
      0.0,
      0.125,
      0.016877637130801686,
      0.2981029810298103
    ],
    [
      0.03645833333333333,
      0.020833333333333332,
      0.020833333333333332,
      0.023809523809523808,
      0.023809523809523808,
      0.05238095238095238,
      0.13095238095238096,
      0.09523809523809523,
      0.05952380952380952,
      0.05952380952380952,
      0.025,
      0.10625,
      0.075,
      0.028571428571428574,
      0.08571428571428572,
      0.05714285714285715,
      0.017857142857142856,
      0.0,
      0.09375,
      0.125,
      0.0,
      0.0,
      0.078125
    ],
    [
      0.049689440993788817,
      0.05201465201465201,
      0.13943533697632057,
      0.047619047619047616,
      0.11904761904761904,
      0.047619047619047616,
      0.047619047619047616,
      0.047619047619047616,
      0.047619047619047616,
      0.047619047619047616,
      0.030864197530864196,
      0.010582010582010581,
      0.048618048618048616,
      0.0,
      0.0,
      0.0,
      0.0,
      0.0,
      0.0032467532467532465,
      0.016877637130801686,
      0.0,
      0.0,
      0.02032520325203252
    ],
    [
      0.005226480836236933,
      0.03205574912891986,
      0.00273224043715847,
      0.047619047619047616,
      0.07142857142857142,
      0.0642857142857143,
      0.23724489795918366,
      0.09523809523809523,
      0.1845238095238095,
      0.1845238095238095,
      0.20624724270498518,
      0.07054060989114874,
      0.0717954526094061,
      0.0687984496124031,
      0.021179401993355478,
      0.08928571428571429,
      0.07142857142857142,
      0.06547619047619048,
      0.3063543599257885,
      0.2981029810298103,
      0.078125,
      0.02032520325203252,
      0.0
    ]
  ],
  "dendrogram": {
    "name": "",
    "leaf": false,
    "children": [
      {
        "name": "",
        "leaf": false,
        "children": [
          {
            "name": "v109",
            "leaf": true,
            "spectral_index": 5,
            "value": 0.0
          },
          {
            "name": "",
            "leaf": false,
            "children": [
              {
                "name": "",
                "leaf": false,
                "children": [
                  {
                    "name": "v120",
                    "leaf": true,
                    "spectral_index": 3,
                    "value": 0.0
                  },
                  {
                    "name": "v102",
                    "leaf": true,
                    "spectral_index": 7,
                    "value": 0.0
                  }
                ],
                "value": 0.6936456400742115
              },
              {
                "name": "",
                "leaf": false,
                "children": [
                  {
                    "name": "v104",
                    "leaf": true,
                    "spectral_index": 1,
                    "value": 0.0
                  },
                  {
                    "name": "",
                    "leaf": false,
                    "children": [
                      {
                        "name": "v118",
                        "leaf": true,
                        "spectral_index": 2,
                        "value": 0.0
                      },
                      {
                        "name": "v100",
                        "leaf": true,
                        "spectral_index": 4,
                        "value": 0.0
                      }
                    ],
                    "value": 0.7186507936507937
                  }
                ],
                "value": 0.8188429030527626
              }
            ],
            "value": 0.8908599689981491
          }
        ],
        "value": 0.9228035714285715
      },
      {
        "name": "",
        "leaf": false,
        "children": [
          {
            "name": "v119",
            "leaf": true,
            "spectral_index": 0,
            "value": 0.0
          },
          {
            "name": "v103",
            "leaf": true,
            "spectral_index": 6,
            "value": 0.0
          }
        ],
        "value": 0.9354098665253334
      }
    ],
    "value": 0.9667259432515937
  },
  "schema": {
    "name": "",
    "children": [
      {
        "name": "bottom_layer_thickness",
        "type": "scalar"
      },
      {
        "name": "description",
        "type": "scalar"
      },
      {
        "name": "n_z",
        "type": "scalar"
      },
      {
        "name": "n_z_range",
        "type": "scalar"
      },
      {
        "name": "top_layer_thickness",
        "type": "scalar"
      },
      {
        "name": "total_thickness",
        "type": "scalar"
      },
      {
        "name": "ui_label",
        "type": "scalar"
      },
      {
        "name": "validation_key",
        "type": "scalar"
      },
      {
        "name": "vertical_coordinate",
        "type": "scalar"
      }
    ]
  }
}