{
  "stem": "Vertical_Computational_Grids",
  "singular": "Vertical Grid",
  "endpoint": "vertical_computational_grid",
  "count": 42,
  "method": "field-level | link: field-level (links uninformative) | order: spectral graph components",
  "entries": [
    {
      "id": "v139",
      "label": "v139",
      "spectral_rank": 0
    },
    {
      "id": "v116",
      "label": "v116",
      "spectral_rank": 1
    },
    {
      "id": "v133",
      "label": "v133",
      "spectral_rank": 2
    },
    {
      "id": "v121",
      "label": "v121",
      "spectral_rank": 3
    },
    {
      "id": "v136",
      "label": "v136",
      "spectral_rank": 4
    },
    {
      "id": "v107",
      "label": "v107",
      "spectral_rank": 5
    },
    {
      "id": "v108",
      "label": "v108",
      "spectral_rank": 6
    },
    {
      "id": "v112",
      "label": "v112",
      "spectral_rank": 7
    },
    {
      "id": "v123",
      "label": "v123",
      "spectral_rank": 8
    },
    {
      "id": "v117",
      "label": "v117",
      "spectral_rank": 9
    },
    {
      "id": "v125",
      "label": "v125",
      "spectral_rank": 10
    },
    {
      "id": "v137",
      "label": "v137",
      "spectral_rank": 11
    },
    {
      "id": "v127",
      "label": "v127",
      "spectral_rank": 12
    },
    {
      "id": "v122",
      "label": "v122",
      "spectral_rank": 13
    },
    {
      "id": "v101",
      "label": "v101",
      "spectral_rank": 14
    },
    {
      "id": "v105",
      "label": "v105",
      "spectral_rank": 15
    },
    {
      "id": "v131",
      "label": "v131",
      "spectral_rank": 16
    },
    {
      "id": "v119",
      "label": "v119",
      "spectral_rank": 17
    },
    {
      "id": "v114",
      "label": "v114",
      "spectral_rank": 18
    },
    {
      "id": "v110",
      "label": "v110",
      "spectral_rank": 19
    },
    {
      "id": "v111",
      "label": "v111",
      "spectral_rank": 20
    },
    {
      "id": "v140",
      "label": "v140",
      "spectral_rank": 21
    },
    {
      "id": "v113",
      "label": "v113",
      "spectral_rank": 22
    },
    {
      "id": "v104",
      "label": "v104",
      "spectral_rank": 23
    },
    {
      "id": "v132",
      "label": "v132",
      "spectral_rank": 24
    },
    {
      "id": "v128",
      "label": "v128",
      "spectral_rank": 25
    },
    {
      "id": "v129",
      "label": "v129",
      "spectral_rank": 26
    },
    {
      "id": "v100",
      "label": "v100",
      "spectral_rank": 27
    },
    {
      "id": "v106",
      "label": "v106",
      "spectral_rank": 28
    },
    {
      "id": "v115",
      "label": "v115",
      "spectral_rank": 29
    },
    {
      "id": "v118",
      "label": "v118",
      "spectral_rank": 30
    },
    {
      "id": "v138",
      "label": "v138",
      "spectral_rank": 31
    },
    {
      "id": "v126",
      "label": "v126",
      "spectral_rank": 32
    },
    {
      "id": "v134",
      "label": "v134",
      "spectral_rank": 33
    },
    {
      "id": "v124",
      "label": "v124",
      "spectral_rank": 34
    },
    {
      "id": "v130",
      "label": "v130",
      "spectral_rank": 35
    },
    {
      "id": "v135",
      "label": "v135",
      "spectral_rank": 36
    },
    {
      "id": "v120",
      "label": "v120",
      "spectral_rank": 37
    },
    {
      "id": "v103",
      "label": "v103",
      "spectral_rank": 38
    },
    {
      "id": "no-vertical",
      "label": "no-vertical",
      "spectral_rank": 39
    },
    {
      "id": "v102",
      "label": "v102",
      "spectral_rank": 40
    },
    {
      "id": "v109",
      "label": "v109",
      "spectral_rank": 41
    }
  ],
  "link_matrix": [
    [
      0.0,
      0.6741452991452991,
      0.5491452991452991,
      0.37606837606837606,
      0.44551282051282054,
      0.4310897435897436,
      0.2692307692307692,
      0.4102564102564103,
      0.27472527472527475,
      0.2692307692307692,
      0.3104395604395605,
      0.32051282051282054,
      0.32234432234432236,
      0.2692307692307692,
      0.19047619047619047,
      0.23076923076923078,
      0.2783882783882784,
      0.23076923076923078,
      0.03333333333333333,
      0.05714285714285715,
      0.06666666666666667,
      0.0,
      0.09285714285714286,
      0.0,
      0.10833333333333334,
      0.09137645107794362,
      0.07013888888888889,
      0.07142857142857142,
      0.002976190476190476,
      0.125,
      0.17380952380952377,
      0.06011904761904762,
      0.1577380952380952,
      0.10256410256410256,
      0.10256410256410256,
      0.06481481481481481,
      0.12962962962962962,
      0.14285714285714285,
      0.047619047619047616,
      0.0,
      0.10714285714285714,
      0.09523809523809523
    ],
    [
      0.6741452991452991,
      0.0,
      0.5705128205128206,
      0.44273504273504277,
      0.3621794871794872,
      0.36515567765567764,
      0.3108974358974359,
      0.3621794871794872,
      0.39377289377289376,
      0.3247863247863248,
      0.27472527472527475,
      0.32051282051282054,
      0.29853479853479853,
      0.2692307692307692,
      0.17857142857142858,
      0.25934065934065936,
      0.23076923076923078,
      0.23076923076923078,
      0.0,
      0.028571428571428574,
      0.03333333333333333,
      0.08888888888888889,
      0.0642857142857143,
      0.06547619047619048,
      0.075,
      0.0024875621890547263,
      0.03680555555555556,
      0.047619047619047616,
      0.002976190476190476,
      0.041666666666666664,
      0.05714285714285714,
      0.031547619047619054,
      0.038690476190476185,
      0.10256410256410256,
      0.10256410256410256,
      0.18386243386243387,
      0.09391534391534392,
      0.07142857142857142,
      0.047619047619047616,
      0.0,
      0.09523809523809523,
      0.09523809523809523
    ],
    [
      0.5491452991452991,
      0.5705128205128206,
      0.0,
      0.47051282051282056,
      0.4038461538461539,
      0.4548992673992674,
      0.433974358974359,
      0.5074786324786325,
      0.36996336996337,
      0.47008547008547,
      0.35805860805860806,
      0.34829059829059833,
      0.32234432234432236,
      0.3108974358974359,
      0.17857142857142858,
      0.2879120879120879,
      0.2664835164835165,
      0.2783882783882784,
      0.15833333333333333,
      0.028571428571428574,
      0.11666666666666665,
      0.12222222222222223,
      0.028571428571428574,
      0.06547619047619048,
      0.03333333333333333,
      0.08582089552238807,
      0.03680555555555556,
      0.11904761904761904,
      0.002976190476190476,
      0.11666666666666665,
      0.11666666666666665,
      0.031547619047619054,
      0.0744047619047619,
      0.10256410256410256,
      0.10256410256410256,
      0.14814814814814814,
      0.09391534391534392,
      0.10714285714285714,
      0.047619047619047616,
      0.0,
      0.1845238095238095,
      0.05952380952380952
    ],
    [
      0.37606837606837606,
      0.44273504273504277,
      0.47051282051282056,
      0.0,
      0.37606837606837606,
      0.47870879120879123,
      0.30256410256410254,
      0.34829059829059833,
      0.3032967032967033,
      0.30256410256410254,
      0.29853479853479853,
      0.32051282051282054,
      0.29853479853479853,
      0.2692307692307692,
      0.14285714285714285,
      0.25934065934065936,
      0.30769230769230765,
      0.23076923076923078,
      0.027777777777777776,
      0.023809523809523808,
      0.027777777777777776,
      0.26944444444444443,
      0.023809523809523808,
      0.0642857142857143,
      0.027777777777777776,
      0.0024875621890547263,
      0.03125,
      0.028571428571428574,
      0.026785714285714284,
      0.0,
      0.027777777777777776,
      0.05059523809523809,
      0.002976190476190476,
      0.10256410256410256,
      0.10256410256410256,
      0.24814814814814815,
      0.12962962962962962,
      0.2380952380952381,
      0.047619047619047616,
      0.0,
      0.18214285714285713,
      0.06547619047619047
    ],
    [
      0.44551282051282054,
      0.3621794871794872,
      0.4038461538461539,
      0.37606837606837606,
      0.0,
      0.3621794871794872,
      0.30256410256410254,
      0.32051282051282054,
      0.42857142857142855,
      0.2692307692307692,
      0.3873626373626374,
      0.4102564102564103,
      0.37545787545787546,
      0.2692307692307692,
      0.14285714285714285,
      0.23076923076923078,
      0.23076923076923078,
      0.23076923076923078,
      0.08888888888888889,
      0.09285714285714286,
      0.06666666666666667,
      0.0,
      0.05714285714285715,
      0.028571428571428574,
      0.12222222222222223,
      0.03582089552238806,
      0.12569444444444447,
      0.14285714285714285,
      0.002976190476190476,
      0.0,
      0.09999999999999999,
      0.06011904761904762,
      0.002976190476190476,
      0.10256410256410256,
      0.10256410256410256,
      0.10052910052910051,
      0.12962962962962962,
      0.10714285714285714,
      0.11904761904761904,
      0.0,
      0.10714285714285714,
      0.2380952380952381
    ],
    [
      0.4310897435897436,
      0.36515567765567764,
      0.4548992673992674,
      0.47870879120879123,
      0.3621794871794872,
      0.0,
      0.3317307692307692,
      0.4310897435897436,
      0.3512558869701727,
      0.31387362637362637,
      0.33084772370486654,
      0.3621794871794872,
      0.3104395604395605,
      0.3108974358974359,
      0.17857142857142858,
      0.32515698587127156,
      0.36126373626373626,
      0.24862637362637363,
      0.06547619047619048,
      0.07397959183673468,
      0.041666666666666664,
      0.10714285714285714,
      0.07397959183673468,
      0.07653061224489796,
      0.0625,
      0.04415422885572139,
      0.06597222222222222,
      0.1096938775510204,
      0.026785714285714284,
      0.10416666666666667,
      0.125,
      0.020833333333333336,
      0.0744047619047619,
      0.10256410256410256,
      0.10256410256410256,
      0.06736583522297808,
      0.11177248677248677,
      0.17857142857142858,
      0.047619047619047616,
      0.0,
      0.23724489795918366,
      0.13095238095238096
    ],
    [
      0.2692307692307692,
      0.3108974358974359,
      0.433974358974359,
      0.30256410256410254,
      0.30256410256410254,
      0.3317307692307692,
      0.0,
      0.38589743589743586,
      0.25934065934065936,
      0.5333333333333333,
      0.25934065934065936,
      0.33034188034188033,
      0.2783882783882784,
      0.4266666666666667,
      0.17142857142857143,
      0.3657142857142857,
      0.37285714285714283,
      0.38,
      0.08333333333333333,
      0.0,
      0.08333333333333333,
      0.041666666666666664,
      0.0,
      0.028571428571428574,
      0.0,
      0.08830845771144279,
      0.003472222222222222,
      0.0642857142857143,
      0.008928571428571428,
      0.002976190476190476,
      0.002976190476190476,
      0.031547619047619054,
      0.002976190476190476,
      0.05860805860805861,
      0.05860805860805861,
      0.0701058201058201,
      0.06349206349206349,
      0.0,
      0.047619047619047616,
      0.0,
      0.0642857142857143,
      0.05238095238095238
    ],
    [
      0.4102564102564103,
      0.3621794871794872,
      0.5074786324786325,
      0.34829059829059833,
      0.32051282051282054,
      0.4310897435897436,
      0.38589743589743586,
      0.0,
      0.4175824175824176,
      0.4358974358974359,
      0.4945054945054945,
      0.5658119658119658,
      0.4468864468864469,
      0.3525641025641026,
      0.3333333333333333,
      0.3641025641025641,
      0.38553113553113555,
      0.456959706959707,
      0.0,
      0.0,
      0.0,
      0.03333333333333333,
      0.047619047619047616,
      0.017857142857142856,
      0.05555555555555555,
      0.0024875621890547263,
      0.003472222222222222,
      0.07142857142857142,
      0.002976190476190476,
      0.08333333333333333,
      0.08333333333333333,
      0.0744047619047619,
      0.0744047619047619,
      0.10256410256410256,
      0.10256410256410256,
      0.06481481481481481,
      0.0582010582010582,
      0.07142857142857142,
      0.11904761904761904,
      0.07142857142857142,
      0.07142857142857142,
      0.023809523809523808
    ],
    [
      0.27472527472527475,
      0.39377289377289376,
      0.36996336996337,
      0.3032967032967033,
      0.42857142857142855,
      0.3512558869701727,
      0.25934065934065936,
      0.4175824175824176,
      0.0,
      0.4450549450549451,
      0.5247002997002997,
      0.39926739926739924,
      0.40100955954614487,
      0.3021978021978022,
      0.2875878220140515,
      0.324311305133223,
      0.3491645340960409,
      0.4245069998494656,
      0.07142857142857142,
      0.08121330724070451,
      0.0,
      0.047619047619047616,
      0.07242757242757243,
      0.1487279843444227,
      0.047619047619047616,
      0.0021321961620469083,
      0.002976190476190476,
      0.06208559373116335,
      0.0739795918367347,
      0.0,
      0.0,
      0.0049421144604630835,
      0.007551686154889002,
      0.1034405267534102,
      0.10866166353971231,
      0.11332671957671957,
      0.05903162298511135,
      0.03942486085343228,
      0.1268754076973255,
      0.0,
      0.10394889663182345,
      0.05208333333333333
    ],
    [
      0.2692307692307692,
      0.3247863247863248,
      0.47008547008547,
      0.30256410256410254,
      0.2692307692307692,
      0.31387362637362637,
      0.5333333333333333,
      0.4358974358974359,
      0.4450549450549451,
      0.0,
      0.37362637362637363,
      0.3581196581196581,
      0.3021978021978022,
      0.41,
      0.21428571428571427,
      0.3657142857142857,
      0.3871428571428571,
      0.4228571428571429,
      0.08333333333333333,
      0.0,
      0.08333333333333333,
      0.0,
      0.0,
      0.07142857142857142,
      0.0,
      0.08830845771144279,
      0.003472222222222222,
      0.0,
      0.03273809523809524,
      0.002976190476190476,
      0.002976190476190476,
      0.002976190476190476,
      0.002976190476190476,
      0.05860805860805861,
      0.05860805860805861,
      0.03439153439153439,
      0.06349206349206349,
      0.0,
      0.047619047619047616,
      0.0,
      0.047619047619047616,
      0.023809523809523808
    ],
    [
      0.3104395604395605,
      0.27472527472527475,
      0.35805860805860806,
      0.29853479853479853,
      0.3873626373626374,
      0.33084772370486654,
      0.25934065934065936,
      0.4945054945054945,
      0.5247002997002997,
      0.37362637362637363,
      0.0,
      0.5047619047619047,
      0.5968614718614719,
      0.35934065934065934,
      0.2861826697892272,
      0.29440559440559444,
      0.33401598401598404,
      0.3801198801198801,
      0.08571428571428573,
      0.08896103896103898,
      0.028571428571428574,
      0.05714285714285715,
      0.13633033633033634,
      0.030194805194805194,
      0.18095238095238095,
      0.0021321961620469083,
      0.06011904761904762,
      0.058766233766233765,
      0.03112244897959184,
      0.02040816326530612,
      0.05714285714285715,
      0.0816131498470948,
      0.008060074563633283,
      0.10957549607856357,
      0.1121459840972036,
      0.06927910052910054,
      0.11903004095695126,
      0.0074211502782931356,
      0.19534632034632035,
      0.08104395604395605,
      0.05616883116883117,
      0.05208333333333333
    ],
    [
      0.32051282051282054,
      0.32051282051282054,
      0.34829059829059833,
      0.32051282051282054,
      0.4102564102564103,
      0.3621794871794872,
      0.33034188034188033,
      0.5658119658119658,
      0.39926739926739924,
      0.3581196581196581,
      0.5047619047619047,
      0.0,
      0.6666666666666666,
      0.4136752136752137,
      0.3095238095238095,
      0.35934065934065934,
      0.4450549450549451,
      0.33553113553113556,
      0.027777777777777776,
      0.05238095238095238,
      0.0,
      0.03333333333333333,
      0.09999999999999999,
      0.041666666666666664,
      0.17222222222222225,
      0.0024875621890547263,
      0.06458333333333334,
      0.04642857142857143,
      0.026785714285714284,
      0.027777777777777776,
      0.03333333333333333,
      0.0744047619047619,
      0.002976190476190476,
      0.10256410256410256,
      0.10256410256410256,
      0.0291005291005291,
      0.082010582010582,
      0.0,
      0.19047619047619047,
      0.07142857142857142,
      0.0,
      0.041666666666666664
    ],
    [
      0.32234432234432236,
      0.29853479853479853,
      0.32234432234432236,
      0.29853479853479853,
      0.37545787545787546,
      0.3104395604395605,
      0.2783882783882784,
      0.4468864468864469,
      0.40100955954614487,
      0.3021978021978022,
      0.5968614718614719,
      0.6666666666666666,
      0.0,
      0.34981684981684985,
      0.3095238095238095,
      0.358527651210578,
      0.42995622263914945,
      0.3294916465648173,
      0.023809523809523808,
      0.0749128919860627,
      0.023809523809523808,
      0.023809523809523808,
      0.12154512154512154,
      0.027293844367015097,
      0.16666666666666666,
      0.0021321961620469083,
      0.0744047619047619,
      0.027293844367015097,
      0.022959183673469385,
      0.023809523809523808,
      0.047619047619047616,
      0.10542267365661862,
      0.03085282155566853,
      0.10869907188925595,
      0.10953274367908514,
      0.06183862433862434,
      0.11024978466838932,
      0.03494124922696351,
      0.1957026713124274,
      0.08104395604395605,
      0.008710801393728223,
      0.041666666666666664
    ],
    [
      0.2692307692307692,
      0.2692307692307692,
      0.3108974358974359,
      0.2692307692307692,
      0.2692307692307692,
      0.3108974358974359,
      0.4266666666666667,
      0.3525641025641026,
      0.3021978021978022,
      0.41,
      0.35934065934065934,
      0.4136752136752137,
      0.34981684981684985,
      0.0,
      0.2857142857142857,
      0.3657142857142857,
      0.41571428571428576,
      0.38,
      0.041666666666666664,
      0.0642857142857143,
      0.0,
      0.03333333333333333,
      0.0642857142857143,
      0.028571428571428574,
      0.10833333333333334,
      0.004975124378109453,
      0.07847222222222222,
      0.09999999999999999,
      0.008928571428571428,
      0.15178571428571427,
      0.1529761904761905,
      0.031547619047619054,
      0.031547619047619054,
      0.05860805860805861,
      0.05860805860805861,
      0.03439153439153439,
      0.11961451247165532,
      0.0,
      0.047619047619047616,
      0.0,
      0.0,
      0.023809523809523808
    ],
    [
      0.19047619047619047,
      0.17857142857142858,
      0.17857142857142858,
      0.14285714285714285,
      0.14285714285714285,
      0.17857142857142858,
      0.17142857142857143,
      0.3333333333333333,
      0.2875878220140515,
      0.21428571428571427,
      0.2861826697892272,
      0.3095238095238095,
      0.3095238095238095,
      0.2857142857142857,
      0.0,
      0.2299765807962529,
      0.25140515222482435,
      0.21475409836065573,
      0.03571428571428571,
      0.038056206088992975,
      0.0,
      0.0,
      0.09035909445745512,
      0.035519125683060114,
      0.08333333333333333,
      0.07142857142857142,
      0.03571428571428571,
      0.002185792349726776,
      0.0,
      0.03571428571428571,
      0.0,
      0.1494145199063232,
      0.08079625292740046,
      0.052302888368462135,
      0.053239656518345044,
      0.02896174863387978,
      0.08831672203765227,
      0.003278688524590164,
      0.13943533697632057,
      0.07377049180327869,
      0.00273224043715847,
      0.020833333333333332
    ],
    [
      0.23076923076923078,
      0.25934065934065936,
      0.2879120879120879,
      0.25934065934065936,
      0.23076923076923078,
      0.32515698587127156,
      0.3657142857142857,
      0.3641025641025641,
      0.324311305133223,
      0.3657142857142857,
      0.29440559440559444,
      0.35934065934065934,
      0.358527651210578,
      0.3657142857142857,
      0.2299765807962529,
      0.0,
      0.46685300207039343,
      0.47130434782608693,
      0.05714285714285715,
      0.028571428571428574,
      0.0,
      0.0,
      0.03206793206793207,
      0.06373626373626375,
      0.028571428571428574,
      0.03283582089552239,
      0.10297619047619047,
      0.0162748643761302,
      0.007653061224489796,
      0.03112244897959184,
      0.002551020408163265,
      0.006252730449978156,
      0.03307278427385189,
      0.2040944740331243,
      0.06296345930492273,
      0.10849867724867725,
      0.1297157622739018,
      0.0055658627087198514,
      0.05201465201465201,
      0.006868131868131869,
      0.03205574912891986,
      0.020833333333333332
    ],
    [
      0.2783882783882784,
      0.23076923076923078,
      0.2664835164835165,
      0.30769230769230765,
      0.23076923076923078,
      0.36126373626373626,
      0.37285714285714283,
      0.38553113553113555,
      0.3491645340960409,
      0.3871428571428571,
      0.33401598401598404,
      0.4450549450549451,
      0.42995622263914945,
      0.41571428571428576,
      0.25140515222482435,
      0.46685300207039343,
      0.0,
      0.46633540372670806,
      0.03571428571428571,
      0.09575569358178053,
      0.0,
      0.11904761904761904,
      0.08483183483183483,
      0.036853002070393374,
      0.07142857142857142,
      0.0042643923240938165,
      0.08630952380952381,
      0.05485232067510548,
      0.02806122448979592,
      0.03826530612244898,
      0.03112244897959184,
      0.006252730449978156,
      0.005009744111167599,
      0.06123733117598148,
      0.062092379165549896,
      0.03796296296296296,
      0.10003691399040236,
      0.075139146567718,
      0.051759834368530024,
      0.0013736263736263737,
      0.07491289198606273,
      0.020833333333333332
    ],
    [
      0.23076923076923078,
      0.23076923076923078,
      0.2783882783882784,
      0.23076923076923078,
      0.23076923076923078,
      0.24862637362637363,
      0.38,
      0.456959706959707,
      0.4245069998494656,
      0.4228571428571429,
      0.3801198801198801,
      0.33553113553113556,
      0.3294916465648173,
      0.38,
      0.21475409836065573,
      0.47130434782608693,
      0.46633540372670806,
      0.0,
      0.0,
      0.006211180124223602,
      0.0,
      0.0,
      0.0024975024975024975,
      0.004140786749482402,
      0.0,
      0.03283582089552239,
      0.002976190476190476,
      0.007233273056057866,
      0.07908163265306123,
      0.022959183673469385,
      0.002551020408163265,
      0.007563346439493228,
      0.10551813251991189,
      0.06036090698667385,
      0.20233628160457426,
      0.036177248677248676,
      0.1918736486842799,
      0.004638218923933209,
      0.049689440993788817,
      0.0027472527472527475,
      0.005226480836236933,
      0.03645833333333333
    ],
    [
      0.03333333333333333,
      0.0,
      0.15833333333333333,
      0.027777777777777776,
      0.08888888888888889,
      0.06547619047619048,
      0.08333333333333333,
      0.0,
      0.07142857142857142,
      0.08333333333333333,
      0.08571428571428573,
      0.027777777777777776,
      0.023809523809523808,
      0.041666666666666664,
      0.03571428571428571,
      0.05714285714285715,
      0.03571428571428571,
      0.0,
      0.0,
      0.48125,
      0.5666666666666667,
      0.4920138888888889,
      0.46153846153846156,
      0.2714285714285714,
      0.4134615384615385,
      0.3391466580142764,
      0.31369912790697674,
      0.1252768549280177,
      0.19997577519379847,
      0.28018410852713177,
      0.1551841085271318,
      0.09745639534883721,
      0.10459925249169436,
      0.002232142857142857,
      0.002232142857142857,
      0.04985119047619047,
      0.06651785714285714,
      0.005554401993355482,
      0.0,
      0.0,
      0.0687984496124031,
      0.028571428571428574
    ],
    [
      0.05714285714285715,
      0.028571428571428574,
      0.028571428571428574,
      0.023809523809523808,
      0.09285714285714286,
      0.07397959183673468,
      0.0,
      0.0,
      0.08121330724070451,
      0.0,
      0.08896103896103898,
      0.05238095238095238,
      0.0749128919860627,
      0.0642857142857143,
      0.038056206088992975,
      0.028571428571428574,
      0.09575569358178053,
      0.006211180124223602,
      0.48125,
      0.0,
      0.42410714285714285,
      0.4407738095238095,
      0.6196803196803197,
      0.4195767195767196,
      0.47582417582417585,
      0.1764114211550941,
      0.3307897286821705,
      0.2104185065253655,
      0.17140780730897012,
      0.23301495016611296,
      0.24730066445182725,
      0.1572204844707245,
      0.10714119453541575,
      0.0066142638036809824,
      0.011814024390243903,
      0.15520833333333334,
      0.19647356035437433,
      0.06548019049057255,
      0.010582010582010581,
      0.005494505494505495,
      0.07054060989114874,
      0.10625
    ],
    [
      0.06666666666666667,
      0.03333333333333333,
      0.11666666666666665,
      0.027777777777777776,
      0.06666666666666667,
      0.041666666666666664,
      0.08333333333333333,
      0.0,
      0.0,
      0.08333333333333333,
      0.028571428571428574,
      0.0,
      0.023809523809523808,
      0.0,
      0.0,
      0.0,
      0.0,
      0.0,
      0.5666666666666667,
      0.42410714285714285,
      0.0,
      0.3614583333333334,
      0.4043956043956044,
      0.14285714285714285,
      0.47179487179487184,
      0.3308133246809431,
      0.3303657945736434,
      0.07765780730897011,
      0.11664244186046513,
      0.18851744186046512,
      0.2551841085271318,
      0.1803657945736434,
      0.06888496677740864,
      0.003125,
      0.003125,
      0.03080357142857143,
      0.08794642857142856,
      0.07314680232558139,
      0.0,
      0.0,
      0.021179401993355478,
      0.08571428571428572
    ],
    [
      0.0,
      0.08888888888888889,
      0.12222222222222223,
      0.26944444444444443,
      0.0,
      0.10714285714285714,
      0.041666666666666664,
      0.03333333333333333,
      0.047619047619047616,
      0.0,
      0.05714285714285715,
      0.03333333333333333,
      0.023809523809523808,
      0.03333333333333333,
      0.0,
      0.0,
      0.11904761904761904,
      0.0,
      0.4920138888888889,
      0.4407738095238095,
      0.3614583333333334,
      0.0,
      0.42106227106227107,
      0.25476190476190474,
      0.3801282051282051,
      0.1724799913476098,
      0.21092135012919896,
      0.22051495016611297,
      0.17219799741602068,
      0.23018410852713178,
      0.21232696566998896,
      0.09745639534883721,
      0.10459925249169436,
      0.002232142857142857,
      0.002232142857142857,
      0.1617559523809524,
      0.03794642857142857,
      0.11269725913621263,
      0.0,
      0.0,
      0.16998892580287928,
      0.0
    ],
    [
      0.09285714285714286,
      0.0642857142857143,
      0.028571428571428574,
      0.023809523809523808,
      0.05714285714285715,
      0.07397959183673468,
      0.0,
      0.047619047619047616,
      0.07242757242757243,
      0.0,
      0.13633033633033634,
      0.09999999999999999,
      0.12154512154512154,
      0.0642857142857143,
      0.09035909445745512,
      0.03206793206793207,
      0.08483183483183483,
      0.0024975024975024975,
      0.46153846153846156,
      0.6196803196803197,
      0.4043956043956044,
      0.42106227106227107,
      0.0,
      0.27342657342657345,
      0.5789377289377289,
      0.1764114211550941,
      0.330343300110742,
      0.1773914070425698,
      0.17078967544083823,
      0.26804242269358547,
      0.2670220145303202,
      0.2057678755353174,
      0.14885811862556048,
      0.008191808191808193,
      0.006193806193806194,
      0.08588078588078586,
      0.13248573132294061,
      0.06715842297237647,
      0.048618048618048616,
      0.05261405261405261,
      0.0717954526094061,
      0.075
    ],
    [
      0.0,
      0.06547619047619048,
      0.06547619047619048,
      0.0642857142857143,
      0.028571428571428574,
      0.07653061224489796,
      0.028571428571428574,
      0.017857142857142856,
      0.1487279843444227,
      0.07142857142857142,
      0.030194805194805194,
      0.041666666666666664,
      0.027293844367015097,
      0.028571428571428574,
      0.035519125683060114,
      0.06373626373626375,
      0.036853002070393374,
      0.004140786749482402,
      0.2714285714285714,
      0.4195767195767196,
      0.14285714285714285,
      0.25476190476190474,
      0.27342657342657345,
      0.0,
      0.17142857142857143,
      0.09378881987577639,
      0.09700996677740863,
      0.25517531809112615,
      0.1669435215946844,
      0.11694352159468438,
      0.059800664451827246,
      0.059034868481209424,
      0.06894692661472435,
      0.0017528483786152498,
      0.0017421602787456446,
      0.14047619047619048,
      0.10055370985603543,
      0.005177546705785909,
      0.030864197530864196,
      0.009615384615384614,
      0.20624724270498518,
      0.025
    ],
    [
      0.10833333333333334,
      0.075,
      0.03333333333333333,
      0.027777777777777776,
      0.12222222222222223,
      0.0625,
      0.0,
      0.05555555555555555,
      0.047619047619047616,
      0.0,
      0.18095238095238095,
      0.17222222222222225,
      0.16666666666666666,
      0.10833333333333334,
      0.08333333333333333,
      0.028571428571428574,
      0.07142857142857142,
      0.0,
      0.4134615384615385,
      0.47582417582417585,
      0.47179487179487184,
      0.3801282051282051,
      0.5789377289377289,
      0.17142857142857143,
      0.0,
      0.16414665801427644,
      0.3715116279069767,
      0.11337209302325582,
      0.11592128801431127,
      0.31866854076156403,
      0.368668540761564,
      0.2017718715393134,
      0.13986710963455148,
      0.002197802197802198,
      0.002197802197802198,
      0.03076923076923077,
      0.16444270015698587,
      0.06266291847687197,
      0.09523809523809523,
      0.047619047619047616,
      0.021179401993355478,
      0.08571428571428572
    ],
    [
      0.09137645107794362,
      0.0024875621890547263,
      0.08582089552238807,
      0.0024875621890547263,
      0.03582089552238806,
      0.04415422885572139,
      0.08830845771144279,
      0.0024875621890547263,
      0.0021321961620469083,
      0.08830845771144279,
      0.0021321961620469083,
      0.0024875621890547263,
      0.0021321961620469083,
      0.004975124378109453,
      0.07142857142857142,
      0.03283582089552239,
      0.0042643923240938165,
      0.03283582089552239,
      0.3391466580142764,
      0.1764114211550941,
      0.3308133246809431,
      0.1724799913476098,
      0.1764114211550941,
      0.09378881987577639,
      0.16414665801427644,
      0.0,
      0.2749963948374072,
      0.055900621118012424,
      0.20078953060783042,
      0.15414773956305428,
      0.14581440622972097,
      0.08094929081301568,
      0.22380643367015854,
      0.0021321961620469083,
      0.0021321961620469083,
      0.0042643923240938165,
      0.09712153518123667,
      0.03380921479558728,
      0.0,
      0.0,
      0.020962732919254656,
      0.028571428571428574
    ],
    [
      0.07013888888888889,
      0.03680555555555556,
      0.03680555555555556,
      0.03125,
      0.12569444444444447,
      0.06597222222222222,
      0.003472222222222222,
      0.003472222222222222,
      0.002976190476190476,
      0.003472222222222222,
      0.06011904761904762,
      0.06458333333333334,
      0.0744047619047619,
      0.07847222222222222,
      0.03571428571428571,
      0.10297619047619047,
      0.08630952380952381,
      0.002976190476190476,
      0.31369912790697674,
      0.3307897286821705,
      0.3303657945736434,
      0.21092135012919896,
      0.330343300110742,
      0.09700996677740863,
      0.3715116279069767,
      0.2749963948374072,
      0.0,
      0.11037414965986393,
      0.0880952380952381,
      0.24107142857142858,
      0.28154761904761905,
      0.3654761904761905,
      0.3511904761904762,
      0.0744047619047619,
      0.002976190476190476,
      0.10297619047619047,
      0.1244047619047619,
      0.06011904761904762,
      0.0,
      0.002976190476190476,
      0.017857142857142856,
      0.08571428571428572
    ],
    [
      0.07142857142857142,
      0.047619047619047616,
      0.11904761904761904,
      0.028571428571428574,
      0.14285714285714285,
      0.1096938775510204,
      0.0642857142857143,
      0.07142857142857142,
      0.06208559373116335,
      0.0,
      0.058766233766233765,
      0.04642857142857143,
      0.027293844367015097,
      0.09999999999999999,
      0.002185792349726776,
      0.0162748643761302,
      0.05485232067510548,
      0.007233273056057866,
      0.1252768549280177,
      0.2104185065253655,
      0.07765780730897011,
      0.22051495016611297,
      0.1773914070425698,
      0.25517531809112615,
      0.11337209302325582,
      0.055900621118012424,
      0.11037414965986393,
      0.0,
      0.20833333333333331,
      0.30357142857142855,
      0.3321428571428572,
      0.049485115146976226,
      0.1352004502868763,
      0.0043821209465381246,
      0.004355400696864111,
      0.09970238095238095,
      0.0016611295681063123,
      0.07328385899814471,
      0.016877637130801686,
      0.005494505494505495,
      0.2981029810298103,
      0.125
    ],
    [
      0.002976190476190476,
      0.002976190476190476,
      0.002976190476190476,
      0.026785714285714284,
      0.002976190476190476,
      0.026785714285714284,
      0.008928571428571428,
      0.002976190476190476,
      0.0739795918367347,
      0.03273809523809524,
      0.03112244897959184,
      0.026785714285714284,
      0.022959183673469385,
      0.008928571428571428,
      0.0,
      0.007653061224489796,
      0.02806122448979592,
      0.07908163265306123,
      0.19997577519379847,
      0.17140780730897012,
      0.11664244186046513,
      0.17219799741602068,
      0.17078967544083823,
      0.1669435215946844,
      0.11592128801431127,
      0.20078953060783042,
      0.0880952380952381,
      0.20833333333333331,
      0.0,
      0.3422619047619048,
      0.31845238095238093,
      0.16734693877551018,
      0.1826530612244898,
      0.002551020408163265,
      0.0739795918367347,
      0.05017006802721088,
      0.0739795918367347,
      0.002551020408163265,
      0.0,
      0.0,
      0.06547619047619048,
      0.0
    ],
    [
      0.125,
      0.041666666666666664,
      0.11666666666666665,
      0.0,
      0.0,
      0.10416666666666667,
      0.002976190476190476,
      0.08333333333333333,
      0.0,
      0.002976190476190476,
      0.02040816326530612,
      0.027777777777777776,
      0.023809523809523808,
      0.15178571428571427,
      0.03571428571428571,
      0.03112244897959184,
      0.03826530612244898,
      0.022959183673469385,
      0.28018410852713177,
      0.23301495016611296,
      0.18851744186046512,
      0.23018410852713178,
      0.26804242269358547,
      0.11694352159468438,
      0.31866854076156403,
      0.15414773956305428,
      0.24107142857142858,
      0.30357142857142855,
      0.3422619047619048,
      0.0,
      0.6142857142857142,
      0.10663265306122449,
      0.2209183673469388,
      0.002551020408163265,
      0.002551020408163265,
      0.002551020408163265,
      0.18112244897959182,
      0.07142857142857142,
      0.0,
      0.0,
      0.07142857142857142,
      0.017857142857142856
    ],
    [
      0.17380952380952377,
      0.05714285714285714,
      0.11666666666666665,
      0.027777777777777776,
      0.09999999999999999,
      0.125,
      0.002976190476190476,
      0.08333333333333333,
      0.0,
      0.002976190476190476,
      0.05714285714285715,
      0.03333333333333333,
      0.047619047619047616,
      0.1529761904761905,
      0.0,
      0.002551020408163265,
      0.03112244897959184,
      0.002551020408163265,
      0.1551841085271318,
      0.24730066445182725,
      0.2551841085271318,
      0.21232696566998896,
      0.2670220145303202,
      0.059800664451827246,
      0.368668540761564,
      0.14581440622972097,
      0.28154761904761905,
      0.3321428571428572,
      0.31845238095238093,
      0.6142857142857142,
      0.0,
      0.16377551020408163,
      0.19030612244897957,
      0.002551020408163265,
      0.002551020408163265,
      0.05969387755102041,
      0.08010204081632655,
      0.15714285714285717,
      0.0,
      0.0,
      0.08928571428571429,
      0.05714285714285715
    ],
    [
      0.06011904761904762,
      0.031547619047619054,
      0.031547619047619054,
      0.05059523809523809,
      0.06011904761904762,
      0.020833333333333336,
      0.031547619047619054,
      0.0744047619047619,
      0.0049421144604630835,
      0.002976190476190476,
      0.0816131498470948,
      0.0744047619047619,
      0.10542267365661862,
      0.031547619047619054,
      0.1494145199063232,
      0.006252730449978156,
      0.006252730449978156,
      0.007563346439493228,
      0.09745639534883721,
      0.1572204844707245,
      0.1803657945736434,
      0.09745639534883721,
      0.2057678755353174,
      0.059034868481209424,
      0.2017718715393134,
      0.08094929081301568,
      0.3654761904761905,
      0.049485115146976226,
      0.16734693877551018,
      0.10663265306122449,
      0.16377551020408163,
      0.0,
      0.35881630232164036,
      0.01417558613659531,
      0.013411060142711519,
      0.03679008300567933,
      0.06510243632336656,
      0.06601681957186543,
      0.08486238532110091,
      0.09215723751274212,
      0.04030144167758847,
      0.05
    ],
    [
      0.1577380952380952,
      0.038690476190476185,
      0.0744047619047619,
      0.002976190476190476,
      0.002976190476190476,
      0.0744047619047619,
      0.002976190476190476,
      0.0744047619047619,
      0.007551686154889002,
      0.002976190476190476,
      0.008060074563633283,
      0.002976190476190476,
      0.03085282155566853,
      0.031547619047619054,
      0.08079625292740046,
      0.03307278427385189,
      0.005009744111167599,
      0.10551813251991189,
      0.10459925249169436,
      0.10714119453541575,
      0.06888496677740864,
      0.10459925249169436,
      0.14885811862556048,
      0.06894692661472435,
      0.13986710963455148,
      0.22380643367015854,
      0.3511904761904762,
      0.1352004502868763,
      0.1826530612244898,
      0.2209183673469388,
      0.19030612244897957,
      0.35881630232164036,
      0.0,
      0.00653490933740044,
      0.07898025758346043,
      0.012127181833587528,
      0.10795957918050943,
      0.08050542280969328,
      0.0010167768174885613,
      0.007551686154889002,
      0.07397051347229285,
      0.0
    ],
    [
      0.10256410256410256,
      0.10256410256410256,
      0.10256410256410256,
      0.10256410256410256,
      0.10256410256410256,
      0.10256410256410256,
      0.05860805860805861,
      0.10256410256410256,
      0.1034405267534102,
      0.05860805860805861,
      0.10957549607856357,
      0.10256410256410256,
      0.10869907188925595,
      0.05860805860805861,
      0.052302888368462135,
      0.2040944740331243,
      0.06123733117598148,
      0.06036090698667385,
      0.002232142857142857,
      0.0066142638036809824,
      0.003125,
      0.002232142857142857,
      0.008191808191808193,
      0.0017528483786152498,
      0.002197802197802198,
      0.0021321961620469083,
      0.0744047619047619,
      0.0043821209465381246,
      0.002551020408163265,
      0.002551020408163265,
      0.002551020408163265,
      0.01417558613659531,
      0.00653490933740044,
      0.0,
