{
  "stem": "Vertical_Computational_Grids",
  "singular": "Vertical Grid",
  "endpoint": "vertical_computational_grid",
  "count": 15,
  "method": "field-level | link: jaccard | order: UPGMA leaf traversal",
  "entries": [
    {
      "id": "tempgrid-jamesanstey-1777265640",
      "label": "tempgrid-jamesanstey-1777265640",
      "spectral_rank": 0
    },
    {
      "id": "v103",
      "label": "v103",
      "spectral_rank": 1
    },
    {
      "id": "v101",
      "label": "v101",
      "spectral_rank": 2
    },
    {
      "id": "v107",
      "label": "v107",
      "spectral_rank": 3
    },
    {
      "id": "v112",
      "label": "v112",
      "spectral_rank": 4
    },
    {
      "id": "v105",
      "label": "v105",
      "spectral_rank": 5
    },
    {
      "id": "v108",
      "label": "v108",
      "spectral_rank": 6
    },
    {
      "id": "v109",
      "label": "v109",
      "spectral_rank": 7
    },
    {
      "id": "v102",
      "label": "v102",
      "spectral_rank": 8
    },
    {
      "id": "v100",
      "label": "v100",
      "spectral_rank": 9
    },
    {
      "id": "v106",
      "label": "v106",
      "spectral_rank": 10
    },
    {
      "id": "v104",
      "label": "v104",
      "spectral_rank": 11
    },
    {
      "id": "v111",
      "label": "v111",
      "spectral_rank": 12
    },
    {
      "id": "v113",
      "label": "v113",
      "spectral_rank": 13
    },
    {
      "id": "v110",
      "label": "v110",
      "spectral_rank": 14
    }
  ],
  "link_matrix": [
    [
      0.0,
      0.0,
      0.0,
      0.0,
      0.0,
      0.0,
      0.0,
      0.0,
      0.0,
      0.0,
      0.0,
      0.0,
      0.0,
      0.0,
      0.0
    ],
    [
      0.0,
      0.0,
      1.0,
      1.0,
      1.0,
      1.0,
      1.0,
      1.0,
      1.0,
      1.0,
      1.0,
      1.0,
      1.0,
      1.0,
      1.0
    ],
    [
      0.0,
      1.0,
      0.0,
      1.0,
      1.0,
      1.0,
      1.0,
      1.0,
      1.0,
      1.0,
      1.0,
      1.0,
      1.0,
      1.0,
      1.0
    ],
    [
      0.0,
      1.0,
      1.0,
      0.0,
      1.0,
      1.0,
      1.0,
      1.0,
      1.0,
      1.0,
      1.0,
      1.0,
      1.0,
      1.0,
      1.0
    ],
    [
      0.0,
      1.0,
      1.0,
      1.0,
      0.0,
      1.0,
      1.0,
      1.0,
      1.0,
      1.0,
      1.0,
      1.0,
      1.0,
      1.0,
      1.0
    ],
    [
      0.0,
      1.0,
      1.0,
      1.0,
      1.0,
      0.0,
      1.0,
      1.0,
      1.0,
      1.0,
      1.0,
      1.0,
      1.0,
      1.0,
      1.0
    ],
    [
      0.0,
      1.0,
      1.0,
      1.0,
      1.0,
      1.0,
      0.0,
      1.0,
      1.0,
      1.0,
      1.0,
      1.0,
      1.0,
      1.0,
      1.0
    ],
    [
      0.0,
      1.0,
      1.0,
      1.0,
      1.0,
      1.0,
      1.0,
      0.0,
      1.0,
      1.0,
      1.0,
      1.0,
      1.0,
      1.0,
      1.0
    ],
    [
      0.0,
      1.0,
      1.0,
      1.0,
      1.0,
      1.0,
      1.0,
      1.0,
      0.0,
      1.0,
      1.0,
      1.0,
      1.0,
      1.0,
      1.0
    ],
    [
      0.0,
      1.0,
      1.0,
      1.0,
      1.0,
      1.0,
      1.0,
      1.0,
      1.0,
      0.0,
      1.0,
      1.0,
      1.0,
      1.0,
      1.0
    ],
    [
      0.0,
      1.0,
      1.0,
      1.0,
      1.0,
      1.0,
      1.0,
      1.0,
      1.0,
      1.0,
      0.0,
      1.0,
      1.0,
      1.0,
      1.0
    ],
    [
      0.0,
      1.0,
      1.0,
      1.0,
      1.0,
      1.0,
      1.0,
      1.0,
      1.0,
      1.0,
      1.0,
      0.0,
      1.0,
      1.0,
      1.0
    ],
    [
      0.0,
      1.0,
      1.0,
      1.0,
      1.0,
      1.0,
      1.0,
      1.0,
      1.0,
      1.0,
      1.0,
      1.0,
      0.0,
      1.0,
      1.0
    ],
    [
      0.0,
      1.0,
      1.0,
      1.0,
      1.0,
      1.0,
      1.0,
      1.0,
      1.0,
      1.0,
      1.0,
      1.0,
      1.0,
      0.0,
      1.0
    ],
    [
      0.0,
      1.0,
      1.0,
      1.0,
      1.0,
      1.0,
      1.0,
      1.0,
      1.0,
      1.0,
      1.0,
      1.0,
      1.0,
      1.0,
      0.0
    ]
  ],
  "text_matrix": [
    [
      0.0,
      0.0,
      0.0,
      0.0,
      0.0,
      0.0,
      0.0,
      0.0,
      0.0,
      0.0,
      0.0,
      0.0,
      0.0,
      0.0,
      0.0
    ],
    [
      0.0,
      0.0,
      0.13943533697632057,
      0.047619047619047616,
      0.11904761904761904,
      0.05201465201465201,
      0.047619047619047616,
      0.0,
      0.02032520325203252,
      0.016877637130801686,
      0.0,
      0.030864197530864196,
      0.0,
      0.048618048618048616,
      0.010582010582010581
    ],
    [
      0.0,
      0.13943533697632057,
      0.0,
      0.17857142857142858,
      0.3333333333333333,
      0.2299765807962529,
      0.17142857142857143,
      0.0,
      0.00273224043715847,
      0.002185792349726776,
      0.0,
      0.035519125683060114,
      0.0,
      0.09035909445745512,
      0.038056206088992975
    ],
    [
      0.0,
      0.047619047619047616,
      0.17857142857142858,
      0.0,
      0.4310897435897436,
      0.32515698587127156,
      0.3317307692307692,
      0.10714285714285714,
      0.23724489795918366,
      0.1096938775510204,
      0.026785714285714284,
      0.07653061224489796,
      0.041666666666666664,
      0.07397959183673468,
      0.07397959183673468
    ],
    [
      0.0,
      0.11904761904761904,
      0.3333333333333333,
      0.4310897435897436,
      0.0,
      0.3641025641025641,
      0.38589743589743586,
      0.0,
      0.07142857142857142,
      0.07142857142857142,
      0.002976190476190476,
      0.017857142857142856,
      0.0,
      0.047619047619047616,
      0.0
    ],
    [
      0.0,
      0.05201465201465201,
      0.2299765807962529,
      0.32515698587127156,
      0.3641025641025641,
      0.0,
      0.3657142857142857,
      0.0,
      0.03205574912891986,
      0.0162748643761302,
      0.007653061224489796,
      0.06373626373626375,
      0.0,
      0.03206793206793207,
      0.028571428571428574
    ],
    [
      0.0,
      0.047619047619047616,
      0.17142857142857143,
      0.3317307692307692,
      0.38589743589743586,
      0.3657142857142857,
      0.0,
      0.028571428571428574,
      0.0642857142857143,
      0.0642857142857143,
      0.008928571428571428,
      0.028571428571428574,
      0.08333333333333333,
      0.0,
      0.0
    ],
    [
      0.0,
      0.0,
      0.0,
      0.10714285714285714,
      0.0,
      0.0,
      0.028571428571428574,
      0.0,
      0.078125,
      0.125,
      0.0,
      0.025,
      0.08571428571428572,
      0.075,
      0.10625
    ],
    [
      0.0,
      0.02032520325203252,
      0.00273224043715847,
      0.23724489795918366,
      0.07142857142857142,
      0.03205574912891986,
      0.0642857142857143,
      0.078125,
      0.0,
      0.2981029810298103,
      0.06547619047619048,
      0.20624724270498518,
      0.021179401993355478,
      0.0717954526094061,
      0.07054060989114874
    ],
    [
      0.0,
      0.016877637130801686,
      0.002185792349726776,
      0.1096938775510204,
      0.07142857142857142,
      0.0162748643761302,
      0.0642857142857143,
      0.125,
      0.2981029810298103,
      0.0,
      0.19608843537414966,
      0.25517531809112615,
      0.07765780730897011,
      0.1773914070425698,
      0.2104185065253655
    ],
    [
      0.0,
      0.0,
      0.0,
      0.026785714285714284,
      0.002976190476190476,
      0.007653061224489796,
      0.008928571428571428,
      0.0,
      0.06547619047619048,
      0.19608843537414966,
      0.0,
      0.16029900332225913,
      0.10889050387596899,
      0.164145157168413,
      0.16476328903654486
    ],
    [
      0.0,
      0.030864197530864196,
      0.035519125683060114,
      0.07653061224489796,
      0.017857142857142856,
      0.06373626373626375,
      0.028571428571428574,
      0.025,
      0.20624724270498518,
      0.25517531809112615,
      0.16029900332225913,
      0.0,
      0.14285714285714285,
      0.27342657342657345,
      0.4195767195767196
    ],
    [
      0.0,
      0.0,
      0.0,
      0.041666666666666664,
      0.0,
      0.0,
      0.08333333333333333,
      0.08571428571428572,
      0.021179401993355478,
      0.07765780730897011,
      0.10889050387596899,
      0.14285714285714285,
      0.0,
      0.4043956043956044,
      0.42410714285714285
    ],
    [
      0.0,
      0.048618048618048616,
      0.09035909445745512,
      0.07397959183673468,
      0.047619047619047616,
      0.03206793206793207,
      0.0,
      0.075,
      0.0717954526094061,
      0.1773914070425698,
      0.164145157168413,
      0.27342657342657345,
      0.4043956043956044,
      0.0,
      0.6196803196803197
    ],
    [
      0.0,
      0.010582010582010581,
      0.038056206088992975,
      0.07397959183673468,
      0.0,
      0.028571428571428574,
      0.0,
      0.10625,
      0.07054060989114874,
      0.2104185065253655,
      0.16476328903654486,
      0.4195767195767196,
      0.42410714285714285,
      0.6196803196803197,
      0.0
    ]
  ],
  "dendrogram": {
    "name": "",
    "leaf": false,
    "children": [
      {
        "name": "tempgrid-jamesanstey-1777265640",
        "leaf": true,
        "spectral_index": 0,
        "value": 0.0
      },
      {
        "name": "",
        "leaf": false,
        "children": [
          {
            "name": "",
            "leaf": false,
            "children": [
              {
                "name": "v103",
                "leaf": true,
                "spectral_index": 1,
                "value": 0.0
              },
              {
                "name": "",
                "leaf": false,
                "children": [
                  {
                    "name": "v101",
                    "leaf": true,
                    "spectral_index": 2,
                    "value": 0.0
                  },
                  {
                    "name": "",
                    "leaf": false,
                    "children": [
                      {
                        "name": "",
                        "leaf": false,
                        "children": [
                          {
                            "name": "v107",
                            "leaf": true,
                            "spectral_index": 3,
                            "value": 0.0
                          },
                          {
                            "name": "v112",
                            "leaf": true,
                            "spectral_index": 4,
                            "value": 0.0
                          }
                        ],
                        "value": 0.2844551282051282
                      },
                      {
                        "name": "",
                        "leaf": false,
                        "children": [
                          {
                            "name": "v105",
                            "leaf": true,
                            "spectral_index": 5,
                            "value": 0.0
                          },
                          {
                            "name": "v108",
                            "leaf": true,
                            "spectral_index": 6,
                            "value": 0.0
                          }
                        ],
                        "value": 0.31714285714285717
                      }
                    ],
                    "value": 0.3241390306122449
                  }
                ],
                "value": 0.38583626073380173
              }
            ],
            "value": 0.4594264296723313
          },
          {
            "name": "",
            "leaf": false,
            "children": [
              {
                "name": "v109",
                "leaf": true,
                "spectral_index": 7,
                "value": 0.0
              },
              {
                "name": "",
                "leaf": false,
                "children": [
                  {
                    "name": "",
                    "leaf": false,
                    "children": [
                      {
                        "name": "v102",
                        "leaf": true,
                        "spectral_index": 8,
                        "value": 0.0
                      },
                      {
                        "name": "v100",
                        "leaf": true,
                        "spectral_index": 9,
                        "value": 0.0
                      }
                    ],
                    "value": 0.3509485094850948
                  },
                  {
                    "name": "",
                    "leaf": false,
                    "children": [
                      {
                        "name": "v106",
                        "leaf": true,
                        "spectral_index": 10,
                        "value": 0.0
                      },
                      {
                        "name": "",
                        "leaf": false,
                        "children": [
                          {
                            "name": "v104",
                            "leaf": true,
                            "spectral_index": 11,
                            "value": 0.0
                          },
                          {
                            "name": "",
                            "leaf": false,
                            "children": [
                              {
                                "name": "v111",
                                "leaf": true,
                                "spectral_index": 12,
                                "value": 0.0
                              },
                              {
                                "name": "",
                                "leaf": false,
                                "children": [
                                  {
                                    "name": "v113",
                                    "leaf": true,
                                    "spectral_index": 13,
                                    "value": 0.0
                                  },
                                  {
                                    "name": "v110",
                                    "leaf": true,
                                    "spectral_index": 14,
                                    "value": 0.0
                                  }
                                ],
                                "value": 0.1901598401598401
                              }
                            ],
                            "value": 0.29287431318681323
                          }
                        ],
                        "value": 0.360689927356594
                      }
                    ],
                    "value": 0.42523775582460177
                  }
                ],
                "value": 0.4324014813991367
              }
            ],
            "value": 0.4646364795918367
          }
        ],
        "value": 0.4821584543849496
      }
    ],
    "value": 1.0
  },
  "schema": {
    "name": "record",
    "children": [
      {
        "name": "bottom_layer_thickness",
        "type": "scalar"
      },
      {
        "name": "description",
        "type": "scalar"
      },
      {
        "name": "n_z",
        "type": "scalar"
      },
      {
        "name": "top_layer_thickness",
        "type": "scalar"
      },
      {
        "name": "total_thickness",
        "type": "scalar"
      },
      {
        "name": "ui_label",
        "type": "scalar"
      },
      {
        "name": "validation_key",
        "type": "scalar"
      },
      {
        "name": "vertical_coordinate",
        "type": "scalar"
      }
    ]
  }
}