{
  "stem": "Vertical_Computational_Grids",
  "singular": "Vertical Grid",
  "endpoint": "vertical_computational_grid",
  "count": 11,
  "method": "embedding (all-MiniLM-L6-v2) | link: text (links uninformative) | order: UPGMA leaf traversal",
  "entries": [
    {
      "id": "v109",
      "label": "v109",
      "spectral_rank": 0
    },
    {
      "id": "v106",
      "label": "v106",
      "spectral_rank": 1
    },
    {
      "id": "v100",
      "label": "v100",
      "spectral_rank": 2
    },
    {
      "id": "v103",
      "label": "v103",
      "spectral_rank": 3
    },
    {
      "id": "v110",
      "label": "v110",
      "spectral_rank": 4
    },
    {
      "id": "v104",
      "label": "v104",
      "spectral_rank": 5
    },
    {
      "id": "v102",
      "label": "v102",
      "spectral_rank": 6
    },
    {
      "id": "v101",
      "label": "v101",
      "spectral_rank": 7
    },
    {
      "id": "v105",
      "label": "v105",
      "spectral_rank": 8
    },
    {
      "id": "v107",
      "label": "v107",
      "spectral_rank": 9
    },
    {
      "id": "v108",
      "label": "v108",
      "spectral_rank": 10
    }
  ],
  "link_matrix": [
    [
      0.0,
      0.07156434318618692,
      0.03934570254166284,
      0.05212840821585593,
      0.03263815195259083,
      0.0,
      0.0,
      0.0,
      0.0,
      0.0,
      0.0
    ],
    [
      0.07156434318618692,
      0.0,
      0.12400192126130626,
      0.16428789813106265,
      0.0915379640729323,
      0.05667657725661642,
      0.04829704299329367,
      0.0,
      0.06618504411799693,
      0.10420230217766807,
      0.10420230217766806
    ],
    [
      0.03934570254166284,
      0.12400192126130626,
      0.0,
      0.1879586981758526,
      0.026127187510391177,
      0.11567199976638062,
      0.025689568389021325,
      0.049803214381210124,
      0.032022907903928644,
      0.0,
      0.0
    ],
    [
      0.05212840821585593,
      0.16428789813106265,
      0.1879586981758526,
      0.0,
      0.03461543721659834,
      0.0,
      0.03403564357388283,
      0.0,
      0.0,
      0.0,
      0.0
    ],
    [
      0.03263815195259083,
      0.0915379640729323,
      0.026127187510391177,
      0.03461543721659834,
      0.0,
      0.21642351937313928,
      0.014349628900205755,
      0.19585771510577066,
      0.0661579181205903,
      0.1041595947742614,
      0.10415959477426137
    ],
    [
      0.0,
      0.05667657725661642,
      0.11567199976638062,
      0.0,
      0.21642351937313928,
      0.0,
      0.0,
      0.0,
      0.0,
      0.0,
      0.0
    ],
    [
      0.0,
      0.04829704299329367,
      0.025689568389021325,
      0.03403564357388283,
      0.014349628900205755,
      0.0,
      0.0,
      0.062094648873080575,
      0.06628396064960454,
      0.12845167617307765,
      0.02211472079248486
    ],
    [
      0.0,
      0.0,
      0.049803214381210124,
      0.0,
      0.19585771510577066,
      0.0,
      0.062094648873080575,
      0.0,
      0.19760730253973047,
      0.06779855050952814,
      0.12267914219261603
    ],
    [
      0.0,
      0.06618504411799693,
      0.032022907903928644,
      0.0,
      0.0661579181205903,
      0.0,
      0.06628396064960454,
      0.19760730253973047,
      0.0,
      0.2060920261180281,
      0.2060920261180281
    ],
    [
      0.0,
      0.10420230217766807,
      0.0,
      0.0,
      0.1041595947742614,
      0.0,
      0.12845167617307765,
      0.06779855050952814,
      0.2060920261180281,
      0.0,
      0.3244730568385177
    ],
    [
      0.0,
      0.10420230217766806,
      0.0,
      0.0,
      0.10415959477426137,
      0.0,
      0.02211472079248486,
      0.12267914219261603,
      0.2060920261180281,
      0.3244730568385177,
      0.0
    ]
  ],
  "text_matrix": [
    [
      0.0,
      0.07156434318618692,
      0.03934570254166284,
      0.05212840821585593,
      0.03263815195259083,
      0.0,
      0.0,
      0.0,
      0.0,
      0.0,
      0.0
    ],
    [
      0.07156434318618692,
      0.0,
      0.12400192126130626,
      0.16428789813106265,
      0.0915379640729323,
      0.05667657725661642,
      0.04829704299329367,
      0.0,
      0.06618504411799693,
      0.10420230217766807,
      0.10420230217766806
    ],
    [
      0.03934570254166284,
      0.12400192126130626,
      0.0,
      0.1879586981758526,
      0.026127187510391177,
      0.11567199976638062,
      0.025689568389021325,
      0.049803214381210124,
      0.032022907903928644,
      0.0,
      0.0
    ],
    [
      0.05212840821585593,
      0.16428789813106265,
      0.1879586981758526,
      0.0,
      0.03461543721659834,
      0.0,
      0.03403564357388283,
      0.0,
      0.0,
      0.0,
      0.0
    ],
    [
      0.03263815195259083,
      0.0915379640729323,
      0.026127187510391177,
      0.03461543721659834,
      0.0,
      0.21642351937313928,
      0.014349628900205755,
      0.19585771510577066,
      0.0661579181205903,
      0.1041595947742614,
      0.10415959477426137
    ],
    [
      0.0,
      0.05667657725661642,
      0.11567199976638062,
      0.0,
      0.21642351937313928,
      0.0,
      0.0,
      0.0,
      0.0,
      0.0,
      0.0
    ],
    [
      0.0,
      0.04829704299329367,
      0.025689568389021325,
      0.03403564357388283,
      0.014349628900205755,
      0.0,
      0.0,
      0.062094648873080575,
      0.06628396064960454,
      0.12845167617307765,
      0.02211472079248486
    ],
    [
      0.0,
      0.0,
      0.049803214381210124,
      0.0,
      0.19585771510577066,
      0.0,
      0.062094648873080575,
      0.0,
      0.19760730253973047,
      0.06779855050952814,
      0.12267914219261603
    ],
    [
      0.0,
      0.06618504411799693,
      0.032022907903928644,
      0.0,
      0.0661579181205903,
      0.0,
      0.06628396064960454,
      0.19760730253973047,
      0.0,
      0.2060920261180281,
      0.2060920261180281
    ],
    [
      0.0,
      0.10420230217766807,
      0.0,
      0.0,
      0.1041595947742614,
      0.0,
      0.12845167617307765,
      0.06779855050952814,
      0.2060920261180281,
      0.0,
      0.3244730568385177
    ],
    [
      0.0,
      0.10420230217766806,
      0.0,
      0.0,
      0.10415959477426137,
      0.0,
      0.02211472079248486,
      0.12267914219261603,
      0.2060920261180281,
      0.3244730568385177,
      0.0
    ]
  ],
  "dendrogram": {
    "name": "",
    "leaf": false,
    "children": [
      {
        "name": "",
        "leaf": false,
        "children": [
          {
            "name": "v109",
            "leaf": true,
            "spectral_index": 0,
            "value": 0.0
          },
          {
            "name": "",
            "leaf": false,
            "children": [
              {
                "name": "v106",
                "leaf": true,
                "spectral_index": 1,
                "value": 0.0
              },
              {
                "name": "",
                "leaf": false,
                "children": [
                  {
                    "name": "v100",
                    "leaf": true,
                    "spectral_index": 2,
                    "value": 0.0
                  },
                  {
                    "name": "v103",
                    "leaf": true,
                    "spectral_index": 3,
                    "value": 0.0
                  }
                ],
                "value": 0.8120413018241475
              }
            ],
            "value": 0.8558550903038156
          }
        ],
        "value": 0.9456538486854315
      },
      {
        "name": "",
        "leaf": false,
        "children": [
          {
            "name": "",
            "leaf": false,
            "children": [
              {
                "name": "v110",
                "leaf": true,
                "spectral_index": 4,
                "value": 0.0
              },
              {
                "name": "v104",
                "leaf": true,
                "spectral_index": 5,
                "value": 0.0
              }
            ],
            "value": 0.7835764806268607
          },
          {
            "name": "",
            "leaf": false,
            "children": [
              {
                "name": "v102",
                "leaf": true,
                "spectral_index": 6,
                "value": 0.0
              },
              {
                "name": "",
                "leaf": false,
                "children": [
                  {
                    "name": "v101",
                    "leaf": true,
                    "spectral_index": 7,
                    "value": 0.0
                  },
                  {
                    "name": "",
                    "leaf": false,
                    "children": [
                      {
                        "name": "v105",
                        "leaf": true,
                        "spectral_index": 8,
                        "value": 0.0
                      },
                      {
                        "name": "",
                        "leaf": false,
                        "children": [
                          {
                            "name": "v107",
                            "leaf": true,
                            "spectral_index": 9,
                            "value": 0.0
                          },
                          {
                            "name": "v108",
                            "leaf": true,
                            "spectral_index": 10,
                            "value": 0.0
                          }
                        ],
                        "value": 0.6755269431614823
                      }
                    ],
                    "value": 0.7939079738819719
                  }
                ],
                "value": 0.870638334919375
              }
            ],
            "value": 0.930263748377938
          }
        ],
        "value": 0.951531554832491
      }
    ],
    "value": 0.9706533805896365
  },
  "schema": {
    "name": "record",
    "children": [
      {
        "name": "bottom_layer_thickness",
        "type": "scalar"
      },
      {
        "name": "description",
        "type": "scalar"
      },
      {
        "name": "n_z",
        "type": "scalar"
      },
      {
        "name": "top_layer_thickness",
        "type": "scalar"
      },
      {
        "name": "total_thickness",
        "type": "scalar"
      },
      {
        "name": "ui_label",
        "type": "scalar"
      },
      {
        "name": "validation_key",
        "type": "scalar"
      },
      {
        "name": "vertical_coordinate",
        "type": "scalar"
      }
    ]
  }
}