{
  "stem": "Vertical_Computational_Grids",
  "singular": "Vertical Grid",
  "endpoint": "vertical_computational_grid",
  "count": 12,
  "method": "field-level | link: text (links uninformative) | order: UPGMA leaf traversal",
  "entries": [
    {
      "id": "v103",
      "label": "v103",
      "spectral_rank": 0
    },
    {
      "id": "v101",
      "label": "v101",
      "spectral_rank": 1
    },
    {
      "id": "v107",
      "label": "v107",
      "spectral_rank": 2
    },
    {
      "id": "v105",
      "label": "v105",
      "spectral_rank": 3
    },
    {
      "id": "v108",
      "label": "v108",
      "spectral_rank": 4
    },
    {
      "id": "v109",
      "label": "v109",
      "spectral_rank": 5
    },
    {
      "id": "v102",
      "label": "v102",
      "spectral_rank": 6
    },
    {
      "id": "v100",
      "label": "v100",
      "spectral_rank": 7
    },
    {
      "id": "v106",
      "label": "v106",
      "spectral_rank": 8
    },
    {
      "id": "v104",
      "label": "v104",
      "spectral_rank": 9
    },
    {
      "id": "v110",
      "label": "v110",
      "spectral_rank": 10
    },
    {
      "id": "v111",
      "label": "v111",
      "spectral_rank": 11
    }
  ],
  "link_matrix": [
    [
      0.0,
      0.13943533697632057,
      0.047619047619047616,
      0.05201465201465201,
      0.047619047619047616,
      0.0,
      0.02032520325203252,
      0.016877637130801686,
      0.0,
      0.030864197530864196,
      0.010582010582010581,
      0.0
    ],
    [
      0.13943533697632057,
      0.0,
      0.17857142857142858,
      0.2299765807962529,
      0.17142857142857143,
      0.0,
      0.00273224043715847,
      0.002185792349726776,
      0.0,
      0.035519125683060114,
      0.038056206088992975,
      0.0
    ],
    [
      0.047619047619047616,
      0.17857142857142858,
      0.0,
      0.32515698587127156,
      0.3317307692307692,
      0.10714285714285714,
      0.23724489795918366,
      0.1096938775510204,
      0.026785714285714284,
      0.07653061224489796,
      0.07397959183673468,
      0.041666666666666664
    ],
    [
      0.05201465201465201,
      0.2299765807962529,
      0.32515698587127156,
      0.0,
      0.3657142857142857,
      0.0,
      0.03205574912891986,
      0.0162748643761302,
      0.007653061224489796,
      0.06373626373626375,
      0.028571428571428574,
      0.0
    ],
    [
      0.047619047619047616,
      0.17142857142857143,
      0.3317307692307692,
      0.3657142857142857,
      0.0,
      0.028571428571428574,
      0.0642857142857143,
      0.0642857142857143,
      0.008928571428571428,
      0.028571428571428574,
      0.0,
      0.08333333333333333
    ],
    [
      0.0,
      0.0,
      0.10714285714285714,
      0.0,
      0.028571428571428574,
      0.0,
      0.078125,
      0.125,
      0.0,
      0.025,
      0.10625,
      0.08571428571428572
    ],
    [
      0.02032520325203252,
      0.00273224043715847,
      0.23724489795918366,
      0.03205574912891986,
      0.0642857142857143,
      0.078125,
      0.0,
      0.2981029810298103,
      0.06547619047619048,
      0.20624724270498518,
      0.07054060989114874,
      0.021179401993355478
    ],
    [
      0.016877637130801686,
      0.002185792349726776,
      0.1096938775510204,
      0.0162748643761302,
      0.0642857142857143,
      0.125,
      0.2981029810298103,
      0.0,
      0.19608843537414966,
      0.25517531809112615,
      0.2104185065253655,
      0.07765780730897011
    ],
    [
      0.0,
      0.0,
      0.026785714285714284,
      0.007653061224489796,
      0.008928571428571428,
      0.0,
      0.06547619047619048,
      0.19608843537414966,
      0.0,
      0.16029900332225913,
      0.16476328903654486,
      0.10889050387596899
    ],
    [
      0.030864197530864196,
      0.035519125683060114,
      0.07653061224489796,
      0.06373626373626375,
      0.028571428571428574,
      0.025,
      0.20624724270498518,
      0.25517531809112615,
      0.16029900332225913,
      0.0,
      0.4195767195767196,
      0.14285714285714285
    ],
    [
      0.010582010582010581,
      0.038056206088992975,
      0.07397959183673468,
      0.028571428571428574,
      0.0,
      0.10625,
      0.07054060989114874,
      0.2104185065253655,
      0.16476328903654486,
      0.4195767195767196,
      0.0,
      0.42410714285714285
    ],
    [
      0.0,
      0.0,
      0.041666666666666664,
      0.0,
      0.08333333333333333,
      0.08571428571428572,
      0.021179401993355478,
      0.07765780730897011,
      0.10889050387596899,
      0.14285714285714285,
      0.42410714285714285,
      0.0
    ]
  ],
  "text_matrix": [
    [
      0.0,
      0.13943533697632057,
      0.047619047619047616,
      0.05201465201465201,
      0.047619047619047616,
      0.0,
      0.02032520325203252,
      0.016877637130801686,
      0.0,
      0.030864197530864196,
      0.010582010582010581,
      0.0
    ],
    [
      0.13943533697632057,
      0.0,
      0.17857142857142858,
      0.2299765807962529,
      0.17142857142857143,
      0.0,
      0.00273224043715847,
      0.002185792349726776,
      0.0,
      0.035519125683060114,
      0.038056206088992975,
      0.0
    ],
    [
      0.047619047619047616,
      0.17857142857142858,
      0.0,
      0.32515698587127156,
      0.3317307692307692,
      0.10714285714285714,
      0.23724489795918366,
      0.1096938775510204,
      0.026785714285714284,
      0.07653061224489796,
      0.07397959183673468,
      0.041666666666666664
    ],
    [
      0.05201465201465201,
      0.2299765807962529,
      0.32515698587127156,
      0.0,
      0.3657142857142857,
      0.0,
      0.03205574912891986,
      0.0162748643761302,
      0.007653061224489796,
      0.06373626373626375,
      0.028571428571428574,
      0.0
    ],
    [
      0.047619047619047616,
      0.17142857142857143,
      0.3317307692307692,
      0.3657142857142857,
      0.0,
      0.028571428571428574,
      0.0642857142857143,
      0.0642857142857143,
      0.008928571428571428,
      0.028571428571428574,
      0.0,
      0.08333333333333333
    ],
    [
      0.0,
      0.0,
      0.10714285714285714,
      0.0,
      0.028571428571428574,
      0.0,
      0.078125,
      0.125,
      0.0,
      0.025,
      0.10625,
      0.08571428571428572
    ],
    [
      0.02032520325203252,
      0.00273224043715847,
      0.23724489795918366,
      0.03205574912891986,
      0.0642857142857143,
      0.078125,
      0.0,
      0.2981029810298103,
      0.06547619047619048,
      0.20624724270498518,
      0.07054060989114874,
      0.021179401993355478
    ],
    [
      0.016877637130801686,
      0.002185792349726776,
      0.1096938775510204,
      0.0162748643761302,
      0.0642857142857143,
      0.125,
      0.2981029810298103,
      0.0,
      0.19608843537414966,
      0.25517531809112615,
      0.2104185065253655,
      0.07765780730897011
    ],
    [
      0.0,
      0.0,
      0.026785714285714284,
      0.007653061224489796,
      0.008928571428571428,
      0.0,
      0.06547619047619048,
      0.19608843537414966,
      0.0,
      0.16029900332225913,
      0.16476328903654486,
      0.10889050387596899
    ],
    [
      0.030864197530864196,
      0.035519125683060114,
      0.07653061224489796,
      0.06373626373626375,
      0.028571428571428574,
      0.025,
      0.20624724270498518,
      0.25517531809112615,
      0.16029900332225913,
      0.0,
      0.4195767195767196,
      0.14285714285714285
    ],
    [
      0.010582010582010581,
      0.038056206088992975,
      0.07397959183673468,
      0.028571428571428574,
      0.0,
      0.10625,
      0.07054060989114874,
      0.2104185065253655,
      0.16476328903654486,
      0.4195767195767196,
      0.0,
      0.42410714285714285
    ],
    [
      0.0,
      0.0,
      0.041666666666666664,
      0.0,
      0.08333333333333333,
      0.08571428571428572,
      0.021179401993355478,
      0.07765780730897011,
      0.10889050387596899,
      0.14285714285714285,
      0.42410714285714285,
      0.0
    ]
  ],
  "dendrogram": {
    "name": "",
    "leaf": false,
    "children": [
      {
        "name": "",
        "leaf": false,
        "children": [
          {
            "name": "v103",
            "leaf": true,
            "spectral_index": 0,
            "value": 0.0
          },
          {
            "name": "",
            "leaf": false,
            "children": [
              {
                "name": "v101",
                "leaf": true,
                "spectral_index": 1,
                "value": 0.0
              },
              {
                "name": "",
                "leaf": false,
                "children": [
                  {
                    "name": "v107",
                    "leaf": true,
                    "spectral_index": 2,
                    "value": 0.0
                  },
                  {
                    "name": "",
                    "leaf": false,
                    "children": [
                      {
                        "name": "v105",
                        "leaf": true,
                        "spectral_index": 3,
                        "value": 0.0
                      },
                      {
                        "name": "v108",
                        "leaf": true,
                        "spectral_index": 4,
                        "value": 0.0
                      }
                    ],
                    "value": 0.6342857142857143
                  }
                ],
                "value": 0.6715561224489797
              }
            ],
            "value": 0.8066744730679156
          }
        ],
        "value": 0.928327978942733
      },
      {
        "name": "",
        "leaf": false,
        "children": [
          {
            "name": "v109",
            "leaf": true,
            "spectral_index": 5,
            "value": 0.0
          },
          {
            "name": "",
            "leaf": false,
            "children": [
              {
                "name": "",
                "leaf": false,
                "children": [
                  {
                    "name": "v102",
                    "leaf": true,
                    "spectral_index": 6,
                    "value": 0.0
                  },
                  {
                    "name": "v100",
                    "leaf": true,
                    "spectral_index": 7,
                    "value": 0.0
                  }
                ],
                "value": 0.7018970189701896
              },
              {
                "name": "",
                "leaf": false,
                "children": [
                  {
                    "name": "v106",
                    "leaf": true,
                    "spectral_index": 8,
                    "value": 0.0
                  },
                  {
                    "name": "",
                    "leaf": false,
                    "children": [
                      {
                        "name": "v104",
                        "leaf": true,
                        "spectral_index": 9,
                        "value": 0.0
                      },
                      {
                        "name": "",
                        "leaf": false,
                        "children": [
                          {
                            "name": "v110",
                            "leaf": true,
                            "spectral_index": 10,
                            "value": 0.0
                          },
                          {
                            "name": "v111",
                            "leaf": true,
                            "spectral_index": 11,
                            "value": 0.0
                          }
                        ],
                        "value": 0.5758928571428572
                      }
                    ],
                    "value": 0.7187830687830687
                  }
                ],
                "value": 0.8553490679217424
              }
            ],
            "value": 0.8621520609543386
          }
        ],
        "value": 0.9299851190476192
      }
    ],
    "value": 0.964101308906996
  },
  "schema": {
    "name": "record",
    "children": [
      {
        "name": "bottom_layer_thickness",
        "type": "scalar"
      },
      {
        "name": "description",
        "type": "scalar"
      },
      {
        "name": "n_z",
        "type": "scalar"
      },
      {
        "name": "top_layer_thickness",
        "type": "scalar"
      },
      {
        "name": "total_thickness",
        "type": "scalar"
      },
      {
        "name": "ui_label",
        "type": "scalar"
      },
      {
        "name": "validation_key",
        "type": "scalar"
      },
      {
        "name": "vertical_coordinate",
        "type": "scalar"
      }
    ]
  }
}