# Vertical Computational Grids

**Stage 2b.** Vertical grids are registered separately from horizontal grids because they vary independently of the horizontal layout. Each record captures coordinate type, level count, and vertical extent, and receives a `v###` ID used in Stage 3.

---

<link href="https://fonts.googleapis.com/css2?family=Source+Code+Pro:wght@400;600;700&display=swap" rel="stylesheet">

<style>
.emd-viz { font-family: 'Source Code Pro', monospace; width: 100%; }
.emd-section { margin-bottom: 2.5rem; }
.emd-section-label {
  font-size: 11px; font-weight: 700; color: #0d1035;
  text-transform: uppercase; letter-spacing: 0.09em;
  margin-bottom: 12px; display: block;
}
.emd-selector-row { display: flex; gap: 10px; align-items: center; flex-wrap: wrap; }
#emd-entry-select {
  flex: 1; min-width: 240px; padding: 8px 12px;
  border: 1.5px solid #ccc; border-radius: 6px;
  font-family: 'Source Code Pro', monospace; font-size: 12px;
  color: #0d1035; background: #fff; cursor: pointer;
}
#emd-entry-select:focus { outline: none; border-color: #0d1035; }
#emd-go-btn {
  padding: 8px 18px; border: 1.5px solid #0d1035; border-radius: 6px;
  background: #0d1035; color: #fff;
  font-family: 'Source Code Pro', monospace; font-size: 12px;
  font-weight: 600; cursor: pointer; transition: background .15s;
}
#emd-go-btn:hover { background: #1a2080; }
.emd-stats {
  margin-top: 10px; font-size: 11px; color: #888;
  display: flex; gap: 20px; flex-wrap: wrap;
}
.emd-stats b { color: #0d1035; }
.emd-filter-bar { display: flex; flex-wrap: wrap; gap: 6px; margin-bottom: 10px; }
.emd-fbtn {
  padding: 4px 11px; border-radius: 20px; border: 1.5px solid #ccc;
  background: #fff; cursor: pointer; font-family: 'Source Code Pro', monospace;
  font-size: 11px; color: #555; transition: all .15s;
}
.emd-fbtn:hover  { border-color: #0d1035; color: #0d1035; }
.emd-fbtn.active { background: #0d1035; border-color: #0d1035; color: #fff; font-weight: 600; }
.emd-tip {
  position: fixed; background: #0d1035; color: #fff;
  padding: 10px 14px; border-radius: 8px; font-size: 12px;
  font-family: 'Source Code Pro', monospace; pointer-events: none;
  opacity: 0; transition: opacity .12s; line-height: 1.9;
  box-shadow: 0 6px 24px rgba(0,0,0,.25); max-width: 280px; z-index: 999;
}
.emd-tip-link { color: #e8607e; font-weight: 600; }
.emd-tip-text { color: #f5c842; font-weight: 600; }
.emd-tip-head { font-weight: 700; font-size: 13px;
  border-bottom: 1px solid rgba(255,255,255,.2); padding-bottom: 5px; margin-bottom: 5px; }
/* ── accessible font toggle ── */
.emd-font-btn {
  padding: 5px 12px; border-radius: 20px; border: 1.5px solid #ccc;
  background: #fff; font-size: 11px; cursor: pointer;
  font-family: 'Source Code Pro', monospace; color: #888;
  transition: all .2s; white-space: nowrap;
}
.emd-font-btn:hover { border-color: #2065a0; color: #1a4a80; }
.emd-font-btn.active { background: #e8f0ff; border-color: #2065a0;
  color: #1a4a80; font-family: inherit; font-weight: 600; }
/* Accessible mode: also switch the UI controls (the SVGs are already on the
   accessible/sans-serif font by default via the JS `FONT` constant). */
.emd-viz.accessible { font-family: inherit; }
.emd-viz.accessible #emd-entry-select,
.emd-viz.accessible .emd-stats,
.emd-viz.accessible .emd-stats-grid,
.emd-viz.accessible .emd-stat-label,
.emd-viz.accessible .emd-stat-value,
.emd-viz.accessible .emd-section-label,
.emd-viz.accessible .emd-fbtn,
.emd-viz.accessible #emd-go-btn { font-family: inherit !important; }
/* ── stats grid ── */
.emd-stats-grid {
  display: grid;
  grid-template-columns: repeat(auto-fit, minmax(150px, 1fr));
  gap: 12px;
  margin: 10px 0 18px;
  padding: 14px 16px;
  background: #f7f8fa;
  border-left: 3px solid #0d1035;
  border-radius: 4px;
}
.emd-stat-item { display: flex; flex-direction: column; gap: 3px; }
.emd-stat-label {
  font-family: 'Source Code Pro', monospace;
  color: #888; font-size: 10px;
  text-transform: uppercase; letter-spacing: 0.06em;
}
.emd-stat-value {
  font-family: 'Source Code Pro', monospace;
  color: #0d1035; font-weight: 600; font-size: 13px;
}
</style>

<div class="emd-viz">

<!-- Status / stats box pinned to the top of the page -->
<div class="emd-stats-grid">
  <div class="emd-stat-item">
    <span class="emd-stat-label">Total Records</span>
    <span class="emd-stat-value">36</span>
  </div>
  <div class="emd-stat-item">
    <span class="emd-stat-label">Endpoint</span>
    <span class="emd-stat-value">vertical_computational_grid</span>
  </div>
  <div class="emd-stat-item">
    <span class="emd-stat-label">Raw Data</span>
    <span class="emd-stat-value">17.5 KB</span>
  </div>
  <div class="emd-stat-item">
    <span class="emd-stat-label">Processed Data</span>
    <span class="emd-stat-value">70.8 KB</span>
  </div>
  <div class="emd-stat-item">
    <span class="emd-stat-label">Last Updated</span>
    <span class="emd-stat-value">2026-06-16 07:58 UTC</span>
  </div>
</div>

<div class="emd-section">
<span class="emd-section-label">View a specific Vertical Grid</span>
<div class="emd-selector-row">
  <select id="emd-entry-select">
    <option value="">Select an entry…</option>
    <option value="../view_vertical_computational_grids/?id=v119">v119</option>
    <option value="../view_vertical_computational_grids/?id=v101">v101</option>
    <option value="../view_vertical_computational_grids/?id=v131">v131</option>
    <option value="../view_vertical_computational_grids/?id=v105">v105</option>
    <option value="../view_vertical_computational_grids/?id=v127">v127</option>
    <option value="../view_vertical_computational_grids/?id=v122">v122</option>
    <option value="../view_vertical_computational_grids/?id=v125">v125</option>
    <option value="../view_vertical_computational_grids/?id=v123">v123</option>
    <option value="../view_vertical_computational_grids/?id=v112">v112</option>
    <option value="../view_vertical_computational_grids/?id=v117">v117</option>
    <option value="../view_vertical_computational_grids/?id=v108">v108</option>
    <option value="../view_vertical_computational_grids/?id=v107">v107</option>
    <option value="../view_vertical_computational_grids/?id=v121">v121</option>
    <option value="../view_vertical_computational_grids/?id=v133">v133</option>
    <option value="../view_vertical_computational_grids/?id=v116">v116</option>
    <option value="../view_vertical_computational_grids/?id=v111">v111</option>
    <option value="../view_vertical_computational_grids/?id=v114">v114</option>
    <option value="../view_vertical_computational_grids/?id=v110">v110</option>
    <option value="../view_vertical_computational_grids/?id=v113">v113</option>
    <option value="../view_vertical_computational_grids/?id=v132">v132</option>
    <option value="../view_vertical_computational_grids/?id=v104">v104</option>
    <option value="../view_vertical_computational_grids/?id=v128">v128</option>
    <option value="../view_vertical_computational_grids/?id=v129">v129</option>
    <option value="../view_vertical_computational_grids/?id=v126">v126</option>
    <option value="../view_vertical_computational_grids/?id=v106">v106</option>
    <option value="../view_vertical_computational_grids/?id=v100">v100</option>
    <option value="../view_vertical_computational_grids/?id=v118">v118</option>
    <option value="../view_vertical_computational_grids/?id=v115">v115</option>
    <option value="../view_vertical_computational_grids/?id=v134">v134</option>
    <option value="../view_vertical_computational_grids/?id=v124">v124</option>
    <option value="../view_vertical_computational_grids/?id=v130">v130</option>
    <option value="../view_vertical_computational_grids/?id=v120">v120</option>
    <option value="../view_vertical_computational_grids/?id=v103">v103</option>
    <option value="../view_vertical_computational_grids/?id=no-vertical">no-vertical</option>
    <option value="../view_vertical_computational_grids/?id=v102">v102</option>
    <option value="../view_vertical_computational_grids/?id=v109">v109</option>
  </select>
  <button id="emd-go-btn" onclick="emdGotoEntry()">Open →</button>
  <button class="emd-font-btn" id="emd-font-toggle" onclick="emdToggleFont()" title="Switch to the page's default font for improved readability">Accessible font</button>
</div>
</div>

<div class="emd-section">
<span class="emd-section-label">Similarity &amp; Hierarchical Clustering</span>
<div class="emd-filter-bar" id="emd-filter-bar"></div>
<div id="emd-combined-chart" style="overflow-x:auto; display:flex; justify-content:center;"></div>
<div class="emd-tip" id="emd-tip"></div>
</div>

<div class="emd-section">
<span class="emd-section-label">Record Key Schema</span>
<div id="emd-key-graph"></div>
</div>

</div>

<script src="https://d3js.org/d3.v7.min.js"></script>
<script>
(function () {
'use strict';

/* ── injected data ─────────────────────────────────────────────────────── */
var EMD_DATA    = {"ids":["v119","v101","v131","v105","v127","v122","v125","v123","v112","v117","v108","v107","v121","v133","v116","v111","v114","v110","v113","v132","v104","v128","v129","v126","v106","v100","v118","v115","v134","v124","v130","v120","v103","no-vertical","v102","v109"],"link":[[0.0,0.21475409836065573,0.46633540372670806,0.47130434782608693,0.3294916465648173,0.38,0.3801198801198801,0.4245069998494656,0.456959706959707,0.4228571428571429,0.38,0.24862637362637363,0.23076923076923078,0.2783882783882784,0.23076923076923078,0.0,0.0,0.006211180124223602,0.0024975024975024975,0.0,0.004140786749482402,0.03283582089552239,0.002976190476190476,0.10551813251991189,0.07908163265306123,0.007233273056057866,0.002551020408163265,0.022959183673469385,0.06036090698667385,0.20233628160457426,0.036177248677248676,0.004638218923933209,0.049689440993788817,0.0027472527472527475,0.005226480836236933,0.03645833333333333],[0.21475409836065573,0.0,0.25140515222482435,0.2299765807962529,0.3095238095238095,0.2857142857142857,0.2861826697892272,0.2875878220140515,0.3333333333333333,0.21428571428571427,0.17142857142857143,0.17857142857142858,0.14285714285714285,0.17857142857142858,0.17857142857142858,0.0,0.03571428571428571,0.038056206088992975,0.09035909445745512,0.08333333333333333,0.035519125683060114,0.07142857142857142,0.03571428571428571,0.08079625292740046,0.0,0.002185792349726776,0.0,0.03571428571428571,0.052302888368462135,0.053239656518345044,0.02896174863387978,0.003278688524590164,0.13943533697632057,0.07377049180327869,0.00273224043715847,0.020833333333333332],[0.46633540372670806,0.25140515222482435,0.0,0.46685300207039343,0.42995622263914945,0.41571428571428576,0.33401598401598404,0.3491645340960409,0.38553113553113555,0.3871428571428571,0.37285714285714283,0.36126373626373626,0.30769230769230765,0.2664835164835165,0.23076923076923078,0.0,0.03571428571428571,0.09575569358178053,0.08483183483183483,0.07142857142857142,0.036853002070393374,0.0042643923240938165,0.08630952380952381,0.005009744111167599,0.02806122448979592,0.05485232067510548,0.03112244897959184,0.03826530612244898,0.06123733117598148,0.062092379165549896,0.03796296296296296,0.075139146567718,0.051759834368530024,0.0013736263736263737,0.07491289198606273,0.020833333333333332],[0.47130434782608693,0.2299765807962529,0.46685300207039343,0.0,0.358527651210578,0.3657142857142857,0.29440559440559444,0.324311305133223,0.3641025641025641,0.3657142857142857,0.3657142857142857,0.32515698587127156,0.25934065934065936,0.2879120879120879,0.25934065934065936,0.0,0.05714285714285715,0.028571428571428574,0.03206793206793207,0.028571428571428574,0.06373626373626375,0.03283582089552239,0.10297619047619047,0.03307278427385189,0.007653061224489796,0.0162748643761302,0.002551020408163265,0.03112244897959184,0.2040944740331243,0.06296345930492273,0.10849867724867725,0.0055658627087198514,0.05201465201465201,0.006868131868131869,0.03205574912891986,0.020833333333333332],[0.3294916465648173,0.3095238095238095,0.42995622263914945,0.358527651210578,0.0,0.34981684981684985,0.5968614718614719,0.40100955954614487,0.4468864468864469,0.3021978021978022,0.2783882783882784,0.3104395604395605,0.29853479853479853,0.32234432234432236,0.29853479853479853,0.023809523809523808,0.023809523809523808,0.0749128919860627,0.12154512154512154,0.16666666666666666,0.027293844367015097,0.0021321961620469083,0.0744047619047619,0.03085282155566853,0.022959183673469385,0.027293844367015097,0.047619047619047616,0.023809523809523808,0.10869907188925595,0.10953274367908514,0.06183862433862434,0.03494124922696351,0.1957026713124274,0.08104395604395605,0.008710801393728223,0.041666666666666664],[0.38,0.2857142857142857,0.41571428571428576,0.3657142857142857,0.34981684981684985,0.0,0.35934065934065934,0.3021978021978022,0.3525641025641026,0.41,0.4266666666666667,0.3108974358974359,0.2692307692307692,0.3108974358974359,0.2692307692307692,0.0,0.041666666666666664,0.0642857142857143,0.0642857142857143,0.10833333333333334,0.028571428571428574,0.004975124378109453,0.07847222222222222,0.031547619047619054,0.008928571428571428,0.09999999999999999,0.1529761904761905,0.15178571428571427,0.05860805860805861,0.05860805860805861,0.03439153439153439,0.0,0.047619047619047616,0.0,0.0,0.023809523809523808],[0.3801198801198801,0.2861826697892272,0.33401598401598404,0.29440559440559444,0.5968614718614719,0.35934065934065934,0.0,0.5247002997002997,0.4945054945054945,0.37362637362637363,0.25934065934065936,0.33084772370486654,0.29853479853479853,0.35805860805860806,0.27472527472527475,0.028571428571428574,0.08571428571428573,0.08896103896103898,0.13633033633033634,0.18095238095238095,0.030194805194805194,0.0021321961620469083,0.06011904761904762,0.008060074563633283,0.03112244897959184,0.058766233766233765,0.05714285714285715,0.02040816326530612,0.10957549607856357,0.1121459840972036,0.06927910052910054,0.0074211502782931356,0.19534632034632035,0.08104395604395605,0.05616883116883117,0.05208333333333333],[0.4245069998494656,0.2875878220140515,0.3491645340960409,0.324311305133223,0.40100955954614487,0.3021978021978022,0.5247002997002997,0.0,0.4175824175824176,0.4450549450549451,0.25934065934065936,0.3512558869701727,0.3032967032967033,0.36996336996337,0.39377289377289376,0.0,0.07142857142857142,0.08121330724070451,0.07242757242757243,0.047619047619047616,0.1487279843444227,0.0021321961620469083,0.002976190476190476,0.007551686154889002,0.0739795918367347,0.06208559373116335,0.0,0.0,0.1034405267534102,0.10866166353971231,0.11332671957671957,0.03942486085343228,0.1268754076973255,0.0,0.10394889663182345,0.05208333333333333],[0.456959706959707,0.3333333333333333,0.38553113553113555,0.3641025641025641,0.4468864468864469,0.3525641025641026,0.4945054945054945,0.4175824175824176,0.0,0.4358974358974359,0.38589743589743586,0.4310897435897436,0.34829059829059833,0.5074786324786325,0.3621794871794872,0.0,0.0,0.0,0.047619047619047616,0.05555555555555555,0.017857142857142856,0.0024875621890547263,0.003472222222222222,0.0744047619047619,0.002976190476190476,0.07142857142857142,0.08333333333333333,0.08333333333333333,0.10256410256410256,0.10256410256410256,0.06481481481481481,0.07142857142857142,0.11904761904761904,0.07142857142857142,0.07142857142857142,0.023809523809523808],[0.4228571428571429,0.21428571428571427,0.3871428571428571,0.3657142857142857,0.3021978021978022,0.41,0.37362637362637363,0.4450549450549451,0.4358974358974359,0.0,0.5333333333333333,0.31387362637362637,0.30256410256410254,0.47008547008547,0.3247863247863248,0.08333333333333333,0.08333333333333333,0.0,0.0,0.0,0.07142857142857142,0.08830845771144279,0.003472222222222222,0.002976190476190476,0.03273809523809524,0.0,0.002976190476190476,0.002976190476190476,0.05860805860805861,0.05860805860805861,0.03439153439153439,0.0,0.047619047619047616,0.0,0.047619047619047616,0.023809523809523808],[0.38,0.17142857142857143,0.37285714285714283,0.3657142857142857,0.2783882783882784,0.4266666666666667,0.25934065934065936,0.25934065934065936,0.38589743589743586,0.5333333333333333,0.0,0.3317307692307692,0.30256410256410254,0.433974358974359,0.3108974358974359,0.08333333333333333,0.08333333333333333,0.0,0.0,0.0,0.028571428571428574,0.08830845771144279,0.003472222222222222,0.002976190476190476,0.008928571428571428,0.0642857142857143,0.002976190476190476,0.002976190476190476,0.05860805860805861,0.05860805860805861,0.0701058201058201,0.0,0.047619047619047616,0.0,0.0642857142857143,0.05238095238095238],[0.24862637362637363,0.17857142857142858,0.36126373626373626,0.32515698587127156,0.3104395604395605,0.3108974358974359,0.33084772370486654,0.3512558869701727,0.4310897435897436,0.31387362637362637,0.3317307692307692,0.0,0.47870879120879123,0.4548992673992674,0.36515567765567764,0.041666666666666664,0.06547619047619048,0.07397959183673468,0.07397959183673468,0.0625,0.07653061224489796,0.04415422885572139,0.06597222222222222,0.0744047619047619,0.026785714285714284,0.1096938775510204,0.125,0.10416666666666667,0.10256410256410256,0.10256410256410256,0.06736583522297808,0.17857142857142858,0.047619047619047616,0.0,0.23724489795918366,0.13095238095238096],[0.23076923076923078,0.14285714285714285,0.30769230769230765,0.25934065934065936,0.29853479853479853,0.2692307692307692,0.29853479853479853,0.3032967032967033,0.34829059829059833,0.30256410256410254,0.30256410256410254,0.47870879120879123,0.0,0.47051282051282056,0.44273504273504277,0.027777777777777776,0.027777777777777776,0.023809523809523808,0.023809523809523808,0.027777777777777776,0.0642857142857143,0.0024875621890547263,0.03125,0.002976190476190476,0.026785714285714284,0.028571428571428574,0.027777777777777776,0.0,0.10256410256410256,0.10256410256410256,0.24814814814814815,0.2380952380952381,0.047619047619047616,0.0,0.18214285714285713,0.06547619047619047],[0.2783882783882784,0.17857142857142858,0.2664835164835165,0.2879120879120879,0.32234432234432236,0.3108974358974359,0.35805860805860806,0.36996336996337,0.5074786324786325,0.47008547008547,0.433974358974359,0.4548992673992674,0.47051282051282056,0.0,0.5705128205128206,0.11666666666666665,0.15833333333333333,0.028571428571428574,0.028571428571428574,0.03333333333333333,0.06547619047619048,0.08582089552238807,0.03680555555555556,0.0744047619047619,0.002976190476190476,0.11904761904761904,0.11666666666666665,0.11666666666666665,0.10256410256410256,0.10256410256410256,0.14814814814814814,0.10714285714285714,0.047619047619047616,0.0,0.1845238095238095,0.05952380952380952],[0.23076923076923078,0.17857142857142858,0.23076923076923078,0.25934065934065936,0.29853479853479853,0.2692307692307692,0.27472527472527475,0.39377289377289376,0.3621794871794872,0.3247863247863248,0.3108974358974359,0.36515567765567764,0.44273504273504277,0.5705128205128206,0.0,0.03333333333333333,0.0,0.028571428571428574,0.0642857142857143,0.075,0.06547619047619048,0.0024875621890547263,0.03680555555555556,0.038690476190476185,0.002976190476190476,0.047619047619047616,0.05714285714285714,0.041666666666666664,0.10256410256410256,0.10256410256410256,0.18386243386243387,0.07142857142857142,0.047619047619047616,0.0,0.09523809523809523,0.09523809523809523],[0.0,0.0,0.0,0.0,0.023809523809523808,0.0,0.028571428571428574,0.0,0.0,0.08333333333333333,0.08333333333333333,0.041666666666666664,0.027777777777777776,0.11666666666666665,0.03333333333333333,0.0,0.5666666666666667,0.42410714285714285,0.4043956043956044,0.47179487179487184,0.14285714285714285,0.3308133246809431,0.3303657945736434,0.06888496677740864,0.11664244186046513,0.07765780730897011,0.2551841085271318,0.18851744186046512,0.003125,0.003125,0.03080357142857143,0.07314680232558139,0.0,0.0,0.021179401993355478,0.08571428571428572],[0.0,0.03571428571428571,0.03571428571428571,0.05714285714285715,0.023809523809523808,0.041666666666666664,0.08571428571428573,0.07142857142857142,0.0,0.08333333333333333,0.08333333333333333,0.06547619047619048,0.027777777777777776,0.15833333333333333,0.0,0.5666666666666667,0.0,0.48125,0.46153846153846156,0.4134615384615385,0.2714285714285714,0.3391466580142764,0.31369912790697674,0.10459925249169436,0.19997577519379847,0.1252768549280177,0.1551841085271318,0.28018410852713177,0.002232142857142857,0.002232142857142857,0.04985119047619047,0.005554401993355482,0.0,0.0,0.0687984496124031,0.028571428571428574],[0.006211180124223602,0.038056206088992975,0.09575569358178053,0.028571428571428574,0.0749128919860627,0.0642857142857143,0.08896103896103898,0.08121330724070451,0.0,0.0,0.0,0.07397959183673468,0.023809523809523808,0.028571428571428574,0.028571428571428574,0.42410714285714285,0.48125,0.0,0.6196803196803197,0.47582417582417585,0.4195767195767196,0.1764114211550941,0.3307897286821705,0.10714119453541575,0.17140780730897012,0.2104185065253655,0.24730066445182725,0.23301495016611296,0.0066142638036809824,0.011814024390243903,0.15520833333333334,0.06548019049057255,0.010582010582010581,0.005494505494505495,0.07054060989114874,0.10625],[0.0024975024975024975,0.09035909445745512,0.08483183483183483,0.03206793206793207,0.12154512154512154,0.0642857142857143,0.13633033633033634,0.07242757242757243,0.047619047619047616,0.0,0.0,0.07397959183673468,0.023809523809523808,0.028571428571428574,0.0642857142857143,0.4043956043956044,0.46153846153846156,0.6196803196803197,0.0,0.5789377289377289,0.27342657342657345,0.1764114211550941,0.330343300110742,0.14885811862556048,0.17078967544083823,0.1773914070425698,0.2670220145303202,0.26804242269358547,0.008191808191808193,0.006193806193806194,0.08588078588078586,0.06715842297237647,0.048618048618048616,0.05261405261405261,0.0717954526094061,0.075],[0.0,0.08333333333333333,0.07142857142857142,0.028571428571428574,0.16666666666666666,0.10833333333333334,0.18095238095238095,0.047619047619047616,0.05555555555555555,0.0,0.0,0.0625,0.027777777777777776,0.03333333333333333,0.075,0.47179487179487184,0.4134615384615385,0.47582417582417585,0.5789377289377289,0.0,0.17142857142857143,0.16414665801427644,0.3715116279069767,0.13986710963455148,0.11592128801431127,0.11337209302325582,0.368668540761564,0.31866854076156403,0.002197802197802198,0.002197802197802198,0.03076923076923077,0.06266291847687197,0.09523809523809523,0.047619047619047616,0.021179401993355478,0.08571428571428572],[0.004140786749482402,0.035519125683060114,0.036853002070393374,0.06373626373626375,0.027293844367015097,0.028571428571428574,0.030194805194805194,0.1487279843444227,0.017857142857142856,0.07142857142857142,0.028571428571428574,0.07653061224489796,0.0642857142857143,0.06547619047619048,0.06547619047619048,0.14285714285714285,0.2714285714285714,0.4195767195767196,0.27342657342657345,0.17142857142857143,0.0,0.09378881987577639,0.09700996677740863,0.06894692661472435,0.1669435215946844,0.25517531809112615,0.059800664451827246,0.11694352159468438,0.0017528483786152498,0.0017421602787456446,0.14047619047619048,0.005177546705785909,0.030864197530864196,0.009615384615384614,0.20624724270498518,0.025],[0.03283582089552239,0.07142857142857142,0.0042643923240938165,0.03283582089552239,0.0021321961620469083,0.004975124378109453,0.0021321961620469083,0.0021321961620469083,0.0024875621890547263,0.08830845771144279,0.08830845771144279,0.04415422885572139,0.0024875621890547263,0.08582089552238807,0.0024875621890547263,0.3308133246809431,0.3391466580142764,0.1764114211550941,0.1764114211550941,0.16414665801427644,0.09378881987577639,0.0,0.2749963948374072,0.22380643367015854,0.20078953060783042,0.055900621118012424,0.14581440622972097,0.15414773956305428,0.0021321961620469083,0.0021321961620469083,0.0042643923240938165,0.03380921479558728,0.0,0.0,0.020962732919254656,0.028571428571428574],[0.002976190476190476,0.03571428571428571,0.08630952380952381,0.10297619047619047,0.0744047619047619,0.07847222222222222,0.06011904761904762,0.002976190476190476,0.003472222222222222,0.003472222222222222,0.003472222222222222,0.06597222222222222,0.03125,0.03680555555555556,0.03680555555555556,0.3303657945736434,0.31369912790697674,0.3307897286821705,0.330343300110742,0.3715116279069767,0.09700996677740863,0.2749963948374072,0.0,0.3511904761904762,0.0880952380952381,0.11037414965986393,0.28154761904761905,0.24107142857142858,0.0744047619047619,0.002976190476190476,0.10297619047619047,0.06011904761904762,0.0,0.002976190476190476,0.017857142857142856,0.08571428571428572],[0.10551813251991189,0.08079625292740046,0.005009744111167599,0.03307278427385189,0.03085282155566853,0.031547619047619054,0.008060074563633283,0.007551686154889002,0.0744047619047619,0.002976190476190476,0.002976190476190476,0.0744047619047619,0.002976190476190476,0.0744047619047619,0.038690476190476185,0.06888496677740864,0.10459925249169436,0.10714119453541575,0.14885811862556048,0.13986710963455148,0.06894692661472435,0.22380643367015854,0.3511904761904762,0.0,0.1826530612244898,0.1352004502868763,0.19030612244897957,0.2209183673469388,0.00653490933740044,0.07898025758346043,0.012127181833587528,0.08050542280969328,0.0010167768174885613,0.007551686154889002,0.07397051347229285,0.0],[0.07908163265306123,0.0,0.02806122448979592,0.007653061224489796,0.022959183673469385,0.008928571428571428,0.03112244897959184,0.0739795918367347,0.002976190476190476,0.03273809523809524,0.008928571428571428,0.026785714285714284,0.026785714285714284,0.002976190476190476,0.002976190476190476,0.11664244186046513,0.19997577519379847,0.17140780730897012,0.17078967544083823,0.11592128801431127,0.1669435215946844,0.20078953060783042,0.0880952380952381,0.1826530612244898,0.0,0.20833333333333331,0.31845238095238093,0.3422619047619048,0.002551020408163265,0.0739795918367347,0.05017006802721088,0.002551020408163265,0.0,0.0,0.06547619047619048,0.0],[0.007233273056057866,0.002185792349726776,0.05485232067510548,0.0162748643761302,0.027293844367015097,0.09999999999999999,0.058766233766233765,0.06208559373116335,0.07142857142857142,0.0,0.0642857142857143,0.1096938775510204,0.028571428571428574,0.11904761904761904,0.047619047619047616,0.07765780730897011,0.1252768549280177,0.2104185065253655,0.1773914070425698,0.11337209302325582,0.25517531809112615,0.055900621118012424,0.11037414965986393,0.1352004502868763,0.20833333333333331,0.0,0.3321428571428572,0.30357142857142855,0.0043821209465381246,0.004355400696864111,0.09970238095238095,0.07328385899814471,0.016877637130801686,0.005494505494505495,0.2981029810298103,0.125],[0.002551020408163265,0.0,0.03112244897959184,0.002551020408163265,0.047619047619047616,0.1529761904761905,0.05714285714285715,0.0,0.08333333333333333,0.002976190476190476,0.002976190476190476,0.125,0.027777777777777776,0.11666666666666665,0.05714285714285714,0.2551841085271318,0.1551841085271318,0.24730066445182725,0.2670220145303202,0.368668540761564,0.059800664451827246,0.14581440622972097,0.28154761904761905,0.19030612244897957,0.31845238095238093,0.3321428571428572,0.0,0.6142857142857142,0.002551020408163265,0.002551020408163265,0.05969387755102041,0.15714285714285717,0.0,0.0,0.08928571428571429,0.05714285714285715],[0.022959183673469385,0.03571428571428571,0.03826530612244898,0.03112244897959184,0.023809523809523808,0.15178571428571427,0.02040816326530612,0.0,0.08333333333333333,0.002976190476190476,0.002976190476190476,0.10416666666666667,0.0,0.11666666666666665,0.041666666666666664,0.18851744186046512,0.28018410852713177,0.23301495016611296,0.26804242269358547,0.31866854076156403,0.11694352159468438,0.15414773956305428,0.24107142857142858,0.2209183673469388,0.3422619047619048,0.30357142857142855,0.6142857142857142,0.0,0.002551020408163265,0.002551020408163265,0.002551020408163265,0.07142857142857142,0.0,0.0,0.07142857142857142,0.017857142857142856],[0.06036090698667385,0.052302888368462135,0.06123733117598148,0.2040944740331243,0.10869907188925595,0.05860805860805861,0.10957549607856357,0.1034405267534102,0.10256410256410256,0.05860805860805861,0.05860805860805861,0.10256410256410256,0.10256410256410256,0.10256410256410256,0.10256410256410256,0.003125,0.002232142857142857,0.0066142638036809824,0.008191808191808193,0.002197802197802198,0.0017528483786152498,0.0021321961620469083,0.0744047619047619,0.00653490933740044,0.002551020408163265,0.0043821209465381246,0.002551020408163265,0.002551020408163265,0.0,0.5452626641651033,0.14981984613886454,0.014314928425357873,0.25766871165644173,0.02035158093440302,0.0043821209465381246,0.004807692307692308],[0.20233628160457426,0.053239656518345044,0.062092379165549896,0.06296345930492273,0.10953274367908514,0.05860805860805861,0.1121459840972036,0.10866166353971231,0.10256410256410256,0.05860805860805861,0.05860805860805861,0.10256410256410256,0.10256410256410256,0.10256410256410256,0.10256410256410256,0.003125,0.002232142857142857,0.011814024390243903,0.006193806193806194,0.002197802197802198,0.0017421602787456446,0.0021321961620469083,0.002976190476190476,0.07898025758346043,0.0739795918367347,0.004355400696864111,0.002551020408163265,0.002551020408163265,0.5452626641651033,0.0,0.0660407794554136,0.009146341463414634,0.2576219512195122,0.01876172607879925,0.003484320557491289,0.004807692307692308],[0.036177248677248676,0.02896174863387978,0.03796296296296296,0.10849867724867725,0.06183862433862434,0.03439153439153439,0.06927910052910054,0.11332671957671957,0.06481481481481481,0.03439153439153439,0.0701058201058201,0.06736583522297808,0.24814814814814815,0.14814814814814814,0.18386243386243387,0.03080357142857143,0.04985119047619047,0.15520833333333334,0.08588078588078586,0.03076923076923077,0.14047619047619048,0.0042643923240938165,0.10297619047619047,0.012127181833587528,0.05017006802721088,0.09970238095238095,0.05969387755102041,0.002551020408163265,0.14981984613886454,0.0660407794554136,0.0,0.2656746031746032,0.0062499999999999995,0.021296296296296296,0.10327380952380952,0.19212962962962962],[0.004638218923933209,0.003278688524590164,0.075139146567718,0.0055658627087198514,0.03494124922696351,0.0,0.0074211502782931356,0.03942486085343228,0.07142857142857142,0.0,0.0,0.17857142857142858,0.2380952380952381,0.10714285714285714,0.07142857142857142,0.07314680232558139,0.005554401993355482,0.06548019049057255,0.06715842297237647,0.06266291847687197,0.005177546705785909,0.03380921479558728,0.06011904761904762,0.08050542280969328,0.002551020408163265,0.07328385899814471,0.15714285714285717,0.07142857142857142,0.014314928425357873,0.009146341463414634,0.2656746031746032,0.0,0.0032467532467532465,0.020394420394420396,0.3063543599257885,0.09375],[0.049689440993788817,0.13943533697632057,0.051759834368530024,0.05201465201465201,0.1957026713124274,0.047619047619047616,0.19534632034632035,0.1268754076973255,0.11904761904761904,0.047619047619047616,0.047619047619047616,0.047619047619047616,0.047619047619047616,0.047619047619047616,0.047619047619047616,0.0,0.0,0.010582010582010581,0.048618048618048616,0.09523809523809523,0.030864197530864196,0.0,0.0,0.0010167768174885613,0.0,0.016877637130801686,0.0,0.0,0.25766871165644173,0.2576219512195122,0.0062499999999999995,0.0032467532467532465,0.0,0.13701923076923078,0.02032520325203252,0.0],[0.0027472527472527475,0.07377049180327869,0.0013736263736263737,0.006868131868131869,0.08104395604395605,0.0,0.08104395604395605,0.0,0.07142857142857142,0.0,0.0,0.0,0.0,0.0,0.0,0.0,0.0,0.005494505494505495,0.05261405261405261,0.047619047619047616,0.009615384615384614,0.0,0.002976190476190476,0.007551686154889002,0.0,0.005494505494505495,0.0,0.0,0.02035158093440302,0.01876172607879925,0.021296296296296296,0.020394420394420396,0.13701923076923078,0.0,0.008241758241758242,0.005681818181818182],[0.005226480836236933,0.00273224043715847,0.07491289198606273,0.03205574912891986,0.008710801393728223,0.0,0.05616883116883117,0.10394889663182345,0.07142857142857142,0.047619047619047616,0.0642857142857143,0.23724489795918366,0.18214285714285713,0.1845238095238095,0.09523809523809523,0.021179401993355478,0.0687984496124031,0.07054060989114874,0.0717954526094061,0.021179401993355478,0.20624724270498518,0.020962732919254656,0.017857142857142856,0.07397051347229285,0.06547619047619048,0.2981029810298103,0.08928571428571429,0.07142857142857142,0.0043821209465381246,0.003484320557491289,0.10327380952380952,0.3063543599257885,0.02032520325203252,0.008241758241758242,0.0,0.078125],[0.03645833333333333,0.020833333333333332,0.020833333333333332,0.020833333333333332,0.041666666666666664,0.023809523809523808,0.05208333333333333,0.05208333333333333,0.023809523809523808,0.023809523809523808,0.05238095238095238,0.13095238095238096,0.06547619047619047,0.05952380952380952,0.09523809523809523,0.08571428571428572,0.028571428571428574,0.10625,0.075,0.08571428571428572,0.025,0.028571428571428574,0.08571428571428572,0.0,0.0,0.125,0.05714285714285715,0.017857142857142856,0.004807692307692308,0.004807692307692308,0.19212962962962962,0.09375,0.0,0.005681818181818182,0.078125,0.0]],"text":[[0.0,0.21475409836065573,0.46633540372670806,0.47130434782608693,0.3294916465648173,0.38,0.3801198801198801,0.4245069998494656,0.456959706959707,0.4228571428571429,0.38,0.24862637362637363,0.23076923076923078,0.2783882783882784,0.23076923076923078,0.0,0.0,0.006211180124223602,0.0024975024975024975,0.0,0.004140786749482402,0.03283582089552239,0.002976190476190476,0.10551813251991189,0.07908163265306123,0.007233273056057866,0.002551020408163265,0.022959183673469385,0.06036090698667385,0.20233628160457426,0.036177248677248676,0.004638218923933209,0.049689440993788817,0.0027472527472527475,0.005226480836236933,0.03645833333333333],[0.21475409836065573,0.0,0.25140515222482435,0.2299765807962529,0.3095238095238095,0.2857142857142857,0.2861826697892272,0.2875878220140515,0.3333333333333333,0.21428571428571427,0.17142857142857143,0.17857142857142858,0.14285714285714285,0.17857142857142858,0.17857142857142858,0.0,0.03571428571428571,0.038056206088992975,0.09035909445745512,0.08333333333333333,0.035519125683060114,0.07142857142857142,0.03571428571428571,0.08079625292740046,0.0,0.002185792349726776,0.0,0.03571428571428571,0.052302888368462135,0.053239656518345044,0.02896174863387978,0.003278688524590164,0.13943533697632057,0.07377049180327869,0.00273224043715847,0.020833333333333332],[0.46633540372670806,0.25140515222482435,0.0,0.46685300207039343,0.42995622263914945,0.41571428571428576,0.33401598401598404,0.3491645340960409,0.38553113553113555,0.3871428571428571,0.37285714285714283,0.36126373626373626,0.30769230769230765,0.2664835164835165,0.23076923076923078,0.0,0.03571428571428571,0.09575569358178053,0.08483183483183483,0.07142857142857142,0.036853002070393374,0.0042643923240938165,0.08630952380952381,0.005009744111167599,0.02806122448979592,0.05485232067510548,0.03112244897959184,0.03826530612244898,0.06123733117598148,0.062092379165549896,0.03796296296296296,0.075139146567718,0.051759834368530024,0.0013736263736263737,0.07491289198606273,0.020833333333333332],[0.47130434782608693,0.2299765807962529,0.46685300207039343,0.0,0.358527651210578,0.3657142857142857,0.29440559440559444,0.324311305133223,0.3641025641025641,0.3657142857142857,0.3657142857142857,0.32515698587127156,0.25934065934065936,0.2879120879120879,0.25934065934065936,0.0,0.05714285714285715,0.028571428571428574,0.03206793206793207,0.028571428571428574,0.06373626373626375,0.03283582089552239,0.10297619047619047,0.03307278427385189,0.007653061224489796,0.0162748643761302,0.002551020408163265,0.03112244897959184,0.2040944740331243,0.06296345930492273,0.10849867724867725,0.0055658627087198514,0.05201465201465201,0.006868131868131869,0.03205574912891986,0.020833333333333332],[0.3294916465648173,0.3095238095238095,0.42995622263914945,0.358527651210578,0.0,0.34981684981684985,0.5968614718614719,0.40100955954614487,0.4468864468864469,0.3021978021978022,0.2783882783882784,0.3104395604395605,0.29853479853479853,0.32234432234432236,0.29853479853479853,0.023809523809523808,0.023809523809523808,0.0749128919860627,0.12154512154512154,0.16666666666666666,0.027293844367015097,0.0021321961620469083,0.0744047619047619,0.03085282155566853,0.022959183673469385,0.027293844367015097,0.047619047619047616,0.023809523809523808,0.10869907188925595,0.10953274367908514,0.06183862433862434,0.03494124922696351,0.1957026713124274,0.08104395604395605,0.008710801393728223,0.041666666666666664],[0.38,0.2857142857142857,0.41571428571428576,0.3657142857142857,0.34981684981684985,0.0,0.35934065934065934,0.3021978021978022,0.3525641025641026,0.41,0.4266666666666667,0.3108974358974359,0.2692307692307692,0.3108974358974359,0.2692307692307692,0.0,0.041666666666666664,0.0642857142857143,0.0642857142857143,0.10833333333333334,0.028571428571428574,0.004975124378109453,0.07847222222222222,0.031547619047619054,0.008928571428571428,0.09999999999999999,0.1529761904761905,0.15178571428571427,0.05860805860805861,0.05860805860805861,0.03439153439153439,0.0,0.047619047619047616,0.0,0.0,0.023809523809523808],[0.3801198801198801,0.2861826697892272,0.33401598401598404,0.29440559440559444,0.5968614718614719,0.35934065934065934,0.0,0.5247002997002997,0.4945054945054945,0.37362637362637363,0.25934065934065936,0.33084772370486654,0.29853479853479853,0.35805860805860806,0.27472527472527475,0.028571428571428574,0.08571428571428573,0.08896103896103898,0.13633033633033634,0.18095238095238095,0.030194805194805194,0.0021321961620469083,0.06011904761904762,0.008060074563633283,0.03112244897959184,0.058766233766233765,0.05714285714285715,0.02040816326530612,0.10957549607856357,0.1121459840972036,0.06927910052910054,0.0074211502782931356,0.19534632034632035,0.08104395604395605,0.05616883116883117,0.05208333333333333],[0.4245069998494656,0.2875878220140515,0.3491645340960409,0.324311305133223,0.40100955954614487,0.3021978021978022,0.5247002997002997,0.0,0.4175824175824176,0.4450549450549451,0.25934065934065936,0.3512558869701727,0.3032967032967033,0.36996336996337,0.39377289377289376,0.0,0.07142857142857142,0.08121330724070451,0.07242757242757243,0.047619047619047616,0.1487279843444227,0.0021321961620469083,0.002976190476190476,0.007551686154889002,0.0739795918367347,0.06208559373116335,0.0,0.0,0.1034405267534102,0.10866166353971231,0.11332671957671957,0.03942486085343228,0.1268754076973255,0.0,0.10394889663182345,0.05208333333333333],[0.456959706959707,0.3333333333333333,0.38553113553113555,0.3641025641025641,0.4468864468864469,0.3525641025641026,0.4945054945054945,0.4175824175824176,0.0,0.4358974358974359,0.38589743589743586,0.4310897435897436,0.34829059829059833,0.5074786324786325,0.3621794871794872,0.0,0.0,0.0,0.047619047619047616,0.05555555555555555,0.017857142857142856,0.0024875621890547263,0.003472222222222222,0.0744047619047619,0.002976190476190476,0.07142857142857142,0.08333333333333333,0.08333333333333333,0.10256410256410256,0.10256410256410256,0.06481481481481481,0.07142857142857142,0.11904761904761904,0.07142857142857142,0.07142857142857142,0.023809523809523808],[0.4228571428571429,0.21428571428571427,0.3871428571428571,0.3657142857142857,0.3021978021978022,0.41,0.37362637362637363,0.4450549450549451,0.4358974358974359,0.0,0.5333333333333333,0.31387362637362637,0.30256410256410254,0.47008547008547,0.3247863247863248,0.08333333333333333,0.08333333333333333,0.0,0.0,0.0,0.07142857142857142,0.08830845771144279,0.003472222222222222,0.002976190476190476,0.03273809523809524,0.0,0.002976190476190476,0.002976190476190476,0.05860805860805861,0.05860805860805861,0.03439153439153439,0.0,0.047619047619047616,0.0,0.047619047619047616,0.023809523809523808],[0.38,0.17142857142857143,0.37285714285714283,0.3657142857142857,0.2783882783882784,0.4266666666666667,0.25934065934065936,0.25934065934065936,0.38589743589743586,0.5333333333333333,0.0,0.3317307692307692,0.30256410256410254,0.433974358974359,0.3108974358974359,0.08333333333333333,0.08333333333333333,0.0,0.0,0.0,0.028571428571428574,0.08830845771144279,0.003472222222222222,0.002976190476190476,0.008928571428571428,0.0642857142857143,0.002976190476190476,0.002976190476190476,0.05860805860805861,0.05860805860805861,0.0701058201058201,0.0,0.047619047619047616,0.0,0.0642857142857143,0.05238095238095238],[0.24862637362637363,0.17857142857142858,0.36126373626373626,0.32515698587127156,0.3104395604395605,0.3108974358974359,0.33084772370486