# Vertical Computational Grids

**Stage 2b.** Vertical grids are registered separately from horizontal grids because they vary independently of the horizontal layout. Each record captures coordinate type, level count, and vertical extent, and receives a `v###` ID used in Stage 3.

---

<link href="https://fonts.googleapis.com/css2?family=Source+Code+Pro:wght@400;600;700&display=swap" rel="stylesheet">

<style>
.emd-viz { font-family: 'Source Code Pro', monospace; width: 100%; }
.emd-section { margin-bottom: 2.5rem; }
.emd-section-label {
  font-size: 11px; font-weight: 700; color: #0d1035;
  text-transform: uppercase; letter-spacing: 0.09em;
  margin-bottom: 12px; display: block;
}
.emd-selector-row { display: flex; gap: 10px; align-items: center; flex-wrap: wrap; }
#emd-entry-select {
  flex: 1; min-width: 240px; padding: 8px 12px;
  border: 1.5px solid #ccc; border-radius: 6px;
  font-family: 'Source Code Pro', monospace; font-size: 12px;
  color: #0d1035; background: #fff; cursor: pointer;
}
#emd-entry-select:focus { outline: none; border-color: #0d1035; }
#emd-go-btn {
  padding: 8px 18px; border: 1.5px solid #0d1035; border-radius: 6px;
  background: #0d1035; color: #fff;
  font-family: 'Source Code Pro', monospace; font-size: 12px;
  font-weight: 600; cursor: pointer; transition: background .15s;
}
#emd-go-btn:hover { background: #1a2080; }
.emd-stats {
  margin-top: 10px; font-size: 11px; color: #888;
  display: flex; gap: 20px; flex-wrap: wrap;
}
.emd-stats b { color: #0d1035; }
.emd-filter-bar { display: flex; flex-wrap: wrap; gap: 6px; margin-bottom: 10px; }
.emd-fbtn {
  padding: 4px 11px; border-radius: 20px; border: 1.5px solid #ccc;
  background: #fff; cursor: pointer; font-family: 'Source Code Pro', monospace;
  font-size: 11px; color: #555; transition: all .15s;
}
.emd-fbtn:hover  { border-color: #0d1035; color: #0d1035; }
.emd-fbtn.active { background: #0d1035; border-color: #0d1035; color: #fff; font-weight: 600; }
.emd-tip {
  position: fixed; background: #0d1035; color: #fff;
  padding: 10px 14px; border-radius: 8px; font-size: 12px;
  font-family: 'Source Code Pro', monospace; pointer-events: none;
  opacity: 0; transition: opacity .12s; line-height: 1.9;
  box-shadow: 0 6px 24px rgba(0,0,0,.25); max-width: 280px; z-index: 999;
}
.emd-tip-link { color: #e8607e; font-weight: 600; }
.emd-tip-text { color: #f5c842; font-weight: 600; }
.emd-tip-head { font-weight: 700; font-size: 13px;
  border-bottom: 1px solid rgba(255,255,255,.2); padding-bottom: 5px; margin-bottom: 5px; }
/* ── accessible font toggle ── */
.emd-font-btn {
  padding: 5px 12px; border-radius: 20px; border: 1.5px solid #ccc;
  background: #fff; font-size: 11px; cursor: pointer;
  font-family: 'Source Code Pro', monospace; color: #888;
  transition: all .2s; white-space: nowrap;
}
.emd-font-btn:hover { border-color: #2065a0; color: #1a4a80; }
.emd-font-btn.active { background: #e8f0ff; border-color: #2065a0;
  color: #1a4a80; font-family: inherit; font-weight: 600; }
/* Accessible mode: also switch the UI controls (the SVGs are already on the
   accessible/sans-serif font by default via the JS `FONT` constant). */
.emd-viz.accessible { font-family: inherit; }
.emd-viz.accessible #emd-entry-select,
.emd-viz.accessible .emd-stats,
.emd-viz.accessible .emd-stats-grid,
.emd-viz.accessible .emd-stat-label,
.emd-viz.accessible .emd-stat-value,
.emd-viz.accessible .emd-section-label,
.emd-viz.accessible .emd-fbtn,
.emd-viz.accessible #emd-go-btn { font-family: inherit !important; }
/* ── stats grid ── */
.emd-stats-grid {
  display: grid;
  grid-template-columns: repeat(auto-fit, minmax(150px, 1fr));
  gap: 12px;
  margin: 10px 0 18px;
  padding: 14px 16px;
  background: #f7f8fa;
  border-left: 3px solid #0d1035;
  border-radius: 4px;
}
.emd-stat-item { display: flex; flex-direction: column; gap: 3px; }
.emd-stat-label {
  font-family: 'Source Code Pro', monospace;
  color: #888; font-size: 10px;
  text-transform: uppercase; letter-spacing: 0.06em;
}
.emd-stat-value {
  font-family: 'Source Code Pro', monospace;
  color: #0d1035; font-weight: 600; font-size: 13px;
}
</style>

<div class="emd-viz">

<!-- Status / stats box pinned to the top of the page -->
<div class="emd-stats-grid">
  <div class="emd-stat-item">
    <span class="emd-stat-label">Total Records</span>
    <span class="emd-stat-value">46</span>
  </div>
  <div class="emd-stat-item">
    <span class="emd-stat-label">Endpoint</span>
    <span class="emd-stat-value">vertical_computational_grid</span>
  </div>
  <div class="emd-stat-item">
    <span class="emd-stat-label">Raw Data</span>
    <span class="emd-stat-value">22.4 KB</span>
  </div>
  <div class="emd-stat-item">
    <span class="emd-stat-label">Processed Data</span>
    <span class="emd-stat-value">111.1 KB</span>
  </div>
  <div class="emd-stat-item">
    <span class="emd-stat-label">Last Updated</span>
    <span class="emd-stat-value">2026-06-29 15:24 UTC</span>
  </div>
</div>

<div class="emd-section">
<span class="emd-section-label">View a specific Vertical Grid</span>
<div class="emd-selector-row">
  <select id="emd-entry-select">
    <option value="">Select an entry…</option>
    <option value="../view_vertical_computational_grids/?id=v111">v111</option>
    <option value="../view_vertical_computational_grids/?id=v114">v114</option>
    <option value="../view_vertical_computational_grids/?id=v132">v132</option>
    <option value="../view_vertical_computational_grids/?id=v110">v110</option>
    <option value="../view_vertical_computational_grids/?id=v140">v140</option>
    <option value="../view_vertical_computational_grids/?id=v113">v113</option>
    <option value="../view_vertical_computational_grids/?id=v129">v129</option>
    <option value="../view_vertical_computational_grids/?id=v128">v128</option>
    <option value="../view_vertical_computational_grids/?id=v141">v141</option>
    <option value="../view_vertical_computational_grids/?id=v104">v104</option>
    <option value="../view_vertical_computational_grids/?id=v138">v138</option>
    <option value="../view_vertical_computational_grids/?id=v126">v126</option>
    <option value="../view_vertical_computational_grids/?id=v130">v130</option>
    <option value="../view_vertical_computational_grids/?id=v120">v120</option>
    <option value="../view_vertical_computational_grids/?id=v102">v102</option>
    <option value="../view_vertical_computational_grids/?id=v135">v135</option>
    <option value="../view_vertical_computational_grids/?id=v109">v109</option>
    <option value="../view_vertical_computational_grids/?id=v143">v143</option>
    <option value="../view_vertical_computational_grids/?id=v103">v103</option>
    <option value="../view_vertical_computational_grids/?id=v134">v134</option>
    <option value="../view_vertical_computational_grids/?id=v124">v124</option>
    <option value="../view_vertical_computational_grids/?id=v101">v101</option>
    <option value="../view_vertical_computational_grids/?id=v121">v121</option>
    <option value="../view_vertical_computational_grids/?id=v107">v107</option>
    <option value="../view_vertical_computational_grids/?id=v136">v136</option>
    <option value="../view_vertical_computational_grids/?id=v125">v125</option>
    <option value="../view_vertical_computational_grids/?id=v139">v139</option>
    <option value="../view_vertical_computational_grids/?id=v142">v142</option>
    <option value="../view_vertical_computational_grids/?id=v133">v133</option>
    <option value="../view_vertical_computational_grids/?id=v127">v127</option>
    <option value="../view_vertical_computational_grids/?id=v131">v131</option>
    <option value="../view_vertical_computational_grids/?id=v116">v116</option>
    <option value="../view_vertical_computational_grids/?id=v123">v123</option>
    <option value="../view_vertical_computational_grids/?id=v122">v122</option>
    <option value="../view_vertical_computational_grids/?id=v105">v105</option>
    <option value="../view_vertical_computational_grids/?id=v137">v137</option>
    <option value="../view_vertical_computational_grids/?id=v108">v108</option>
    <option value="../view_vertical_computational_grids/?id=v119">v119</option>
    <option value="../view_vertical_computational_grids/?id=v117">v117</option>
    <option value="../view_vertical_computational_grids/?id=v112">v112</option>
    <option value="../view_vertical_computational_grids/?id=v106">v106</option>
    <option value="../view_vertical_computational_grids/?id=v100">v100</option>
    <option value="../view_vertical_computational_grids/?id=v115">v115</option>
    <option value="../view_vertical_computational_grids/?id=v118">v118</option>
    <option value="../view_vertical_computational_grids/?id=v144">v144</option>
    <option value="../view_vertical_computational_grids/?id=no-vertical">no-vertical</option>
  </select>
  <button id="emd-go-btn" onclick="emdGotoEntry()">Open →</button>
  <button class="emd-font-btn" id="emd-font-toggle" onclick="emdToggleFont()" title="Switch to the page's default font for improved readability">Accessible font</button>
</div>
</div>

<div class="emd-section">
<span class="emd-section-label">Similarity &amp; Hierarchical Clustering</span>
<div class="emd-filter-bar" id="emd-filter-bar"></div>
<div id="emd-combined-chart" style="overflow-x:auto; display:flex; justify-content:center;"></div>
<div class="emd-tip" id="emd-tip"></div>
</div>

<div class="emd-section">
<span class="emd-section-label">Record Key Schema</span>
<div id="emd-key-graph"></div>
</div>

</div>

<script src="https://d3js.org/d3.v7.min.js"></script>
<script>
(function () {
'use strict';

/* ── injected data ─────────────────────────────────────────────────────── */
var EMD_DATA    = {"ids":["v111","v114","v132","v110","v140","v113","v129","v128","v141","v104","v138","v126","v130","v120","v102","v135","v109","v143","v103","v134","v124","v101","v121","v107","v136","v125","v139","v142","v133","v127","v131","v116","v123","v122","v105","v137","v108","v119","v117","v112","v106","v100","v115","v118","v144","no-vertical"],"link":[[0.0,0.5666666666666667,0.47179487179487184,0.42410714285714285,0.3614583333333334,0.4043956043956044,0.3303657945736434,0.3308133246809431,0.1803657945736434,0.14285714285714285,0.1803657945736434,0.06888496677740864,0.03080357142857143,0.07314680232558139,0.021179401993355478,0.08794642857142856,0.08571428571428572,0.06927083333333334,0.0,0.003125,0.003125,0.0,0.027777777777777776,0.041666666666666664,0.06666666666666667,0.028571428571428574,0.06666666666666667,0.06666666666666667,0.11666666666666665,0.023809523809523808,0.0,0.03333333333333333,0.0,0.0,0.0,0.0,0.08333333333333333,0.0,0.08333333333333333,0.0,0.11664244186046513,0.07765780730897011,0.18851744186046512,0.2551841085271318,0.1057516611295681,0.0],[0.5666666666666667,0.0,0.4134615384615385,0.48125,0.4920138888888889,0.46153846153846156,0.31369912790697674,0.3391466580142764,0.2525880167958656,0.2714285714285714,0.09745639534883721,0.10459925249169436,0.04985119047619047,0.005554401993355482,0.0687984496124031,0.06651785714285714,0.028571428571428574,0.035937500000000004,0.0,0.002232142857142857,0.002232142857142857,0.03571428571428571,0.027777777777777776,0.06547619047619048,0.08888888888888889,0.08571428571428573,0.03333333333333333,0.03333333333333333,0.15833333333333333,0.023809523809523808,0.03571428571428571,0.0,0.07142857142857142,0.041666666666666664,0.05714285714285715,0.027777777777777776,0.08333333333333333,0.0,0.08333333333333333,0.0,0.19997577519379847,0.1252768549280177,0.28018410852713177,0.1551841085271318,0.12003737541528238,0.0],[0.47179487179487184,0.4134615384615385,0.0,0.47582417582417585,0.3801282051282051,0.5789377289377289,0.3715116279069767,0.16414665801427644,0.26317829457364345,0.17142857142857143,0.2017718715393134,0.13986710963455148,0.03076923076923077,0.06266291847687197,0.021179401993355478,0.16444270015698587,0.08571428571428572,0.14561965811965813,0.09523809523809523,0.002197802197802198,0.002197802197802198,0.08333333333333333,0.027777777777777776,0.0625,0.12222222222222223,0.18095238095238095,0.10833333333333334,0.12222222222222223,0.03333333333333333,0.16666666666666666,0.07142857142857142,0.075,0.047619047619047616,0.10833333333333334,0.028571428571428574,0.17222222222222225,0.0,0.0,0.0,0.05555555555555555,0.11592128801431127,0.11337209302325582,0.31866854076156403,0.368668540761564,0.2007837124116194,0.047619047619047616],[0.42410714285714285,0.48125,0.47582417582417585,0.0,0.4407738095238095,0.6196803196803197,0.3307897286821705,0.1764114211550941,0.35698020487264676,0.4195767195767196,0.1572204844707245,0.10714119453541575,0.15520833333333334,0.06548019049057255,0.07054060989114874,0.19647356035437433,0.10625,0.09508928571428572,0.010582010582010581,0.0066142638036809824,0.011814024390243903,0.038056206088992975,0.023809523809523808,0.07397959183673468,0.09285714285714286,0.08896103896103898,0.05714285714285715,0.09285714285714286,0.028571428571428574,0.0749128919860627,0.09575569358178053,0.028571428571428574,0.08121330724070451,0.0642857142857143,0.028571428571428574,0.05238095238095238,0.0,0.006211180124223602,0.0,0.0,0.17140780730897012,0.2104185065253655,0.23301495016611296,0.24730066445182725,0.18247123784914482,0.005494505494505495],[0.3614583333333334,0.4920138888888889,0.3801282051282051,0.4407738095238095,0.0,0.42106227106227107,0.21092135012919896,0.1724799913476098,0.40536579457364347,0.25476190476190474,0.09745639534883721,0.10459925249169436,0.1617559523809524,0.11269725913621263,0.16998892580287928,0.03794642857142857,0.0,0.0026041666666666665,0.0,0.002232142857142857,0.002232142857142857,0.0,0.26944444444444443,0.10714285714285714,0.0,0.05714285714285715,0.0,0.0,0.12222222222222223,0.023809523809523808,0.11904761904761904,0.08888888888888889,0.047619047619047616,0.03333333333333333,0.0,0.03333333333333333,0.041666666666666664,0.0,0.0,0.03333333333333333,0.17219799741602068,0.22051495016611297,0.23018410852713178,0.21232696566998896,0.12479928017718715,0.0],[0.4043956043956044,0.46153846153846156,0.5789377289377289,0.6196803196803197,0.42106227106227107,0.0,0.330343300110742,0.1764114211550941,0.3684385382059801,0.27342657342657345,0.2057678755353174,0.14885811862556048,0.08588078588078586,0.06715842297237647,0.0717954526094061,0.13248573132294061,0.075,0.059340659340659345,0.048618048618048616,0.008191808191808193,0.006193806193806194,0.09035909445745512,0.023809523809523808,0.07397959183673468,0.05714285714285715,0.13633033633033634,0.09285714285714286,0.05714285714285715,0.028571428571428574,0.12154512154512154,0.08483183483183483,0.0642857142857143,0.07242757242757243,0.0642857142857143,0.03206793206793207,0.09999999999999999,0.0,0.0024975024975024975,0.0,0.047619047619047616,0.17078967544083823,0.1773914070425698,0.26804242269358547,0.2670220145303202,0.2727117843396914,0.05261405261405261],[0.3303657945736434,0.31369912790697674,0.3715116279069767,0.3307897286821705,0.21092135012919896,0.330343300110742,0.0,0.2749963948374072,0.5652777777777778,0.09700996677740863,0.3654761904761905,0.3511904761904762,0.10297619047619047,0.06011904761904762,0.017857142857142856,0.1244047619047619,0.08571428571428572,0.09097222222222223,0.0,0.0744047619047619,0.002976190476190476,0.03571428571428571,0.03125,0.06597222222222222,0.12569444444444447,0.06011904761904762,0.07013888888888889,0.07013888888888889,0.03680555555555556,0.0744047619047619,0.08630952380952381,0.03680555555555556,0.002976190476190476,0.07847222222222222,0.10297619047619047,0.06458333333333334,0.003472222222222222,0.002976190476190476,0.003472222222222222,0.003472222222222222,0.0880952380952381,0.11037414965986393,0.24107142857142858,0.28154761904761905,0.1134920634920635,0.002976190476190476],[0.3308133246809431,0.3391466580142764,0.16414665801427644,0.1764114211550941,0.1724799913476098,0.1764114211550941,0.2749963948374072,0.0,0.17777417261518494,0.09378881987577639,0.08094929081301568,0.22380643367015854,0.0042643923240938165,0.03380921479558728,0.020962732919254656,0.09712153518123667,0.028571428571428574,0.03830845771144279,0.0,0.0021321961620469083,0.0021321961620469083,0.07142857142857142,0.0024875621890547263,0.04415422885572139,0.03582089552238806,0.0021321961620469083,0.09137645107794362,0.03582089552238806,0.08582089552238807,0.0021321961620469083,0.0042643923240938165,0.0024875621890547263,0.0021321961620469083,0.004975124378109453,0.03283582089552239,0.0024875621890547263,0.08830845771144279,0.03283582089552239,0.08830845771144279,0.0024875621890547263,0.20078953060783042,0.055900621118012424,0.15414773956305428,0.14581440622972097,0.05184017799202745,0.0],[0.1803657945736434,0.2525880167958656,0.26317829457364345,0.35698020487264676,0.40536579457364347,0.3684385382059801,0.5652777777777778,0.17777417261518494,0.0,0.14462901439645628,0.3654761904761905,0.3154761904761905,0.1839285714285714,0.1886904761904762,0.1845238095238095,0.09583333333333334,0.12142857142857143,0.1451388888888889,0.0,0.002976190476190476,0.002976190476190476,0.03571428571428571,0.14791666666666667,0.17311507936507933,0.1451388888888889,0.06011904761904762,0.07013888888888889,0.11180555555555556,0.09236111111111112,0.0744047619047619,0.1577380952380952,0.12569444444444447,0.07916666666666668,0.07847222222222222,0.031547619047619054,0.06458333333333334,0.04513888888888889,0.002976190476190476,0.003472222222222222,0.003472222222222222,0.18531746031746033,0.22346938775510203,0.20773809523809525,0.25773809523809527,0.23730158730158732,0.002976190476190476],[0.14285714285714285,0.2714285714285714,0.17142857142857143,0.4195767195767196,0.25476190476190474,0.27342657342657345,0.09700996677740863,0.09378881987577639,0.14462901439645628,0.0,0.059034868481209424,0.06894692661472435,0.14047619047619048,0.005177546705785909,0.20624724270498518,0.10055370985603543,0.025,0.028571428571428574,0.030864197530864196,0.0017528483786152498,0.0017421602787456446,0.035519125683060114,0.0642857142857143,0.07653061224489796,0.028571428571428574,0.030194805194805194,0.0,0.028571428571428574,0.06547619047619048,0.027293844367015097,0.036853002070393374,0.06547619047619048,0.1487279843444227,0.028571428571428574,0.06373626373626375,0.041666666666666664,0.028571428571428574,0.004140786749482402,0.07142857142857142,0.017857142857142856,0.1669435215946844,0.25517531809112615,0.11694352159468438,0.059800664451827246,0.21082063316282587,0.009615384615384614],[0.1803657945736434,0.09745639534883721,0.2017718715393134,0.1572204844707245,0.09745639534883721,0.2057678755353174,0.3654761904761905,0.08094929081301568,0.3654761904761905,0.059034868481209424,0.0,0.35881630232164036,0.03679008300567933,0.06601681957186543,0.04030144167758847,0.06510243632336656,0.05,0.06011904761904762,0.08486238532110091,0.01417558613659531,0.013411060142711519,0.1494145199063232,0.05059523809523809,0.020833333333333336,0.06011904761904762,0.0816131498470948,0.06011904761904762,0.06011904761904762,0.031547619047619054,0.10542267365661862,0.006252730449978156,0.031547619047619054,0.0049421144604630835,0.031547619047619054,0.006252730449978156,0.0744047619047619,0.031547619047619054,0.007563346439493228,0.002976190476190476,0.0744047619047619,0.16734693877551018,0.049485115146976226,0.10663265306122449,0.16377551020408163,0.1630770350953837,0.09215723751274212],[0.06888496677740864,0.10459925249169436,0.13986710963455148,0.10714119453541575,0.10459925249169436,0.14885811862556048,0.3511904761904762,0.22380643367015854,0.3154761904761905,0.06894692661472435,0.35881630232164036,0.0,0.012127181833587528,0.08050542280969328,0.07397051347229285,0.10795957918050943,0.0,0.002976190476190476,0.0010167768174885613,0.00653490933740044,0.07898025758346043,0.08079625292740046,0.002976190476190476,0.0744047619047619,0.002976190476190476,0.008060074563633283,0.1577380952380952,0.0744047619047619,0.0744047619047619,0.03085282155566853,0.005009744111167599,0.038690476190476185,0.007551686154889002,0.031547619047619054,0.03307278427385189,0.002976190476190476,0.002976190476190476,0.10551813251991189,0.002976190476190476,0.0744047619047619,0.1826530612244898,0.1352004502868763,0.2209183673469388,0.19030612244897957,0.028286166186522056,0.007551686154889002],[0.03080357142857143,0.04985119047619047,0.03076923076923077,0.15520833333333334,0.1617559523809524,0.08588078588078586,0.10297619047619047,0.0042643923240938165,0.1839285714285714,0.14047619047619048,0.03679008300567933,0.012127181833587528,0.0,0.2656746031746032,0.10327380952380952,0.2652885443583118,0.19212962962962962,0.34656084656084657,0.0062499999999999995,0.14981984613886454,0.0660407794554136,0.02896174863387978,0.24814814814814815,0.06736583522297808,0.10052910052910051,0.06927910052910054,0.06481481481481481,0.11243386243386241,0.14814814814814814,0.06183862433862434,0.03796296296296296,0.18386243386243387,0.11332671957671957,0.03439153439153439,0.10849867724867725,0.0291005291005291,0.0701058201058201,0.036177248677248676,0.03439153439153439,0.06481481481481481,0.05017006802721088,0.09970238095238095,0.002551020408163265,0.05969387755102041,0.10833333333333332,0.021296296296296296],[0.07314680232558139,0.005554401993355482,0.06266291847687197,0.06548019049057255,0.11269725913621263,0.06715842297237647,0.06011904761904762,0.03380921479558728,0.1886904761904762,0.005177546705785909,0.06601681957186543,0.08050542280969328,0.2656746031746032,0.0,0.3063543599257885,0.12748246585455889,0.09375,0.11031746031746033,0.0032467532467532465,0.014314928425357873,0.009146341463414634,0.003278688524590164,0.2380952380952381,0.17857142857142858,0.10714285714285714,0.0074211502782931356,0.14285714285714285,0.07142857142857142,0.10714285714285714,0.03494124922696351,0.075139146567718,0.07142857142857142,0.03942486085343228,0.0,0.0055658627087198514,0.0,0.0,0.004638218923933209,0.0,0.07142857142857142,0.002551020408163265,0.07328385899814471,0.07142857142857142,0.15714285714285717,0.08981653267367552,0.020394420394420396],[0.021179401993355478,0.0687984496124031,0.021179401993355478,0.07054060989114874,0.16998892580287928,0.0717954526094061,0.017857142857142856,0.020962732919254656,0.1845238095238095,0.20624724270498518,0.04030144167758847,0.07397051347229285,0.10327380952380952,0.3063543599257885,0.0,0.01951827242524917,0.078125,0.10714285714285714,0.02032520325203252,0.0043821209465381246,0.003484320557491289,0.00273224043715847,0.18214285714285713,0.23724489795918366,0.10714285714285714,0.05616883116883117,0.10714285714285714,0.10714285714285714,0.1845238095238095,0.008710801393728223,0.07491289198606273,0.09523809523809523,0.10394889663182345,0.0,0.03205574912891986,0.0,0.0642857142857143,0.005226480836236933,0.047619047619047616,0.07142857142857142,0.06547619047619048,0.2981029810298103,0.07142857142857142,0.08928571428571429,0.13350340136054423,0.008241758241758242],[0.08794642857142856,0.06651785714285714,0.16444270015698587,0.19647356035437433,0.03794642857142857,0.13248573132294061,0.1244047619047619,0.09712153518123667,0.09583333333333334,0.10055370985603543,0.06510243632336656,0.10795957918050943,0.2652885443583118,0.12748246585455889,0.01951827242524917,0.0,0.11400462962962962,0.22552910052910052,0.1434108527131783,0.2366802017964809,0.31339977851605755,0.08831672203765227,0.12962962962962962,0.11177248677248677,0.12962962962962962,0.11903004095695126,0.12962962962962962,0.20105820105820102,0.09391534391534392,0.11024978466838932,0.10003691399040236,0.09391534391534392,0.05903162298511135,0.11961451247165532,0.1297157622739018,0.082010582010582,0.06349206349206349,0.1918736486842799,0.06349206349206349,0.0582010582010582,0.0739795918367347,0.0016611295681063123,0.18112244897959182,0.08010204081632655,0.057696566998892584,0.010274393995324229],[0.08571428571428572,0.028571428571428574,0.08571428571428572,0.10625,0.0,0.075,0.08571428571428572,0.028571428571428574,0.12142857142857143,0.025,0.05,0.0,0.19212962962962962,0.09375,0.078125,0.11400462962962962,0.0,0.3981481481481482,0.0,0.004807692307692308,0.004807692307692308,0.020833333333333332,0.06547619047619047,0.13095238095238096,0.2380952380952381,0.05208333333333333,0.09523809523809523,0.2380952380952381,0.05952380952380952,0.041666666666666664,0.020833333333333332,0.09523809523809523,0.05208333333333333,0.023809523809523808,0.020833333333333332,0.041666666666666664,0.05238095238095238,0.03645833333333333,0.023809523809523808,0.023809523809523808,0.0,0.125,0.017857142857142856,0.05714285714285715,0.06785714285714287,0.005681818181818182],[0.06927083333333334,0.035937500000000004,0.14561965811965813,0.09508928571428572,0.0026041666666666665,0.059340659340659345,0.09097222222222223,0.03830845771144279,0.1451388888888889,0.028571428571428574,0.06011904761904762,0.002976190476190476,0.34656084656084657,0.11031746031746033,0.10714285714285714,0.22552910052910052,0.3981481481481482,0.0,0.07142857142857142,0.0582010582010582,0.0582010582010582,0.023809523809523808,0.1103395061728395,0.10262345679012345,0.4714506172839506,0.13624338624338622,0.24845679012345678,0.4089506172839506,0.12345679012345678,0.12433862433862433,0.03439153439153439,0.1589506172839506,0.10052910052910051,0.06095679012345678,0.03439153439153439,0.11728395061728393,0.0734567901234568,0.052248677248677246,0.040123456790123455,0.040123456790123455,0.002976190476190476,0.14285714285714285,0.06547619047619048,0.10297619047619049,0.10612244897959185,0.010582010582010581],[0.0,0.0,0.09523809523809523,0.010582010582010581,0.0,0.048618048618048616,0.0,0.0,0.0,0.030864197530864196,0.08486238532110091,0.0010167768174885613,0.0062499999999999995,0.0032467532467532465,0.02032520325203252,0.1434108527131783,0.0,0.07142857142857142,0.0,0.25766871165644173,0.2576219512195122,0.13943533697632057,0.047619047619047616,0.047619047619047616,0.11904761904761904,0.19534632034632035,0.047619047619047616,0.11904761904761904,0.047619047619047616,0.1957026713124274,0.051759834368530024,0.047619047619047616,0.1268754076973255,0.047619047619047616,0.05201465201465201,0.19047619047619047,0.047619047619047616,0.049689440993788817,0.047619047619047616,0.11904761904761904,0.0,0.016877637130801686,0.0,0.0,0.05026455026455027,0.13701923076923078],[0.003125,0.002232142857142857,0.002197802197802198,0.0066142638036809824,0.002232142857142857,0.008191808191808193,0.0744047619047619,0.0021321961620469083,0.002976190476190476,0.0017528483786152498,0.01417558613659531,0.00653490933740044,0.14981984613886454,0.014314928425357873,0.0043821209465381246,0.2366802017964809,0.004807692307692308,0.0582010582010582,0.25766871165644173,0.0,0.5452626641651033,0.052302888368462135,0.10256410256410256,0.10256410256410256,0.10256410256410256,0.10957549607856357,0.10256410256410256,0.10256410256410256,0.10256410256410256,0.10869907188925595,0.06123733117598148,0.10256410256410256,0.1034405267534102,0.05860805860805861,0.2040944740331243,0.10256410256410256,0.05860805860805861,0.06036090698667385,0.05860805860805861,0.10256410256410256,0.002551020408163265,0.0043821209465381246,0.002551020408163265,0.002551020408163265,0.0008764241893076249,0.02035158093440302],[0.003125,0.002232142857142857,0.002197802197802198,0.011814024390243903,0.002232142857142857,0.006193806193806194,0.002976190476190476,0.0021321961620469083,0.002976190476190476,0.0017421602787456446,0.013411060142711519,0.07898025758346043,0.0660407794554136,0.009146341463414634,0.003484320557491289,0.31339977851605755,0.004807692307692308,0.0582010582010582,0.2576219512195122,0.5452626641651033,0.0,0.053239656518345044,0.10256410256410256,0.10256410256410256,0.10256410256410256,0.1121459840972036,0.10256410256410256,0.17399267399267399,0.10256410256410256,0.10953274367908514,0.062092379165549896,0.10256410256410256,0.10866166353971231,0.05860805860805861,0.06296345930492273,0.10256410256410256,0.05860805860805861,0.20233628160457426,0.05860805860805861,0.10256410256410256,0.0739795918367347,0.004355400696864111,0.002551020408163265,0.002551020408163265,0.0008710801393728223,0.01876172607879925],[0.0,0.03571428571428571,0.08333333333333333,0.038056206088992975,0.0,0.09035909445745512,0.03571428571428571,0.07142857142857142,0.03571428571428571,0.035519125683060114,0.1494145199063232,0.08079625292740046,0.02896174863387978,0.003278688524590164,0.00273224043715847,0.08831672203765227,0.020833333333333332,0.023809523809523808,0.13943533697632057,0.052302888368462135,0.053239656518345044,0.0,0.14285714285714285,0.17857142857142858,0.14285714285714285,0.2861826697892272,0.19047619047619047,0.14285714285714285,0.17857142857142858,0.3095238095238095,0.25140515222482435,0.17857142857142858,0.2875878220140515,0.2857142857142857,0.2299765807962529,0.3095238095238095,0.17142857142857143,0.21475409836065573,0.21428571428571427,0.3333333333333333,0.0,0.002185792349726776,0.03571428571428571,0.0,0.047619047619047616,0.07377049180327869],[0.027777777777777776,0.027777777777777776,0.027777777777777776,0.023809523809523808,0.26944444444444443,0.023809523809523808,0.03125,0.0024875621890547263,0.14791666666666667,0.0642857142857143,0.05059523809523809,0.002976190476190476,0.24814814814814815,0.2380952380952381,0.18214285714285713,0.12962962962962962,0.06547619047619047,0.1103395061728395,0.047619047619047616,0.10256410256410256,0.10256410256410256,0.14285714285714285,0.0,0.47870879120879123,0.37606837606837606,0.29853479853479853,0.37606837606837606,0.37606837606837606,0.47051282051282056,0.29853479853479853,0.30769230769230765,0.44273504273504277,0.3032967032967033,0.2692307692307692,0.25934065934065936,0.32051282051282054,0.30256410256410254,0.23076923076923078,0.30256410256410254,0.34829059829059833,0.026785714285714284,0.028571428571428574,0.0,0.027777777777777776,0.056582633053221296,0.0],[0.041666666666666664,0.06547619047619048,0.0625,0.07397959183673468,0.10714285714285714,0.07397959183673468,0.06597222222222222,0.04415422885572139,0.17311507936507933,0.07653061224489796,0.020833333333333336,0.0744047619047619,0.06736583522297808,0.17857142857142858,0.23724489795918366,0.11177248677248677,0.13095238095238096,0.10262345679012345,0.047619047619047616,0.10256410256410256,0.10256410256410256,0.17857142857142858,0.47870879120879123,0.0,0.3621794871794872,0.33084772370486654,0.4310897435897436,0.3621794871794872,0.4548992673992674,0.3104395604395605,0.36126373626373626,0.36515567765567764,0.3512558869701727,0.3108974358974359,0.32515698587127156,0.3621794871794872,0.3317307692307692,0.24862637362637363,0.31387362637362637,0.4310897435897436,0.026785714285714284,0.1096938775510204,0.10416666666666667,0.125,0.09858943577430972,0.0],[0.06666666666666667,0.08888888888888889,0.12222222222222223,0.09285714285714286,0.0,0.05714285714285715,0.12569444444444447,0.03582089552238806,0.1451388888888889,0.028571428571428574,0.06011904761904762,0.002976190476190476,0.10052910052910051,0.10714285714285714,0.10714285714285714,0.12962962962962962,0.2380952380952381,0.4714506172839506,0.11904761904761904,0.10256410256410256,0.10256410256410256,0.14285714285714285,0.37606837606837606,0.3621794871794872,0.0,0.3873626373626374,0.44551282051282054,0.7574786324786325,0.4038461538461539,0.37545787545787546,0.23076923076923078,0.3621794871794872,0.42857142857142855,0.2692307692307692,0.23076923076923078,0.4102564102564103,0.30256410256410254,0.23076923076923078,0.2692307692307692,0.32051282051282054,0.002976190476190476,0.14285714285714285,0.0,0.09999999999999999,0.11032412965186075,0.0],[0.028571428571428574,0.08571428571428573,0.18095238095238095,0.08896103896103898,0.05714285714285715,0.13633033633033634,0.06011904761904762,0.0021321961620469083,0.06011904761904762,0.030194805194805194,0.0816131498470948,0.008060074563633283,0.06927910052910054,0.0074211502782931356,0.05616883116883117,0.11903004095695126,0.05208333333333333,0.13624338624338622,0.19534632034632035,0.10957549607856357,0.1121459840972036,0.2861826697892272,0.29853479853479853,0.33084772370486654,0.3873626373626374,0.0,0.3104395604395605,0.3873626373626374,0.35805860805860806,0.5968614718614719,0.33401598401598404,0.27472527472527475,0.5247002997002997,0.35934065934065934,0.29440559440559444,0.5047619047619047,0.25934065934065936,0.3801198801198801,0.37362637362637363,0.4945054945054945,0.03112244897959184,0.058766233766233765,0.02040816326530612,0.05714285714285715,0.10404707337480447,0.08104395604395605],[0.06666666666666667,0.03333333333333333,0.10833333333333334,0.05714285714285715,0.0,0.09285714285714286,0.07013888888888889,0.09137645107794362,0.07013888888888889,0.0,0.06011904761904762,0.1577380952380952,0.06481481481481481,0.14285714285714285,0.10714285714285714,0.12962962962962962,0.09523809523809523,0.24845679012345678,0.047619047619047616,0.10256410256410256,0.10256410256410256,0.19047619047619047,0.37606837606837606,0.4310897435897436,0.44551282051282054,0.3104395604395605,0.0,0.4871794871794872,0.5491452991452991,0.32234432234432236,0.2783882783882784,0.6741452991452991,0.27472527472527475,0.2692307692307692,0.23076923076923078,0.32051282051282054,0.2692307692307692,0.23076923076923078,0.2692307692307692,0.4102564102564103,0.002976190476190476,0.07142857142857142,0.125,0.17380952380952377,0.061344537815126055,0.0],[0.06666666666666667,0.03333333333333333,0.12222222222222223,0.09285714285714286,0.0,0.05714285714285715,0.07013888888888889,0.03582089552238806,0.11180555555555556,0.028571428571428574,0.06011904761904762,0.0744047619047619,0.11243386243386241,0.07142857142857142,0.10714285714285714,0.20105820105820102,0.2380952380952381,0.4089506172839506,0.11904761904761904,0.10256410256410256,0.17399267399267399,0.14285714285714285,0.37606837606837606,0.3621794871794872,0.7574786324786325,0.3873626373626374,0.4871794871794872,0.0,0.4038461538461539,0.37545787545787546,0.23076923076923078,0.3621794871794872,0.3516483516483517,0.2692307692307692,0.23076923076923078,0.4102564102564103,0.30256410256410254,0.30769230769230765,0.2692307692307692,0.32051282051282054,0.08630952380952382,0.14285714285714285,0.0,0.06666666666666667,0.08175270108043219,0.0],[0.11666666666666665,0.15833333333333333,0.03333333333333333,0.028571428571428574,0.12222222222222223,0.028571428571428574,0.03680555555555556,0.08582089552238807,0.09236111111111112,0.06547619047619048,0.031547619047619054,0.0744047619047619,0.14814814814814814,0.10714285714285714,0.1845238095238095,0.09391534391534392,0.05952380952380952,0.12345679012345678,0.047619047619047616,0.10256410256410256,0.10256410256410256,0.17857142857142858,0.47051282051282056,0.4548992673992674,0.4038461538461539,0.35805860805860806,0.5491452991452991,0.4038461538461539,0.0,0.32234432234432236,0.2664835164835165,0.5705128205128206,0.36996336996337,0.3108974358974359,0.2879120879120879,0.34829059829059833,0.433974358974359,0.2783882783882784,0.47008547008547,0.5074786324786325,0.002976190476190476,0.11904761904761904,0.11666666666666665,0.11666666666666665,0.0803921568627451,0.0],[0.023809523809523808,0.023809523809523808,0.16666666666666666,0.0749128919860627,0.023809523809523808,0.12154512154512154,0.0744047619047619,0.0021321961620469083,0.0744047619047619,0.027293844367015097,0.10542267365661862,0.03085282155566853,0.06183862433862434,0.03494124922696351,0.008710801393728223,0.11024978466838932,0.041666666666666664,0.12433862433862433,0.1957026713124274,0.10869907188925595,0.10953274367908514,0.3095238095238095,0.29853479853479853,0.3104395604395605,0.37545787545787546,0.5968614718614719,0.32234432234432236,0.37545787545787546,0.32234432234432236,0.0,0.42995622263914945,0.29853479853479853,0.40100955954614487,0.34981684981684985,0.358527651210578,0.6666666666666666,0.2783882783882784,0.3294916465648173,0.3021978021978022,0.4468864468864469,0.022959183673469385,0.027293844367015097,0.023809523809523808,0.047619047619047616,0.07911457265833163,0.08104395604395605],[0.0,0.03571428571428571,0.07142857142857142,0.09575569358178053,0.11904761904761904,0.08483183483183483,0.08630952380952381,0.0042643923240938165,0.1577380952380952,0.036853002070393374,0.006252730449978156,0.005009744111167599,0.03796296296296296,0.075139146567718,0.07491289198606273,0.10003691399040236,0.020833333333333332,0.03439153439153439,0.051759834368530024,0.06123733117598148,0.062092379165549896,0.25140515222482435,0.30769230769230765,0.36126373626373626,0.23076923076923078,0.33401598401598404,0.2783882783882784,0.23076923076923078,0.2664835164835165,0.42995622263914945,0.0,0.23076923076923078,0.3491645340960409,0.41571428571428576,0.46685300207039343,0.4450549450549451,0.37285714285714283,0.46633540372670806,0.3871428571428571,0.38553113553113555,0.02806122448979592,0.05485232067510548,0.03826530612244898,0.03112244897959184,0.012544148094020217,0.0013736263736263737],[0.03333333333333333,0.0,0.075,0.028571428571428574,0.08888888888888889,0.0642857142857143,0.03680555555555556,0.0024875621890547263,0.12569444444444447,0.06547619047619048,0.031547619047619054,0.038690476190476185,0.18386243386243387,0.07142857142857142,0.09523809523809523,0.09391534391534392,0.09523809523809523,0.1589506172839506,0.047619047619047616,0.10256410256410256,0.10256410256410256,0.17857142857142858,0.44273504273504277,0.36515567765567764,0.3621794871794872,0.27472527472527475,0.6741452991452991,0.3621794871794872,0.5705128205128206,0.29853479853479853,0.23076923076923078,0.0,0.39377289377289376,0.2692307692307692,0.25934065934065936,0.32051282051282054,0.3108974358974359,0.23076923076923078,0.3247863247863248,0.3621794871794872,0.002976190476190476,0.047619047619047616,0.041666666666666664,0.05714285714285714,0.0803921568627451,0.0],[0.0,0.07142857142857142,0.047619047619047616,0.08121330724070451,0.047619047619047616,0.07242757242757243,0.002976190476190476,0.0021321961620469083,0.07916666666666668,0.1487279843444227,0.0049421144604630835,0.007551686154889002,0.11332671957671957,0.03942486085343228,0.10394889663182345,0.05903162298511135,0.05208333333333333,0.10052910052910051,0.1268754076973255,0.1034405267534102,0.10866166353971231,0.2875878220140515,0.3032967032967033,0.3512558869701727,0.42857142857142855,0.5247002997002997,0.27472527472527475,0.3516483516483517,0.36996336996337,0.40100955954614487,0.3491645340960409,0.39377289377289376,0.0,0.3021978021978022,0.324311305133223,0.39926739926739924,0.25934065934065936,0.4245069998494656,0.4450549450549451,0.4175824175824176,0.0739795918367347,0.06208559373116335,0.0,0.0,0.16942393395714447,0.0],[0.0,0.041666666666666664,0.10833333333333334,0.0642857142857143,0.03333333333333333,0.0642857142857143,0.07847222222222222,0.004975124378109453,0.07847222222222222,0.028571428571428574,0.031547619047619054,0.031547619047619054,0.03439153439153439,0.0,0.0,0.11961451247165532,0.023809523809523808,0.06095679012345678,0.047619047619047616,0.05860805860805861,0.05860805860805861,0.2857142857142857,0.2692307692307692,0.3108974358974359,0.2692307692307692,0.35934065934065934,0.2692307692307692,0.2692307692307692,0.3108974358974359,0.34981684981684985,0.41571428571428576,0.2692307692307692,0.3021978021978022,0.0,0.3657142857142857,0.4136752136752137,0.4266666666666667,0.38,0.41,0.3525641025641026,0.008928571428571428,0.09999999999999999,0.15178571428571427,0.1529761904761905,0.008403361344537815,0.0],[0.0,0.05714285714285715,0.028571428571428574,0.028571428571428574,0.0,0.03206793206793207,0.10297619047619047,0.03283582089552239,0.031547619047619054,0.06373626373626375,0.006252730449978156,0.03307278427385189,0.10849867724867725,0.0055658627087198514,0.03205574912891986,0.1297157622739018,0.020833333333333332,0.03439153439153439,0.05201465201465201,0.2040944740331243,0.06296345930492273,0.2299765807962529,0.25934065934065936,0.32515698587127156,0.23076923076923078,0.29440559440559444,0.23076923076923078,0.23076923076923078,0.2879120879120879,0.358527651210578,0.46685300207039343,0.25934065934065936,0.324311305133223,0.3657142857142857,0.0,0.35934065934065934,0.3657142857142857,0.47130434782608693,0.3657142857142857,0.3641025641025641,0.007653061224489796,0.0162748643761302,0.03112244897959184,0.00255102040