# Vertical Computational Grids

**Stage 2b.** Vertical grids are registered separately from horizontal grids because they vary independently of the horizontal layout. Each record captures coordinate type, level count, and vertical extent, and receives a `v###` ID used in Stage 3.

---

<link href="https://fonts.googleapis.com/css2?family=Source+Code+Pro:wght@400;600;700&display=swap" rel="stylesheet">

<style>
.emd-viz { font-family: 'Source Code Pro', monospace; width: 100%; }
.emd-section { margin-bottom: 2.5rem; }
.emd-section-label {
  font-size: 11px; font-weight: 700; color: #0d1035;
  text-transform: uppercase; letter-spacing: 0.09em;
  margin-bottom: 12px; display: block;
}
.emd-selector-row { display: flex; gap: 10px; align-items: center; flex-wrap: wrap; }
#emd-entry-select {
  flex: 1; min-width: 240px; padding: 8px 12px;
  border: 1.5px solid #ccc; border-radius: 6px;
  font-family: 'Source Code Pro', monospace; font-size: 12px;
  color: #0d1035; background: #fff; cursor: pointer;
}
#emd-entry-select:focus { outline: none; border-color: #0d1035; }
#emd-go-btn {
  padding: 8px 18px; border: 1.5px solid #0d1035; border-radius: 6px;
  background: #0d1035; color: #fff;
  font-family: 'Source Code Pro', monospace; font-size: 12px;
  font-weight: 600; cursor: pointer; transition: background .15s;
}
#emd-go-btn:hover { background: #1a2080; }
.emd-stats {
  margin-top: 10px; font-size: 11px; color: #888;
  display: flex; gap: 20px; flex-wrap: wrap;
}
.emd-stats b { color: #0d1035; }
.emd-filter-bar { display: flex; flex-wrap: wrap; gap: 6px; margin-bottom: 10px; }
.emd-fbtn {
  padding: 4px 11px; border-radius: 20px; border: 1.5px solid #ccc;
  background: #fff; cursor: pointer; font-family: 'Source Code Pro', monospace;
  font-size: 11px; color: #555; transition: all .15s;
}
.emd-fbtn:hover  { border-color: #0d1035; color: #0d1035; }
.emd-fbtn.active { background: #0d1035; border-color: #0d1035; color: #fff; font-weight: 600; }
.emd-tip {
  position: fixed; background: #0d1035; color: #fff;
  padding: 10px 14px; border-radius: 8px; font-size: 12px;
  font-family: 'Source Code Pro', monospace; pointer-events: none;
  opacity: 0; transition: opacity .12s; line-height: 1.9;
  box-shadow: 0 6px 24px rgba(0,0,0,.25); max-width: 280px; z-index: 999;
}
.emd-tip-link { color: #e8607e; font-weight: 600; }
.emd-tip-text { color: #f5c842; font-weight: 600; }
.emd-tip-head { font-weight: 700; font-size: 13px;
  border-bottom: 1px solid rgba(255,255,255,.2); padding-bottom: 5px; margin-bottom: 5px; }
/* ── accessible font toggle ── */
.emd-font-btn {
  padding: 5px 12px; border-radius: 20px; border: 1.5px solid #ccc;
  background: #fff; font-size: 11px; cursor: pointer;
  font-family: 'Source Code Pro', monospace; color: #888;
  transition: all .2s; white-space: nowrap;
}
.emd-font-btn:hover { border-color: #2065a0; color: #1a4a80; }
.emd-font-btn.active { background: #e8f0ff; border-color: #2065a0;
  color: #1a4a80; font-family: inherit; font-weight: 600; }
/* Accessible mode: also switch the UI controls (the SVGs are already on the
   accessible/sans-serif font by default via the JS `FONT` constant). */
.emd-viz.accessible { font-family: inherit; }
.emd-viz.accessible #emd-entry-select,
.emd-viz.accessible .emd-stats,
.emd-viz.accessible .emd-stats-grid,
.emd-viz.accessible .emd-stat-label,
.emd-viz.accessible .emd-stat-value,
.emd-viz.accessible .emd-section-label,
.emd-viz.accessible .emd-fbtn,
.emd-viz.accessible #emd-go-btn { font-family: inherit !important; }
/* ── stats grid ── */
.emd-stats-grid {
  display: grid;
  grid-template-columns: repeat(auto-fit, minmax(150px, 1fr));
  gap: 12px;
  margin: 10px 0 18px;
  padding: 14px 16px;
  background: #f7f8fa;
  border-left: 3px solid #0d1035;
  border-radius: 4px;
}
.emd-stat-item { display: flex; flex-direction: column; gap: 3px; }
.emd-stat-label {
  font-family: 'Source Code Pro', monospace;
  color: #888; font-size: 10px;
  text-transform: uppercase; letter-spacing: 0.06em;
}
.emd-stat-value {
  font-family: 'Source Code Pro', monospace;
  color: #0d1035; font-weight: 600; font-size: 13px;
}
</style>

<div class="emd-viz">

<!-- Status / stats box pinned to the top of the page -->
<div class="emd-stats-grid">
  <div class="emd-stat-item">
    <span class="emd-stat-label">Total Records</span>
    <span class="emd-stat-value">37</span>
  </div>
  <div class="emd-stat-item">
    <span class="emd-stat-label">Endpoint</span>
    <span class="emd-stat-value">vertical_computational_grid</span>
  </div>
  <div class="emd-stat-item">
    <span class="emd-stat-label">Raw Data</span>
    <span class="emd-stat-value">18.4 KB</span>
  </div>
  <div class="emd-stat-item">
    <span class="emd-stat-label">Processed Data</span>
    <span class="emd-stat-value">72.4 KB</span>
  </div>
  <div class="emd-stat-item">
    <span class="emd-stat-label">Last Updated</span>
    <span class="emd-stat-value">2026-06-17 16:56 UTC</span>
  </div>
</div>

<div class="emd-section">
<span class="emd-section-label">View a specific Vertical Grid</span>
<div class="emd-selector-row">
  <select id="emd-entry-select">
    <option value="">Select an entry…</option>
    <option value="../view_vertical_computational_grids/?id=v117">v117</option>
    <option value="../view_vertical_computational_grids/?id=v108">v108</option>
    <option value="../view_vertical_computational_grids/?id=v122">v122</option>
    <option value="../view_vertical_computational_grids/?id=v112">v112</option>
    <option value="../view_vertical_computational_grids/?id=v133">v133</option>
    <option value="../view_vertical_computational_grids/?id=v116">v116</option>
    <option value="../view_vertical_computational_grids/?id=v107">v107</option>
    <option value="../view_vertical_computational_grids/?id=v121">v121</option>
    <option value="../view_vertical_computational_grids/?id=v131">v131</option>
    <option value="../view_vertical_computational_grids/?id=v123">v123</option>
    <option value="../view_vertical_computational_grids/?id=v125">v125</option>
    <option value="../view_vertical_computational_grids/?id=v127">v127</option>
    <option value="../view_vertical_computational_grids/?id=v119">v119</option>
    <option value="../view_vertical_computational_grids/?id=v101">v101</option>
    <option value="../view_vertical_computational_grids/?id=v105">v105</option>
    <option value="../view_vertical_computational_grids/?id=v102">v102</option>
    <option value="../view_vertical_computational_grids/?id=v120">v120</option>
    <option value="../view_vertical_computational_grids/?id=v130">v130</option>
    <option value="../view_vertical_computational_grids/?id=v103">v103</option>
    <option value="../view_vertical_computational_grids/?id=v135">v135</option>
    <option value="../view_vertical_computational_grids/?id=v124">v124</option>
    <option value="../view_vertical_computational_grids/?id=v134">v134</option>
    <option value="../view_vertical_computational_grids/?id=v104">v104</option>
    <option value="../view_vertical_computational_grids/?id=v110">v110</option>
    <option value="../view_vertical_computational_grids/?id=v114">v114</option>
    <option value="../view_vertical_computational_grids/?id=v111">v111</option>
    <option value="../view_vertical_computational_grids/?id=v132">v132</option>
    <option value="../view_vertical_computational_grids/?id=v113">v113</option>
    <option value="../view_vertical_computational_grids/?id=v128">v128</option>
    <option value="../view_vertical_computational_grids/?id=v129">v129</option>
    <option value="../view_vertical_computational_grids/?id=v126">v126</option>
    <option value="../view_vertical_computational_grids/?id=v106">v106</option>
    <option value="../view_vertical_computational_grids/?id=v100">v100</option>
    <option value="../view_vertical_computational_grids/?id=v115">v115</option>
    <option value="../view_vertical_computational_grids/?id=v118">v118</option>
    <option value="../view_vertical_computational_grids/?id=no-vertical">no-vertical</option>
    <option value="../view_vertical_computational_grids/?id=v109">v109</option>
  </select>
  <button id="emd-go-btn" onclick="emdGotoEntry()">Open →</button>
  <button class="emd-font-btn" id="emd-font-toggle" onclick="emdToggleFont()" title="Switch to the page's default font for improved readability">Accessible font</button>
</div>
</div>

<div class="emd-section">
<span class="emd-section-label">Similarity &amp; Hierarchical Clustering</span>
<div class="emd-filter-bar" id="emd-filter-bar"></div>
<div id="emd-combined-chart" style="overflow-x:auto; display:flex; justify-content:center;"></div>
<div class="emd-tip" id="emd-tip"></div>
</div>

<div class="emd-section">
<span class="emd-section-label">Record Key Schema</span>
<div id="emd-key-graph"></div>
</div>

</div>

<script src="https://d3js.org/d3.v7.min.js"></script>
<script>
(function () {
'use strict';

/* ── injected data ─────────────────────────────────────────────────────── */
var EMD_DATA    = {"ids":["v117","v108","v122","v112","v133","v116","v107","v121","v131","v123","v125","v127","v119","v101","v105","v102","v120","v130","v103","v135","v124","v134","v104","v110","v114","v111","v132","v113","v128","v129","v126","v106","v100","v115","v118","no-vertical","v109"],"link":[[0.0,0.5333333333333333,0.41,0.4358974358974359,0.47008547008547,0.3247863247863248,0.31387362637362637,0.30256410256410254,0.3871428571428571,0.4450549450549451,0.37362637362637363,0.3021978021978022,0.4228571428571429,0.21428571428571427,0.3657142857142857,0.047619047619047616,0.0,0.03439153439153439,0.047619047619047616,0.06349206349206349,0.05860805860805861,0.05860805860805861,0.07142857142857142,0.0,0.08333333333333333,0.08333333333333333,0.0,0.0,0.08830845771144279,0.003472222222222222,0.002976190476190476,0.03273809523809524,0.0,0.002976190476190476,0.002976190476190476,0.0,0.023809523809523808],[0.5333333333333333,0.0,0.4266666666666667,0.38589743589743586,0.433974358974359,0.3108974358974359,0.3317307692307692,0.30256410256410254,0.37285714285714283,0.25934065934065936,0.25934065934065936,0.2783882783882784,0.38,0.17142857142857143,0.3657142857142857,0.0642857142857143,0.0,0.0701058201058201,0.047619047619047616,0.06349206349206349,0.05860805860805861,0.05860805860805861,0.028571428571428574,0.0,0.08333333333333333,0.08333333333333333,0.0,0.0,0.08830845771144279,0.003472222222222222,0.002976190476190476,0.008928571428571428,0.0642857142857143,0.002976190476190476,0.002976190476190476,0.0,0.05238095238095238],[0.41,0.4266666666666667,0.0,0.3525641025641026,0.3108974358974359,0.2692307692307692,0.3108974358974359,0.2692307692307692,0.41571428571428576,0.3021978021978022,0.35934065934065934,0.34981684981684985,0.38,0.2857142857142857,0.3657142857142857,0.0,0.0,0.03439153439153439,0.047619047619047616,0.11961451247165532,0.05860805860805861,0.05860805860805861,0.028571428571428574,0.0642857142857143,0.041666666666666664,0.0,0.10833333333333334,0.0642857142857143,0.004975124378109453,0.07847222222222222,0.031547619047619054,0.008928571428571428,0.09999999999999999,0.15178571428571427,0.1529761904761905,0.0,0.023809523809523808],[0.4358974358974359,0.38589743589743586,0.3525641025641026,0.0,0.5074786324786325,0.3621794871794872,0.4310897435897436,0.34829059829059833,0.38553113553113555,0.4175824175824176,0.4945054945054945,0.4468864468864469,0.456959706959707,0.3333333333333333,0.3641025641025641,0.07142857142857142,0.07142857142857142,0.06481481481481481,0.11904761904761904,0.0582010582010582,0.10256410256410256,0.10256410256410256,0.017857142857142856,0.0,0.0,0.0,0.05555555555555555,0.047619047619047616,0.0024875621890547263,0.003472222222222222,0.0744047619047619,0.002976190476190476,0.07142857142857142,0.08333333333333333,0.08333333333333333,0.07142857142857142,0.023809523809523808],[0.47008547008547,0.433974358974359,0.3108974358974359,0.5074786324786325,0.0,0.5705128205128206,0.4548992673992674,0.47051282051282056,0.2664835164835165,0.36996336996337,0.35805860805860806,0.32234432234432236,0.2783882783882784,0.17857142857142858,0.2879120879120879,0.1845238095238095,0.10714285714285714,0.14814814814814814,0.047619047619047616,0.09391534391534392,0.10256410256410256,0.10256410256410256,0.06547619047619048,0.028571428571428574,0.15833333333333333,0.11666666666666665,0.03333333333333333,0.028571428571428574,0.08582089552238807,0.03680555555555556,0.0744047619047619,0.002976190476190476,0.11904761904761904,0.11666666666666665,0.11666666666666665,0.0,0.05952380952380952],[0.3247863247863248,0.3108974358974359,0.2692307692307692,0.3621794871794872,0.5705128205128206,0.0,0.36515567765567764,0.44273504273504277,0.23076923076923078,0.39377289377289376,0.27472527472527475,0.29853479853479853,0.23076923076923078,0.17857142857142858,0.25934065934065936,0.09523809523809523,0.07142857142857142,0.18386243386243387,0.047619047619047616,0.09391534391534392,0.10256410256410256,0.10256410256410256,0.06547619047619048,0.028571428571428574,0.0,0.03333333333333333,0.075,0.0642857142857143,0.0024875621890547263,0.03680555555555556,0.038690476190476185,0.002976190476190476,0.047619047619047616,0.041666666666666664,0.05714285714285714,0.0,0.09523809523809523],[0.31387362637362637,0.3317307692307692,0.3108974358974359,0.4310897435897436,0.4548992673992674,0.36515567765567764,0.0,0.47870879120879123,0.36126373626373626,0.3512558869701727,0.33084772370486654,0.3104395604395605,0.24862637362637363,0.17857142857142858,0.32515698587127156,0.23724489795918366,0.17857142857142858,0.06736583522297808,0.047619047619047616,0.11177248677248677,0.10256410256410256,0.10256410256410256,0.07653061224489796,0.07397959183673468,0.06547619047619048,0.041666666666666664,0.0625,0.07397959183673468,0.04415422885572139,0.06597222222222222,0.0744047619047619,0.026785714285714284,0.1096938775510204,0.10416666666666667,0.125,0.0,0.13095238095238096],[0.30256410256410254,0.30256410256410254,0.2692307692307692,0.34829059829059833,0.47051282051282056,0.44273504273504277,0.47870879120879123,0.0,0.30769230769230765,0.3032967032967033,0.29853479853479853,0.29853479853479853,0.23076923076923078,0.14285714285714285,0.25934065934065936,0.18214285714285713,0.2380952380952381,0.24814814814814815,0.047619047619047616,0.12962962962962962,0.10256410256410256,0.10256410256410256,0.0642857142857143,0.023809523809523808,0.027777777777777776,0.027777777777777776,0.027777777777777776,0.023809523809523808,0.0024875621890547263,0.03125,0.002976190476190476,0.026785714285714284,0.028571428571428574,0.0,0.027777777777777776,0.0,0.06547619047619047],[0.3871428571428571,0.37285714285714283,0.41571428571428576,0.38553113553113555,0.2664835164835165,0.23076923076923078,0.36126373626373626,0.30769230769230765,0.0,0.3491645340960409,0.33401598401598404,0.42995622263914945,0.46633540372670806,0.25140515222482435,0.46685300207039343,0.07491289198606273,0.075139146567718,0.03796296296296296,0.051759834368530024,0.10003691399040236,0.062092379165549896,0.06123733117598148,0.036853002070393374,0.09575569358178053,0.03571428571428571,0.0,0.07142857142857142,0.08483183483183483,0.0042643923240938165,0.08630952380952381,0.005009744111167599,0.02806122448979592,0.05485232067510548,0.03826530612244898,0.03112244897959184,0.0013736263736263737,0.020833333333333332],[0.4450549450549451,0.25934065934065936,0.3021978021978022,0.4175824175824176,0.36996336996337,0.39377289377289376,0.3512558869701727,0.3032967032967033,0.3491645340960409,0.0,0.5247002997002997,0.40100955954614487,0.4245069998494656,0.2875878220140515,0.324311305133223,0.10394889663182345,0.03942486085343228,0.11332671957671957,0.1268754076973255,0.05903162298511135,0.10866166353971231,0.1034405267534102,0.1487279843444227,0.08121330724070451,0.07142857142857142,0.0,0.047619047619047616,0.07242757242757243,0.0021321961620469083,0.002976190476190476,0.007551686154889002,0.0739795918367347,0.06208559373116335,0.0,0.0,0.0,0.05208333333333333],[0.37362637362637363,0.25934065934065936,0.35934065934065934,0.4945054945054945,0.35805860805860806,0.27472527472527475,0.33084772370486654,0.29853479853479853,0.33401598401598404,0.5247002997002997,0.0,0.5968614718614719,0.3801198801198801,0.2861826697892272,0.29440559440559444,0.05616883116883117,0.0074211502782931356,0.06927910052910054,0.19534632034632035,0.11903004095695126,0.1121459840972036,0.10957549607856357,0.030194805194805194,0.08896103896103898,0.08571428571428573,0.028571428571428574,0.18095238095238095,0.13633033633033634,0.0021321961620469083,0.06011904761904762,0.008060074563633283,0.03112244897959184,0.058766233766233765,0.02040816326530612,0.05714285714285715,0.08104395604395605,0.05208333333333333],[0.3021978021978022,0.2783882783882784,0.34981684981684985,0.4468864468864469,0.32234432234432236,0.29853479853479853,0.3104395604395605,0.29853479853479853,0.42995622263914945,0.40100955954614487,0.5968614718614719,0.0,0.3294916465648173,0.3095238095238095,0.358527651210578,0.008710801393728223,0.03494124922696351,0.06183862433862434,0.1957026713124274,0.11024978466838932,0.10953274367908514,0.10869907188925595,0.027293844367015097,0.0749128919860627,0.023809523809523808,0.023809523809523808,0.16666666666666666,0.12154512154512154,0.0021321961620469083,0.0744047619047619,0.03085282155566853,0.022959183673469385,0.027293844367015097,0.023809523809523808,0.047619047619047616,0.08104395604395605,0.041666666666666664],[0.4228571428571429,0.38,0.38,0.456959706959707,0.2783882783882784,0.23076923076923078,0.24862637362637363,0.23076923076923078,0.46633540372670806,0.4245069998494656,0.3801198801198801,0.3294916465648173,0.0,0.21475409836065573,0.47130434782608693,0.005226480836236933,0.004638218923933209,0.036177248677248676,0.049689440993788817,0.1918736486842799,0.20233628160457426,0.06036090698667385,0.004140786749482402,0.006211180124223602,0.0,0.0,0.0,0.0024975024975024975,0.03283582089552239,0.002976190476190476,0.10551813251991189,0.07908163265306123,0.007233273056057866,0.022959183673469385,0.002551020408163265,0.0027472527472527475,0.03645833333333333],[0.21428571428571427,0.17142857142857143,0.2857142857142857,0.3333333333333333,0.17857142857142858,0.17857142857142858,0.17857142857142858,0.14285714285714285,0.25140515222482435,0.2875878220140515,0.2861826697892272,0.3095238095238095,0.21475409836065573,0.0,0.2299765807962529,0.00273224043715847,0.003278688524590164,0.02896174863387978,0.13943533697632057,0.08831672203765227,0.053239656518345044,0.052302888368462135,0.035519125683060114,0.038056206088992975,0.03571428571428571,0.0,0.08333333333333333,0.09035909445745512,0.07142857142857142,0.03571428571428571,0.08079625292740046,0.0,0.002185792349726776,0.03571428571428571,0.0,0.07377049180327869,0.020833333333333332],[0.3657142857142857,0.3657142857142857,0.3657142857142857,0.3641025641025641,0.2879120879120879,0.25934065934065936,0.32515698587127156,0.25934065934065936,0.46685300207039343,0.324311305133223,0.29440559440559444,0.358527651210578,0.47130434782608693,0.2299765807962529,0.0,0.03205574912891986,0.0055658627087198514,0.10849867724867725,0.05201465201465201,0.1297157622739018,0.06296345930492273,0.2040944740331243,0.06373626373626375,0.028571428571428574,0.05714285714285715,0.0,0.028571428571428574,0.03206793206793207,0.03283582089552239,0.10297619047619047,0.03307278427385189,0.007653061224489796,0.0162748643761302,0.03112244897959184,0.002551020408163265,0.006868131868131869,0.020833333333333332],[0.047619047619047616,0.0642857142857143,0.0,0.07142857142857142,0.1845238095238095,0.09523809523809523,0.23724489795918366,0.18214285714285713,0.07491289198606273,0.10394889663182345,0.05616883116883117,0.008710801393728223,0.005226480836236933,0.00273224043715847,0.03205574912891986,0.0,0.3063543599257885,0.10327380952380952,0.02032520325203252,0.01951827242524917,0.003484320557491289,0.0043821209465381246,0.20624724270498518,0.07054060989114874,0.0687984496124031,0.021179401993355478,0.021179401993355478,0.0717954526094061,0.020962732919254656,0.017857142857142856,0.07397051347229285,0.06547619047619048,0.2981029810298103,0.07142857142857142,0.08928571428571429,0.008241758241758242,0.078125],[0.0,0.0,0.0,0.07142857142857142,0.10714285714285714,0.07142857142857142,0.17857142857142858,0.2380952380952381,0.075139146567718,0.03942486085343228,0.0074211502782931356,0.03494124922696351,0.004638218923933209,0.003278688524590164,0.0055658627087198514,0.3063543599257885,0.0,0.2656746031746032,0.0032467532467532465,0.12748246585455889,0.009146341463414634,0.014314928425357873,0.005177546705785909,0.06548019049057255,0.005554401993355482,0.07314680232558139,0.06266291847687197,0.06715842297237647,0.03380921479558728,0.06011904761904762,0.08050542280969328,0.002551020408163265,0.07328385899814471,0.07142857142857142,0.15714285714285717,0.020394420394420396,0.09375],[0.03439153439153439,0.0701058201058201,0.03439153439153439,0.06481481481481481,0.14814814814814814,0.18386243386243387,0.06736583522297808,0.24814814814814815,0.03796296296296296,0.11332671957671957,0.06927910052910054,0.06183862433862434,0.036177248677248676,0.02896174863387978,0.10849867724867725,0.10327380952380952,0.2656746031746032,0.0,0.0062499999999999995,0.2652885443583118,0.0660407794554136,0.14981984613886454,0.14047619047619048,0.15520833333333334,0.04985119047619047,0.03080357142857143,0.03076923076923077,0.08588078588078586,0.0042643923240938165,0.10297619047619047,0.012127181833587528,0.05017006802721088,0.09970238095238095,0.002551020408163265,0.05969387755102041,0.021296296296296296,0.19212962962962962],[0.047619047619047616,0.047619047619047616,0.047619047619047616,0.11904761904761904,0.047619047619047616,0.047619047619047616,0.047619047619047616,0.047619047619047616,0.051759834368530024,0.1268754076973255,0.19534632034632035,0.1957026713124274,0.049689440993788817,0.13943533697632057,0.05201465201465201,0.02032520325203252,0.0032467532467532465,0.0062499999999999995,0.0,0.1434108527131783,0.2576219512195122,0.25766871165644173,0.030864197530864196,0.010582010582010581,0.0,0.0,0.09523809523809523,0.048618048618048616,0.0,0.0,0.0010167768174885613,0.0,0.016877637130801686,0.0,0.0,0.13701923076923078,0.0],[0.06349206349206349,0.06349206349206349,0.11961451247165532,0.0582010582010582,0.09391534391534392,0.09391534391534392,0.11177248677248677,0.12962962962962962,0.10003691399040236,0.05903162298511135,0.11903004095695126,0.11024978466838932,0.1918736486842799,0.08831672203765227,0.1297157622739018,0.01951827242524917,0.12748246585455889,0.2652885443583118,0.1434108527131783,0.0,0.31339977851605755,0.2366802017964809,0.10055370985603543,0.19647356035437433,0.06651785714285714,0.08794642857142856,0.16444270015698587,0.13248573132294061,0.09712153518123667,0.1244047619047619,0.10795957918050943,0.0739795918367347,0.0016611295681063123,0.18112244897959182,0.08010204081632655,0.010274393995324229,0.11400462962962962],[0.05860805860805861,0.05860805860805861,0.05860805860805861,0.10256410256410256,0.10256410256410256,0.10256410256410256,0.10256410256410256,0.10256410256410256,0.062092379165549896,0.10866166353971231,0.1121459840972036,0.10953274367908514,0.20233628160457426,0.053239656518345044,0.06296345930492273,0.003484320557491289,0.009146341463414634,0.0660407794554136,0.2576219512195122,0.31339977851605755,0.0,0.5452626641651033,0.0017421602787456446,0.011814024390243903,0.002232142857142857,0.003125,0.002197802197802198,0.006193806193806194,0.0021321961620469083,0.002976190476190476,0.07898025758346043,0.0739795918367347,0.004355400696864111,0.002551020408163265,0.002551020408163265,0.01876172607879925,0.004807692307692308],[0.05860805860805861,0.05860805860805861,0.05860805860805861,0.10256410256410256,0.10256410256410256,0.10256410256410256,0.10256410256410256,0.10256410256410256,0.06123733117598148,0.1034405267534102,0.10957549607856357,0.10869907188925595,0.06036090698667385,0.052302888368462135,0.2040944740331243,0.0043821209465381246,0.014314928425357873,0.14981984613886454,0.25766871165644173,0.2366802017964809,0.5452626641651033,0.0,0.0017528483786152498,0.0066142638036809824,0.002232142857142857,0.003125,0.002197802197802198,0.008191808191808193,0.0021321961620469083,0.0744047619047619,0.00653490933740044,0.002551020408163265,0.0043821209465381246,0.002551020408163265,0.002551020408163265,0.02035158093440302,0.004807692307692308],[0.07142857142857142,0.028571428571428574,0.028571428571428574,0.017857142857142856,0.06547619047619048,0.06547619047619048,0.07653061224489796,0.0642857142857143,0.036853002070393374,0.1487279843444227,0.030194805194805194,0.027293844367015097,0.004140786749482402,0.035519125683060114,0.06373626373626375,0.20624724270498518,0.005177546705785909,0.14047619047619048,0.030864197530864196,0.10055370985603543,0.0017421602787456446,0.0017528483786152498,0.0,0.4195767195767196,0.2714285714285714,0.14285714285714285,0.17142857142857143,0.27342657342657345,0.09378881987577639,0.09700996677740863,0.06894692661472435,0.1669435215946844,0.25517531809112615,0.11694352159468438,0.059800664451827246,0.009615384615384614,0.025],[0.0,0.0,0.0642857142857143,0.0,0.028571428571428574,0.028571428571428574,0.07397959183673468,0.023809523809523808,0.09575569358178053,0.08121330724070451,0.08896103896103898,0.0749128919860627,0.006211180124223602,0.038056206088992975,0.028571428571428574,0.07054060989114874,0.06548019049057255,0.15520833333333334,0.010582010582010581,0.19647356035437433,0.011814024390243903,0.0066142638036809824,0.4195767195767196,0.0,0.48125,0.42410714285714285,0.47582417582417585,0.6196803196803197,0.1764114211550941,0.3307897286821705,0.10714119453541575,0.17140780730897012,0.2104185065253655,0.23301495016611296,0.24730066445182725,0.005494505494505495,0.10625],[0.08333333333333333,0.08333333333333333,0.041666666666666664,0.0,0.15833333333333333,0.0,0.06547619047619048,0.027777777777777776,0.03571428571428571,0.07142857142857142,0.08571428571428573,0.023809523809523808,0.0,0.03571428571428571,0.05714285714285715,0.0687984496124031,0.005554401993355482,0.04985119047619047,0.0,0.06651785714285714,0.002232142857142857,0.002232142857142857,0.2714285714285714,0.48125,0.0,0.5666666666666667,0.4134615384615385,0.46153846153846156,0.3391466580142764,0.31369912790697674,0.10459925249169436,0.19997577519379847,0.1252768549280177,0.28018410852713177,0.1551841085271318,0.0,0.028571428571428574],[0.08333333333333333,0.08333333333333333,0.0,0.0,0.11666666666666665,0.03333333333333333,0.041666666666666664,0.027777777777777776,0.0,0.0,0.028571428571428574,0.023809523809523808,0.0,0.0,0.0,0.021179401993355478,0.07314680232558139,0.03080357142857143,0.0,0.08794642857142856,0.003125,0.003125,0.14285714285714285,0.42410714285714285,0.5666666666666667,0.0,0.47179487179487184,0.4043956043956044,0.3308133246809431,0.3303657945736434,0.06888496677740864,0.11664244186046513,0.07765780730897011,0.18851744186046512,0.2551841085271318,0.0,0.08571428571428572],[0.0,0.0,0.10833333333333334,0.05555555555555555,0.03333333333333333,0.075,0.0625,0.027777777777777776,0.07142857142857142,0.047619047619047616,0.18095238095238095,0.16666666666666666,0.0,0.08333333333333333,0.028571428571428574,0.021179401993355478,0.06266291847687197,0.03076923076923077,0.09523809523809523,0.16444270015698587,0.002197802197802198,0.002197802197802198,0.17142857142857143,0.47582417582417585,0.4134615384615385,0.47179487179487184,0.0,0.5789377289377289,0.16414665801427644,0.3715116279069767,0.13986710963455148,0.11592128801431127,0.11337209302325582,0.31866854076156403,0.368668540761564,0.047619047619047616,0.08571428571428572],[0.0,0.0,0.0642857142857143,0.047619047619047616,0.028571428571428574,0.0642857142857143,0.07397959183673468,0.023809523809523808,0.08483183483183483,0.07242757242757243,0.13633033633033634,0.12154512154512154,0.0024975024975024975,0.09035909445745512,0.03206793206793207,0.0717954526094061,0.06715842297237647,0.08588078588078586,0.048618048618048616,0.13248573132294061,0.006193806193806194,0.008191808191808193,0.27342657342657345,0.6196803196803197,0.46153846153846156,0.4043956043956044,0.5789377289377289,0.0,0.1764114211550941,0.330343300110742,0.14885811862556048,0.17078967544083823,0.1773914070425698,0.26804242269358547,0.2670220145303202,0.05261405261405261,0.075],[0.08830845771144279,0.08830845771144279,0.004975124378109453,0.0024875621890547263,0.08582089552238807,0.0024875621890547263,0.04415422885572139,0.0024875621890547263,0.0042643923240938165,0.0021321961620469083,0.0021321961620469083,0.0021321961620469083,0.03283582089552239,0.07142857142857142,0.03283582089552239,0.020962732919254656,0.03380921479558728,0.0042643923240938165,0.0,0.09712153518123667,0.0021321961620469083,0.0021321961620469083,0.09378881987577639,0.1764114211550941,0.3391466580142764,0.3308133246809431,0.16414665801427644,0.1764114211550941,0.0,0.2749963948374072,0.22380643367015854,0.20078953060783042,0.055900621118012424,0.15414773956305428,0.14581440622972097,0.0,0.028571428571428574],[0.003472222222222222,0.003472222222222222,0.07847222222222222,0.003472222222222222,0.03680555555555556,0.03680555555555556,0.06597222222222222,0.03125,0.08630952380952381,0.002976190476190476,0.06011904761904762,0.0744047619047619,0.002976190476190476,0.03571428571428571,0.10297619047619047,0.017857142857142856,0.06011904761904762,0.10297619047619047,0.0,0.1244047619047619,0.002976190476190476,0.0744047619047619,0.09700996677740863,0.3307897286821705,0.31369912790697674,0.3303657945736434,0.3715116279069767,0.330343300110742,0.2749963948374072,0.0,0.3511904761904762,0.0880952380952381,0.11037414965986393,0.24107142857142858,0.28154761904761905,0.002976190476190476,0.08571428571428572],[0.002976190476190476,0.002976190476190476,0.031547619047619054,0.0744047619047619,0.0744047619047619,0.038690476190476185,0.0744047619047619,0.002976190476190476,0.005009744111167599,0.007551686154889002,0.008060074563633283,0.03085282155566853,0.10551813251991189,0.08079625292740046,0.03307278427385189,0.07397051347229285,0.08050542280969328,0.012127181833587528,0.0010167768174885613,0.10795957918050943,0.07898025758346043,0.00653490933740044,0.06894692661472435,0.10714119453541575,0.10459925249169436,0.06888496677740864,0.13986710963455148,0.14885811862556048,0.22380643367015854,0.3511904761904762,0.0,0.1826530612244898,0.1352004502868763,0.2209183673469388,0.19030612244897957,0.007551686154889002,0.0],[0.03273809523809524,0.008928571428571428,0.008928571428571428,0.002976190476190476,0.002976190476190476,0.002976190476190476,0.026785714285714284,0.026785714285714284,0.02806122448979592,0.0739795918367347,0.03112244897959184,0.022959183673469385,0.07908163265306123,0.0,0.007653061224489796,0.06547619047619048,0.002551020408163265,0.05017006802721088,0.0,0.0739795918367347,0.0739795918367347,0.002551020408163265,0.1669435215946844,0.17140780730897012,0.19997577519379847,0.11664244186046513,0.11592128801431127,0.17078967544083823,0.20078953060783042,0.0880952380952381,0.1826530612244898,0.0,0.20833333333333331,0.3422619047619048,0.31845238095238093,0.0,0.0],[0.0,0.0642857142857143,0.09999999999999999,0.07142857142857142,0.11904761904761904,0.047619047619047616,0.1096938775510204,0.028571428571428574,0.05485232067510548,0.06208559373116335,0.058766233766233765,0.027293844367015097,0.007233273056057866,0.002185792349726776,0.0162748643761302,0.2981029810298103,0.07328385899814471,0.09970238095238095,0.016877637130801686,0.0016611295681063123,0.004355400696864111,0.0043821209465381246,0.25517531809112615,0.2104185065253655,0.1252768549280177,0.07765780730897011,0.11337209302325582,0.1773914070425698,0.055900621118012424,0.11037414965986393,0.1352004502868763,0.20833333333333331,0.0,0.30357142857142855,0.3321428571428572,0.005494505494505495,0.125],[0.002976190476190476,0.002976190476190476,0.15178571428571427,0.08333333333333333,0.11666666666666665,0.041666666666666664,0.10416666666666667,0.0,0.03826530612244898,0.0,0.02040816326530612,0.023809523809523808,0.022959183673469385,0.03571428571428571,0.03112244897959184,0.07142857142857142,0.07142857142857142,0.002551020408163265,0.0,0.18112244897959182,0.002551020408163265,0.002551020408163265,0.11694352159468438,0.23301495016611296,0.28018410852713177,0.18851744186046512,0.31866854076156403,0.26804242269358547,0.15414773956305428,0.24107142857142858,0.2209183673469388,0.3422619047619048,0.30357142857142855,0.0,0.6142857142857142,0.0,0.017857142857142856],[0.002976190476190476,0.002976190476190476,0.1529761904761905,0.08333333333333333,0.11666666666666665,0.05714285714285714,0.125,0.027777777777777776,0.03112244897959184,0.0,0.05714285714285715,0.047619047619047616,0.002551020408163265,0.0,0.002551020408163265,0.08928571428571429,0.15714285714285717,0.05969387755102041,0.0,0.08010204081632655,0.002551020408163265,0.002551020408163265,0.059800664451827246,0.24730066445182725,0.1551841085271318,0.2551841085271318,0.368668540761564,0.2670220145303202,0.14581440622972097,0.28154761904761905,0.19030612244897957,0.31845238095238093,0.3321428571428572,0.6142857142857142,0.0,0.0,0.05714285714285715],[0.0,0.0,0.0,0.07142857142857142,0.0,0.0,0.0,0.0,0.0013736263736263737,0.0,0.08104395604395605,0.08104395604395605,0.0027472527472527475,0.07377049180327869,0.006868131868131869,0.008241758241758242,0.020394420394420396,0.021296296296296296,0.13701923076923078,0.010274393995324229,0.01876172607879925,0.02035158093440302,0.009615384615384614,0.005494505494505495,0.0,0.0,0.047619047619047616,0.05261405261405261,0.0,0.002976190476190476,0.007551686154889002,0.0,0.005494505494505495,0.0,0.0,0.0,0.005681818181818182],[0.023809523809523808,0.05238095238095238,0.023809523809523808,0.023809523809523808,0.05952380952380952,0.09523809523809523,0.13095238095238096,0.06547619047619047,0.020833333333333332,0.05208333333333333,0.05208333333333333,0.041666666666666664,0.03645833333333333,0.020833333333333332,0.020833333333333332,0.078125,0.09375,0.19212962962962962,0.0,0.11400462962962962,0.004807692307692308,0.004807692307692308,0.025,0.10625,0.028571428571428574,0.08571428571428572,0.08571428571428572,0.075,0.028571428571428574,0.08571428571428572,0.0,0.0,0.125,0.017857142857142856,0.05714285714285715,0.005681818181818182,0.0]],"text":[[0.0,0.7366495082983276,0.18659134193233357,0.3340314426425687,0.1772232592340468,0.18089927225867058,0.19071059233019388,0.24730861984564884,0.13241672701484652,0.1807861966104067,0.2036427872424008,0.14620864026307903,0.3578713323712617,0.11995911848491003,0.1851231586128035,0.008885943394200423,0.05539693450726725,0.04914444330544015,0.0,0.015544887016521144,0.1693444940791797,0.030400770240869852,0.0,0.04086423670752702,0.04136732107878682,0.050013083746082,0.04130752087626291,0.03393633550187821,0.03395361278526268,0.03663308331434127,0.020779918006888054,0.03707278347469185,0.0,0.04059939625047568,0.04012217821901825,0.01638737406084215,0.0],[0.7366495082983276,0.0,0.1729131057155648,0.16339199529592505,0.16423175824688938,0.16763829802604518,0.17673039097723792,0.2291794521915645,0.12270980678798363,0.11576017886647523,0.13329936547179413,0.13549069216462858,0.13481055255160565,0.11116541379315112,0.11388329559140697,0.0082345517942687,0.05133601534548717,0.045541868302162745,0.0,0.014405355919456273,0.06242038054685432,0.02817221605277075,0.0,0.037868649255745845,0.038334854601452834,0.04634683232024665,0.03827943810337878,0.03144860371047203,0.0314646144679777,0.03394766414251364,0.01925662853311184,0.0343551317105288,0.0,0.03762322315251066,0.03718098799267834,0.015186083738068033,0.0],[0.18659134193233357,0.1729131057155648,0.0,0.15298506935230863,0.1537713452837586,0.15696091233336643,0.1654739026311876,0.15761963106115906,0.11489405137423067,0.1083870660863705,0.12480912932354499,0.12686088385086855,0.12622406436849967,0.1528728193961581,0.10662972713299974,0.007710068507638776,0.01877637274105038,0.016657138050361085,0.0,0.013487835621269692,0.026868229649559087,0.02637784316689133,0.0,0.035456681474364815,0.03589319280416543,0.04339486364635628,0.03584130594896322,0.011502464721491315,0.02946053885815588,0.03178543565604438,0.018030116140599163,0.0321669503932793,0.0,0.03522688729530299,0.03481281941838868,0.014218836544902917,0.0],[0.3340314426425687,0.16339199529592505,0.15298506935230863,0.0,0.1453042371847834,0.14831817717625417,0.1563624168823174,0.1489406248896732,0.1836581705712335,0.194031982800977,0.2159941174734938,0.1198755458796445,0.2259633586455931,0.039035662555220264,0.10075837688544032,0.00728552918020937,0.01774248975451767,0.015739946435553404,0.0,0.012745155234258985,0.025388784929535974,0.024925400586645052,0.0,0.033504331026234305,0.03391680674257892,0.041005413253268015,0.033867776932108296,0.010869104767321737,0.027838353874953994,0.03003523493317163,0.01703732426433758,0.030395742333080095,0.0,0.03328718999884414,0.0328959219320484,0.013435905070607828,0.0],[0.1772232592340468,0.16423175824688938,0.1537713452837586,0.1453042371847834,0.0,0.2521915847622206,0.15716605089378283,0.1497061141564472,0.10912563273449909,0.10294533986259956,0.1185429101469438,0.12049165343114374,0.11988680637318071,0.03923628868210518,0.10127623060131206,0.007322973594010845,0.0178336783438162,0.015820842833463234,0.0,0.012810659723329183,0.02551927211108493,0.025053506176595762,0.0,0.03367652854326516,0.03409112420327122,0.04121616303190136,0.034041842401151615,0.010924967182596213,0.027981430762886478,0.030189602822949257,0.017124888613342826,0.030551963072242675,0.0,0.033458271506552714,0.033064992494081236,0.013504959709854599,0.0],[0.18089927225867058,0.16763829802604518,0.15696091233336643,0.14831817717625417,0.2521915847622206,0.0,0.1604260318500705,0.15281135907680016,0.11138914627660455,0.10508066008972321,0.12100175941740828,0.12299092406461289,0.12237353110453411,0.04005013844909788,0.10337692971035826,0.007474868703190669,0.018203589348456076,0.016149003056718875,0.0,0.013076381910137574,0.026048599791123693,0.07412102520924328,0.0,0.03437505625392908,0.034798251569830886,0.0420710798909249,0.03474794755117349,0.011151575822062516,0.028561829207066645,0.030815803772333783,0.017480097708694943,0.031185680196432728,0.0,0.03415227207042372,0.03375083555775501,0.01378508325574246,0.09788407032571565],[0.19071059233019388,0.17673039097723792,0.1654739026311876,0.1563624168823174,0.15716605089378283,0.1604260318500705,0.0,0.16109929266407916,0.11743048935647488,0.11077985377134843,0.12756445575133313,0.12966150547062788,0.1290106273568191,0.04222231262275097,0.10898371923878368,0.12920218247978327,0.21262046569272655,0.017024866380253516,0.0,0.013785597412753772,0.027461381317410244,0.026960168905238384,0.0,0.036239434563321384,0.03668558245744664,0.044352862594695334,0.03663255013136285,0.011756396827288379,0.030110919176748838,0.032487141143107155,0.018428154775813894,0.032877078322224265,0.0,0.03600456737415242,0.03558135840178825,0.014532736147575494,0.0],[0.24730861984564884,0.2291794521915645,0.15761963106115906,0.1489406248896732,0.1497061141564472,0.15281135907680016,0.16109929266407916,0.0,0.11185661372206251,0.10552165267635456,0.12150956816953133,0.12350708075499837,0.12288709677847377,0.040218217086351704,0.10381077224229568,0.007506238525966196,0.046795549506906606,0.04151387166355564,0.0,0.01313125963432971,0.056899546808652904,0.025680495888596354,0.0,0.03451931824238705,0.0349442895844087,0.04224763982429068,0.03489377445459834,0.028667100123614297,0.028681694793466588,0.030945128626242036,0.017553456531303635,0.03131655731277308,0.0,0.03429559909926819,0.03389247787576934,0.01384293519078634,0.0],[0.13241672701484652,0.12270980678798363,0.11489405137423067,0.1836581705712335,0.10912563273449909,0.11138914627660455,0.11743048935647488,0.11185661372206251,0.0,0.36145290967866095,0.15196749930311235,0.187947506876825,0.38087362204298847,0.14258245867513383,0.15361845047182263,0.056063143273194505,0.08082216684309211,0.07708217968496298,0.0,0.13534248013396497,0.16029069376021332,0.1573651422615594,0.0,0.08219971412210035,0.02547202385716283,