<!DOCTYPE html>
<html>
<head>
<meta charset="utf-8">
<link href="https://fonts.googleapis.com/css2?family=Source+Code+Pro:wght@400;600;700&display=swap" rel="stylesheet">
<script src="https://d3js.org/d3.v7.min.js"></script>
<style>
  * { box-sizing: border-box; margin: 0; padding: 0; }
  body {
    font-family: 'Source Code Pro', monospace; background: #ffffff;
    display: flex; flex-direction: column; align-items: center;
    padding: 24px 24px 40px;
  }
  #filter-bar {
    display: flex; flex-wrap: wrap; gap: 6px; justify-content: center;
    margin-bottom: 16px; min-height: 0;
  }
  .fbtn {
    padding: 4px 11px; border-radius: 20px; border: 1.5px solid #ccc;
    background: #fff; cursor: pointer; font-family: 'Source Code Pro', monospace;
    font-size: 11px; color: #555; transition: all .15s;
  }
  .fbtn:hover  { border-color: #0d1035; color: #0d1035; }
  .fbtn.active { background: #0d1035; border-color: #0d1035; color: #fff; font-weight: 600; }
  #chart { position: relative; }
  .tip {
    position: fixed; background: #0d1035; color: #fff;
    padding: 10px 14px; border-radius: 8px; font-size: 12px;
    font-family: 'Source Code Pro', monospace; pointer-events: none;
    opacity: 0; transition: opacity .12s; line-height: 1.9;
    box-shadow: 0 6px 24px rgba(0,0,0,.25); max-width: 280px;
  }
  .tip .tip-link { color: #e8607e; font-weight: 600; }
  .tip .tip-text { color: #f5c842; font-weight: 600; }
  .tip .tip-head { font-weight: 700; font-size: 13px;
                   border-bottom: 1px solid rgba(255,255,255,.2);
                   padding-bottom: 5px; margin-bottom: 5px; }
</style>
</head>
<body>
<div id="filter-bar"></div>
<div id="chart"></div>
<div class="tip" id="tip"></div>
<script>
const D = {"ids": ["bisicles", "clm", "gelato", "surfex", "pisces", "nicam", "nemo", "arpege-climat", "reprobus", "cam", "hadam", "ifs", "tactic", "geos"], "link": [[0.0, 0.3856578337806398, 0.3342464723310319, 0.3033327550023585, 0.26956890970501723, 0.3166095315651189, 0.22597801087624267, 0.1372484166082587, 0.14726016413061643, 0.14674839613231083, 0.137576252481725, 0.14872779417483234, 0.1422642912337616, 0.07635985697338835], [0.3856578337806398, 0.0, 0.18803495107953416, 0.3805306754821695, 0.4729966376537727, 0.31858338041033313, 0.380023400839728, 0.3704272168861377, 0.2887411601092078, 0.4093925792223897, 0.3873269481207371, 0.2909465423165482, 0.25957707740767116, 0.28265158287118347], [0.3342464723310319, 0.18803495107953416, 0.0, 0.5122873887139063, 0.4543638271747595, 0.3850380133795725, 0.613879970221539, 0.5613256502485877, 0.5570020705777398, 0.3855236416375298, 0.459402075731806, 0.32317439487816857, 0.37308267721146343, 0.3389934502628015], [0.3033327550023585, 0.3805306754821695, 0.5122873887139063, 0.0, 0.37394299994221536, 0.31498346009342665, 0.5121658256230571, 0.587410235037934, 0.46063764114519784, 0.4161073037135222, 0.44348290055221873, 0.39096840021602874, 0.4577201893341077, 0.3778129382358874], [0.26956890970501723, 0.4729966376537727, 0.4543638271747595, 0.37394299994221536, 0.0, 0.36484110519723084, 0.5894828922617996, 0.45981144212723934, 0.48052630324422146, 0.42480074240492854, 0.45857271645014974, 0.42704789298220824, 0.3106370754811238, 0.33132403007378897], [0.3166095315651189, 0.31858338041033313, 0.3850380133795725, 0.31498346009342665, 0.36484110519723084, 0.0, 0.42437216116014104, 0.5621510115072754, 0.536775360307088, 0.6048037370388056, 0.5725610215500994, 0.44167842812537317, 0.505319037494514, 0.5463832449108001], [0.22597801087624267, 0.380023400839728, 0.613879970221539, 0.5121658256230571, 0.5894828922617996, 0.42437216116014104, 0.0, 0.5480161238601108, 0.6050976671080381, 0.5087922154767691, 0.5096757578463333, 0.4170859940656536, 0.4374799681602645, 0.3916246223121375], [0.1372484166082587, 0.3704272168861377, 0.5613256502485877, 0.587410235037934, 0.45981144212723934, 0.5621510115072754, 0.5480161238601108, 0.0, 0.7330539521406826, 0.6732427727875007, 0.731187868847628, 0.5906506574257606, 0.6624564957804588, 0.6318815593710599], [0.14726016413061643, 0.2887411601092078, 0.5570020705777398, 0.46063764114519784, 0.48052630324422146, 0.536775360307088, 0.6050976671080381, 0.7330539521406826, 0.0, 0.6796228567580057, 0.7151605674872566, 0.49240999698019206, 0.6736363795934374, 0.6232942317287384], [0.14674839613231083, 0.4093925792223897, 0.3855236416375298, 0.4161073037135222, 0.42480074240492854, 0.6048037370388056, 0.5087922154767691, 0.6732427727875007, 0.6796228567580057, 0.0, 0.6868479425919135, 0.581500279602315, 0.5623227655121309, 0.6567929187211887], [0.137576252481725, 0.3873269481207371, 0.459402075731806, 0.44348290055221873, 0.45857271645014974, 0.5725610215500994, 0.5096757578463333, 0.731187868847628, 0.7151605674872566, 0.6868479425919135, 0.0, 0.6185676622205285, 0.5828039503249645, 0.7075560082096097], [0.14872779417483234, 0.2909465423165482, 0.32317439487816857, 0.39096840021602874, 0.42704789298220824, 0.44167842812537317, 0.4170859940656536, 0.5906506574257606, 0.49240999698019206, 0.581500279602315, 0.6185676622205285, 0.0, 0.42079496052127785, 0.6203769506839749], [0.1422642912337616, 0.25957707740767116, 0.37308267721146343, 0.4577201893341077, 0.3106370754811238, 0.505319037494514, 0.4374799681602645, 0.6624564957804588, 0.6736363795934374, 0.5623227655121309, 0.5828039503249645, 0.42079496052127785, 0.0, 0.5090480598550918], [0.07635985697338835, 0.28265158287118347, 0.3389934502628015, 0.3778129382358874, 0.33132403007378897, 0.5463832449108001, 0.3916246223121375, 0.6318815593710599, 0.6232942317287384, 0.6567929187211887, 0.7075560082096097, 0.6203769506839749, 0.5090480598550918, 0.0]], "text": [[0.0, 0.3856578337806398, 0.3342464723310319, 0.3033327550023585, 0.26956890970501723, 0.3166095315651189, 0.22597801087624267, 0.1372484166082587, 0.14726016413061643, 0.14674839613231083, 0.137576252481725, 0.14872779417483234, 0.1422642912337616, 0.07635985697338835], [0.3856578337806398, 0.0, 0.18803495107953416, 0.3805306754821695, 0.4729966376537727, 0.31858338041033313, 0.380023400839728, 0.3704272168861377, 0.2887411601092078, 0.4093925792223897, 0.3873269481207371, 0.2909465423165482, 0.25957707740767116, 0.28265158287118347], [0.3342464723310319, 0.18803495107953416, 0.0, 0.5122873887139063, 0.4543638271747595, 0.3850380133795725, 0.613879970221539, 0.5613256502485877, 0.5570020705777398, 0.3855236416375298, 0.459402075731806, 0.32317439487816857, 0.37308267721146343, 0.3389934502628015], [0.3033327550023585, 0.3805306754821695, 0.5122873887139063, 0.0, 0.37394299994221536, 0.31498346009342665, 0.5121658256230571, 0.587410235037934, 0.46063764114519784, 0.4161073037135222, 0.44348290055221873, 0.39096840021602874, 0.4577201893341077, 0.3778129382358874], [0.26956890970501723, 0.4729966376537727, 0.4543638271747595, 0.37394299994221536, 0.0, 0.36484110519723084, 0.5894828922617996, 0.45981144212723934, 0.48052630324422146, 0.42480074240492854, 0.45857271645014974, 0.42704789298220824, 0.3106370754811238, 0.33132403007378897], [0.3166095315651189, 0.31858338041033313, 0.3850380133795725, 0.31498346009342665, 0.36484110519723084, 0.0, 0.42437216116014104, 0.5621510115072754, 0.536775360307088, 0.6048037370388056, 0.5725610215500994, 0.44167842812537317, 0.505319037494514, 0.5463832449108001], [0.22597801087624267, 0.380023400839728, 0.613879970221539, 0.5121658256230571, 0.5894828922617996, 0.42437216116014104, 0.0, 0.5480161238601108, 0.6050976671080381, 0.5087922154767691, 0.5096757578463333, 0.4170859940656536, 0.4374799681602645, 0.3916246223121375], [0.1372484166082587, 0.3704272168861377, 0.5613256502485877, 0.587410235037934, 0.45981144212723934, 0.5621510115072754, 0.5480161238601108, 0.0, 0.7330539521406826, 0.6732427727875007, 0.731187868847628, 0.5906506574257606, 0.6624564957804588, 0.6318815593710599], [0.14726016413061643, 0.2887411601092078, 0.5570020705777398, 0.46063764114519784, 0.48052630324422146, 0.536775360307088, 0.6050976671080381, 0.7330539521406826, 0.0, 0.6796228567580057, 0.7151605674872566, 0.49240999698019206, 0.6736363795934374, 0.6232942317287384], [0.14674839613231083, 0.4093925792223897, 0.3855236416375298, 0.4161073037135222, 0.42480074240492854, 0.6048037370388056, 0.5087922154767691, 0.6732427727875007, 0.6796228567580057, 0.0, 0.6868479425919135, 0.581500279602315, 0.5623227655121309, 0.6567929187211887], [0.137576252481725, 0.3873269481207371, 0.459402075731806, 0.44348290055221873, 0.45857271645014974, 0.5725610215500994, 0.5096757578463333, 0.731187868847628, 0.7151605674872566, 0.6868479425919135, 0.0, 0.6185676622205285, 0.5828039503249645, 0.7075560082096097], [0.14872779417483234, 0.2909465423165482, 0.32317439487816857, 0.39096840021602874, 0.42704789298220824, 0.44167842812537317, 0.4170859940656536, 0.5906506574257606, 0.49240999698019206, 0.581500279602315, 0.6185676622205285, 0.0, 0.42079496052127785, 0.6203769506839749], [0.1422642912337616, 0.25957707740767116, 0.37308267721146343, 0.4577201893341077, 0.3106370754811238, 0.505319037494514, 0.4374799681602645, 0.6624564957804588, 0.6736363795934374, 0.5623227655121309, 0.5828039503249645, 0.42079496052127785, 0.0, 0.5090480598550918], [0.07635985697338835, 0.28265158287118347, 0.3389934502628015, 0.3778129382358874, 0.33132403007378897, 0.5463832449108001, 0.3916246223121375, 0.6318815593710599, 0.6232942317287384, 0.6567929187211887, 0.7075560082096097, 0.6203769506839749, 0.5090480598550918, 0.0]], "method": "embedding (all-MiniLM-L6-v2) | link: text (links uninformative)", "folder": "Component Families", "meta": [{"label": "BISICLES", "tags": ["land-ice"]}, {"label": "CLM", "tags": ["land-surface", "ocean-biogeochemistry"]}, {"label": "gelato", "tags": ["sea-ice"]}, {"label": "surfex", "tags": ["land-surface"]}, {"label": "pisces", "tags": ["ocean-biogeochemistry"]}, {"label": "NICAM", "tags": ["atmosphere"]}, {"label": "nemo", "tags": ["ocean"]}, {"label": "arpege-climat", "tags": ["atmosphere"]}, {"label": "reprobus", "tags": ["atmospheric-chemistry"]}, {"label": "CAM", "tags": ["atmosphere"]}, {"label": "hadam", "tags": ["atmosphere"]}, {"label": "IFS", "tags": ["atmosphere"]}, {"label": "tactic", "tags": ["aerosol"]}, {"label": "GEOS", "tags": ["atmosphere"]}]};
const { ids, link, text, method, folder, meta } = D;

const n       = ids.length;
const FONT    = "'Source Code Pro', monospace";
const RED     = '#a40e4C';
const MUSTARD = '#f2b30d';
const NAVY    = '#0d1035';
const WHITE   = '#ffffff';

// ── Layout ────────────────────────────────────────────────────────────────
const cellSize = Math.min(60, Math.floor(Math.min(window.innerWidth * 0.72, 480) / n));
const gap      = Math.max(2, Math.round(cellSize * 0.055));
const inner    = cellSize - gap;
const radius   = Math.round(inner * 0.14);

// x-axis height: rotated labels, max 50 chars, monospace ~0.61 * fontSize px wide
const lblFs   = Math.max(8, Math.round(cellSize * 0.145));
const maxLLen = Math.max(...meta.map(m => Math.min(m.label.length, 50)));
// x-axis: rotated labels need XLBL_H vertical space (text length × char width)
const XLBL_H  = Math.ceil(maxLLen * lblFs * 0.62) + 12;
// y-axis: horizontal labels, left margin = longest label × char width
const YLBL_W  = Math.ceil(maxLLen * lblFs * 0.62) + 16;
const LEG_H   = 62;
const TITLE_H = 54;
const margin  = {
  top:    TITLE_H,
  right:  20,
  bottom: XLBL_H + LEG_H + 16,
  left:   YLBL_W,
};
const W = n * cellSize + margin.left + margin.right;
const H = n * cellSize + margin.top  + margin.bottom;

// ── Colour helpers ─────────────────────────────────────────────────────────
function hexToRgb(h) {
  return [parseInt(h.slice(1,3),16)/255, parseInt(h.slice(3,5),16)/255, parseInt(h.slice(5,7),16)/255];
}
function blend(hex, a) {
  const [r,g,b] = hexToRgb(hex);
  return `rgb(${Math.round((1-a+r*a)*255)},${Math.round((1-a+g*a)*255)},${Math.round((1-a+b*a)*255)})`;
}

// ── Filter ─────────────────────────────────────────────────────────────────
// Collect all unique tags across items
const allTags = [...new Set(meta.flatMap(m => m.tags || []))].sort();
let activeFilter = null;

function itemVisible(i) {
  if (!activeFilter) return true;
  return (meta[i].tags || []).includes(activeFilter);
}

function applyFilter() {
  // Cells
  g.selectAll('.cell').attr('opacity', d => {
    if (d.i === d.j) return itemVisible(d.i) ? 1 : 0.08;
    return (itemVisible(d.i) && itemVisible(d.j)) ? 1 : 0.06;
  });
  // Value labels
  g.selectAll('.val').attr('opacity', d =>
    (itemVisible(d.i) && itemVisible(d.j)) ? 1 : 0);
  // Diagonal labels
  g.selectAll('.diag').attr('opacity', (d, i) => itemVisible(i) ? 1 : 0.1);
  // Axis labels
  g.selectAll('.xlabel').attr('opacity', (d, i) => itemVisible(i) ? 1 : 0.1);
  g.selectAll('.ylabel').attr('opacity', (d, i) => itemVisible(i) ? 1 : 0.1);
}

// Build filter buttons (only if there are tags)
if (allTags.length > 0) {
  const bar = document.getElementById('filter-bar');
  const allBtn = document.createElement('button');
  allBtn.className = 'fbtn active';
  allBtn.textContent = 'All';
  allBtn.onclick = () => {
    activeFilter = null;
    document.querySelectorAll('.fbtn').forEach(b => b.classList.remove('active'));
    allBtn.classList.add('active');
    applyFilter();
  };
  bar.appendChild(allBtn);

  allTags.forEach(tag => {
    const btn = document.createElement('button');
    btn.className = 'fbtn';
    btn.textContent = tag.replace(/-/g,' ').replace(/_/g,' ');
    btn.dataset.tag = tag;
    btn.onclick = () => {
      activeFilter = tag;
      document.querySelectorAll('.fbtn').forEach(b => b.classList.remove('active'));
      btn.classList.add('active');
      applyFilter();
    };
    bar.appendChild(btn);
  });
}

// ── SVG ────────────────────────────────────────────────────────────────────
const svg = d3.select('#chart').append('svg').attr('width', W).attr('height', H);
const defs = svg.append('defs');
[['leg-red', RED], ['leg-mustard', MUSTARD]].forEach(([id, col]) => {
  const gr = defs.append('linearGradient').attr('id', id).attr('x1','0%').attr('x2','100%');
  gr.append('stop').attr('offset','0%').attr('stop-color', WHITE);
  gr.append('stop').attr('offset','100%').attr('stop-color', col);
});

// Title
svg.append('text').attr('x', W/2).attr('y', 24)
  .attr('text-anchor','middle').attr('font-family', FONT)
  .attr('font-size', 17).attr('font-weight', 700).attr('fill', NAVY)
  .text('Similarity Matrix — ' + folder);
svg.append('text').attr('x', W/2).attr('y', 41)
  .attr('text-anchor','middle').attr('font-family', FONT)
  .attr('font-size', 9).attr('fill','#999')
  .text(n + ' items  ·  spectrally ordered  ·  ' + method);

const g   = svg.append('g').attr('transform', `translate(${margin.left},${margin.top})`);
const tip = d3.select('#tip');

// ── Cells ──────────────────────────────────────────────────────────────────
const cellData = [];
for (let i=0;i<n;i++) for (let j=0;j<n;j++) cellData.push({i,j});

g.selectAll('.cell').data(cellData).join('rect')
  .attr('class','cell')
  .attr('x',      d => d.j*cellSize + gap/2)
  .attr('y',      d => d.i*cellSize + gap/2)
  .attr('width',  inner).attr('height', inner).attr('rx', radius)
  .attr('fill', d => {
    if (d.i===d.j) return NAVY;
    return d.i < d.j ? blend(RED, link[d.i][d.j]) : blend(MUSTARD, text[d.i][d.j]);
  })
  .style('cursor', d => d.i===d.j ? 'default' : 'pointer')
  .on('mouseover', function(event, d) {
    if (d.i===d.j) return;
    const li=Math.min(d.i,d.j), lj=Math.max(d.i,d.j);
    const lbl_i = meta[d.i].label, lbl_j = meta[d.j].label;
    tip.style('opacity',1).html(
      `<div class="tip-head">${lbl_i} ↔ ${lbl_j}</div>` +
      `<span class="tip-link">▲ Link</span>&nbsp; ${(link[li][lj]*100).toFixed(1)}%<br>` +
      `<span class="tip-text">▼ Content</span>&nbsp; ${(text[lj][li]*100).toFixed(1)}%`
    );
    d3.select(this).attr('stroke',NAVY).attr('stroke-width',2);
    g.selectAll('.cell').filter(e => e.i!==d.i && e.j!==d.j).attr('opacity', e =>
      (itemVisible(e.i) && itemVisible(e.j)) ? 0.35 : 0.04);
  })
  .on('mousemove', ev => tip.style('left',(ev.clientX+14)+'px').style('top',(ev.clientY-10)+'px'))
  .on('mouseout', function() {
    tip.style('opacity',0);
    d3.select(this).attr('stroke','none');
    applyFilter();
  });

// ── Value labels ───────────────────────────────────────────────────────────
g.selectAll('.val').data(cellData.filter(d=>d.i!==d.j)).join('text')
  .attr('class','val')
  .attr('x', d => d.j*cellSize + cellSize/2)
  .attr('y', d => d.i*cellSize + cellSize/2)
  .attr('dy','0.35em').attr('text-anchor','middle')
  .attr('font-family', FONT)
  .attr('font-size', Math.max(8, Math.round(cellSize*0.16)))
  .attr('font-weight',600).attr('pointer-events','none')
  .attr('fill', d => {
    const v = d.i<d.j ? link[d.i][d.j] : text[d.i][d.j];
    if (v<0.08) return 'none';
    const [r,gg,b] = hexToRgb(d.i<d.j ? RED : MUSTARD);
    return (0.299*(1-v+r*v) + 0.587*(1-v+gg*v) + 0.114*(1-v+b*v)) < 0.55 ? WHITE : NAVY;
  })
  .text(d => { const v=d.i<d.j?link[d.i][d.j]:text[d.i][d.j]; return v>=0.08?Math.round(v*100)+'%':''; });

// ── Diagonal labels (sized to fit within cell, truncated if needed) ─────────
// monospace char width ≈ 0.58 * fontSize → max chars at size fs = inner / (0.58 * fs)
const maxDiagFs = Math.max(9, Math.round(cellSize * 0.18));

function diagText(label) {
  // Find the largest font size that fits, down to min 6px
  for (var fs = maxDiagFs; fs >= 6; fs--) {
    var maxChars = Math.floor(inner / (0.58 * fs));
    if (label.length <= maxChars) return { fs: fs, text: label };
  }
  // Even at 6px it's too long — truncate to fit
  var maxChars = Math.floor(inner / (0.58 * 6));
  return { fs: 6, text: label.slice(0, Math.max(1, maxChars - 1)) + '…' };
}

g.selectAll('.diag').data(meta).join('text')
  .attr('class','diag')
  .attr('x', (d,i) => i*cellSize + cellSize/2)
  .attr('y', (d,i) => i*cellSize + cellSize/2)
  .attr('dy','0.35em').attr('text-anchor','middle')
  .attr('font-family', FONT)
  .attr('font-size', d => diagText(d.label).fs)
  .attr('font-weight',700).attr('fill',WHITE).attr('pointer-events','none')
  .text(d => diagText(d.label).text);

// ── Axis labels ────────────────────────────────────────────────────────────
// X-axis: rotated -90°, truncated to 50 chars, reads bottom→top
const pivotY = n * cellSize + 4;   // just below the matrix

g.selectAll('.xlabel').data(meta).join('text')
  .attr('class','xlabel')
  .attr('transform', (d, i) =>
    `translate(${i*cellSize + cellSize/2},${pivotY}) rotate(-90)`)
  .attr('text-anchor','end')
  .attr('dy','0.35em')
  .attr('font-family', FONT)
  .attr('font-size', lblFs)
  .attr('font-weight', 600)
  .attr('fill', NAVY)
  .text(d => d.label.length > 50 ? d.label.slice(0, 50) + '…' : d.label);

// Y-axis: horizontal labels, truncated to 50 chars
g.selectAll('.ylabel').data(meta).join('text')
  .attr('class','ylabel')
  .attr('x', -8)   // 8px gap from left edge of matrix
  .attr('y', (d, i) => i*cellSize + cellSize/2)
  .attr('text-anchor','end').attr('dominant-baseline','middle')
  .attr('font-family', FONT)
  .attr('font-size', lblFs)
  .attr('font-weight', 600)
  .attr('fill', NAVY)
  .text(d => d.label.length > 50 ? d.label.slice(0, 50) + '…' : d.label);

// ── Diagonal divider ───────────────────────────────────────────────────────
g.append('line')
  .attr('x1',0).attr('y1',0).attr('x2',n*cellSize).attr('y2',n*cellSize)
  .attr('stroke',NAVY).attr('stroke-width',1.5)
  .attr('stroke-dasharray','5,4').attr('opacity',0.22);

// ── Legend bars ────────────────────────────────────────────────────────────
const legY  = n*cellSize + XLBL_H + 16;
const barW  = Math.floor(n*cellSize * 0.43);
const barH  = 13;
const legFs = Math.max(9, Math.round(cellSize * 0.16));

g.append('text').attr('x',0).attr('y', legY-8)
  .attr('text-anchor','start').attr('font-family', FONT)
  .attr('font-size', legFs).attr('font-weight',700).attr('fill', RED)
  .text('▲  link similarity');
g.append('rect').attr('x',0).attr('y', legY)
  .attr('width', barW).attr('height', barH).attr('rx',3).attr('fill','url(#leg-red)');
g.append('text').attr('x',0).attr('y', legY+barH+9)
  .attr('text-anchor','start').attr('font-size', legFs-1).attr('fill','#bbb').attr('font-family', FONT).text('0%');
g.append('text').attr('x', barW).attr('y', legY+barH+9)
  .attr('text-anchor','end').attr('font-size', legFs-1).attr('fill','#bbb').attr('font-family', FONT).text('100%');

const mustX = n*cellSize - barW;
g.append('text').attr('x', mustX).attr('y', legY-8)
  .attr('text-anchor','start').attr('font-family', FONT)
  .attr('font-size', legFs).attr('font-weight',700).attr('fill','#c49000')
  .text('▼  content similarity');
g.append('rect').attr('x', mustX).attr('y', legY)
  .attr('width', barW).attr('height', barH).attr('rx',3).attr('fill','url(#leg-mustard)');
g.append('text').attr('x', mustX).attr('y', legY+barH+9)
  .attr('text-anchor','start').attr('font-size', legFs-1).attr('fill','#bbb').attr('font-family', FONT).text('0%');
g.append('text').attr('x', mustX+barW).attr('y', legY+barH+9)
  .attr('text-anchor','end').attr('font-size', legFs-1).attr('fill','#bbb').attr('font-family', FONT).text('100%');

g.append('text')
  .attr('x', n*cellSize/2).attr('y', legY+barH+30)
  .attr('text-anchor','middle').attr('font-size', 9)
  .attr('font-family', FONT).attr('fill','#ccc')
  .text('hover any cell for details · click filter buttons to highlight groups');
</script>
</body></html>