<!DOCTYPE html>
<html>
<head>
<meta charset="utf-8">
<link href="https://fonts.googleapis.com/css2?family=Source+Code+Pro:wght@400;600;700&display=swap" rel="stylesheet">
<script src="https://d3js.org/d3.v7.min.js"></script>
<style>
  * { box-sizing: border-box; margin: 0; padding: 0; }
  body { font-family: 'Source Code Pro', monospace; background: #ffffff;
         display: flex; flex-direction: column; align-items: center;
         padding: 24px 24px 40px; }
  #chart { position: relative; }
  .tip {
    position: fixed; background: #0d1035; color: #fff;
    padding: 10px 14px; border-radius: 8px; font-size: 12px;
    font-family: 'Source Code Pro', monospace; pointer-events: none;
    opacity: 0; transition: opacity .12s; line-height: 1.9;
    box-shadow: 0 6px 24px rgba(0,0,0,.25); max-width: 240px;
  }
  .tip .tip-link { color: #e8607e; font-weight: 600; }
  .tip .tip-text { color: #f5c842; font-weight: 600; }
  .tip .tip-head { font-weight: 700; font-size: 13px;
                   border-bottom: 1px solid rgba(255,255,255,.2);
                   padding-bottom: 5px; margin-bottom: 5px; }
</style>
</head>
<body>
<div id="chart"></div>
<div class="tip" id="tip"></div>
<script>
const D = {"ids": ["bisicles", "clm", "hadgem3", "hadcm2", "cam", "nemo", "hadam", "surfex", "pisces", "ifs", "geos", "nicam", "arpege-climat", "reprobus", "gelato", "tactic", "cesm", "ukesm1", "ipsl-cm", "gfdl-cm4", "canesm", "miroc", "bcc-csm", "ec-earth", "giss-e2", "fgoals", "mpi-esm", "cnrm-cm", "access", "icon"], "link": [[0.0, 0.2715807631998402, 0.18280319682041662, 0.13054849010412245, 0.11142555119299305, 0.11982644485378771, 0.11162807144501827, 0.1269663552734011, 0.11813797243511726, 0.11162807144501827, 0.11113302194006777, 0.11289114167727514, 0.11162807144501827, 0.10900902382597064, 0.10563797243511726, 0.10712312094996874, 0.06092789167094329, 0.062338034588920156, 0.07319847848572233, 0.0636687755154253, 0.06218362700057382, 0.06218362700057382, 0.060203428980771835, 0.06168857749562332, 0.06168857749562332, 0.06311747038491225, 0.060203428980771835, 0.061193527990672826, 0.05711097687841874, 0.05707153034364511], [0.2715807631998402, 0.0, 0.20152205763991854, 0.20909359683296058, 0.1590340909090909, 0.1284291234001449, 0.10362004950495049, 0.10461014851485148, 0.10777363559526684, 0.11461014851485149, 0.11016570407040704, 0.105928738317757, 0.10411509900990099, 0.10731480922482492, 0.11104579207920792, 0.10411509900990099, 0.1148919376693767, 0.07197114383661002, 0.06222325357535754, 0.07283931518151815, 0.07365085258525852, 0.06513600110011, 0.07510472846065094, 0.06925272856232992, 0.06915038302610749, 0.06301351933973885, 0.06172820407040704, 0.06408987697550242, 0.06917893217893219, 0.06126560798318263], [0.18280319682041662, 0.20152205763991854, 0.0, 0.33337767851501376, 0.06382829979526508, 0.07423739070435599, 0.11337375434071961, 0.061555572522537814, 0.06378284524981054, 0.06110102706799235, 0.0606464816134469, 0.06246466343162872, 0.061555572522537814, 0.059237390704356, 0.06291920888617417, 0.061555572522537814, 0.13170622539270288, 0.21423361118733145, 0.11513638060334588, 0.12114648161344688, 0.12268183514880042, 0.1308636533306186, 0.11309092605789133, 0.12040910787607315, 0.1153636533306186, 0.11559092605789134, 0.1269545624215277, 0.11263638060334587, 0.11638313385009913, 0.11513638060334588], [0.13054849010412245, 0.20909359683296058, 0.33337767851501376, 0.0, 0.16041032647355366, 0.10960085004979372, 0.21076243914961, 0.15970610112144099, 0.1571800754019064, 0.1590018757693283, 0.16041032647355366, 0.16076243914961, 0.15970610112144099, 0.15647585004979372, 0.1590018757693283, 0.15935398844538465, 0.21519826311899487, 0.21480980558618407, 0.21342029449423813, 0.22038430075401907, 0.21973719590268886, 0.2290329705505762, 0.22108100233100236, 0.21903297055057616, 0.22389790373945306, 0.22319367838734036, 0.2234202944942382, 0.22319367838734036, 0.16819155844155845, 0.20444142125480153], [0.11142555119299305, 0.1590340909090909, 0.06382829979526508, 0.16041032647355366, 0.0, 0.8072159090909091, 0.9009090909090908, 0.8509090909090908, 0.8518181818181818, 0.9113636363636364, 0.9082828282828282, 0.9022727272727273, 0.9009090909090908, 0.8727922077922077, 0.8513636363636363, 0.8668181818181818, 0.8607953929539296, 0.7600457097201646, 0.8072458964646465, 0.8183570075757576, 0.8197373737373738, 0.8088282828282829, 0.8207012432012432, 0.8164598617756512, 0.8151204351204351, 0.8087315462315463, 0.8081549873737373, 0.8086557886557886, 0.7698023088023088, 0.7622749231444883], [0.11982644485378771, 0.1284291234001449, 0.07423739070435599, 0.10960085004979372, 0.8072159090909091, 0.0, 0.8059821428571429, 0.8066964285714284, 0.8666087092731829, 0.803125, 0.8118856837606838, 0.8040595794392523, 0.8045535714285714, 0.8079637096774194, 0.8056673728813559, 0.8057565789473685, 0.7599000677506774, 0.7714646464646464, 0.8112229284369115, 0.7600694444444445, 0.7591907596371882, 0.7602595029239766, 0.7630665204678362, 0.7613401300236406, 0.7672211857379768, 0.7715593434343434, 0.7704349415204679, 0.7593472222222222, 0.7568542568542569, 0.7560228452751817], [0.11162807144501827, 0.10362004950495049, 0.11337375434071961, 0.21076243914961, 0.9009090909090908, 0.8059821428571429, 0.0, 0.8635714285714287, 0.8531578947368421, 0.9032051282051281, 0.9025641025641026, 0.9042056074766356, 0.9292857142857143, 0.8721428571428571, 0.8528571428571429, 0.8678571428571429, 0.8077466124661246, 0.8097145838923501, 0.8070510912698413, 0.8153645833333332, 0.808596371882086, 0.8181345029239766, 0.8075518925518924, 0.8092151300236405, 0.8075518925518924, 0.809489121989122, 0.8170510912698413, 0.8081709401709402, 0.7581789321789321, 0.758664048038286], [0.1269663552734011, 0.10461014851485148, 0.061555572522537814, 0.15970610112144099, 0.8509090909090908, 0.8066964285714284, 0.8635714285714287, 0.0, 0.8536842105263158, 0.8525641025641025, 0.8512820512820513, 0.8528037383177569, 0.9228571428571428, 0.9030952380952382, 0.9021428571428572, 0.9028571428571428, 0.8068319783197833, 0.759052332236721, 0.8084796626984125, 0.808420138888889, 0.8285963718820861, 0.8181345029239766, 0.8075518925518924, 0.8092151300236405, 0.8068376068376069, 0.8212315462315463, 0.8070510912698413, 0.8268376068376068, 0.7678542568542568, 0.7591313377579122], [0.11813797243511726, 0.10777363559526684, 0.06378284524981054, 0.1571800754019064, 0.8518181818181818, 0.8666087092731829, 0.8531578947368421, 0.8536842105263158, 0.0, 0.8526315789473685, 0.8576608187134503, 0.8523364485981307, 0.8521052631578947, 0.8751127819548874, 0.8515789473684212, 0.8510526315789473, 0.8064701897018971, 0.7591527861395411, 0.8581871345029238, 0.8092397660818713, 0.8091269841269841, 0.8076608187134504, 0.8087134502923977, 0.8087134502923977, 0.8132163742690057, 0.8195707070707071, 0.8166081871345028, 0.8087134502923977, 0.7568542568542569, 0.7583592938733126], [0.11162807144501827, 0.11461014851485149, 0.06110102706799235, 0.1590018757693283, 0.9113636363636364, 0.803125, 0.9032051282051281, 0.8525641025641025, 0.8526315789473685, 0.0, 0.9096153846153847, 0.909012016021362, 0.901923076923077, 0.8720695970695971, 0.8525641025641025, 0.8675641025641025, 0.8177466124661248, 0.7600457097201646, 0.8127470619658119, 0.8095419337606838, 0.8196167800453514, 0.8097134502923977, 0.818119658119658, 0.8134144581311433, 0.8100427350427349, 0.8075951825951826, 0.8089009081196581, 0.8094017094017094, 0.7588282828282827, 0.7610004966364169], [0.11113302194006777, 0.11016570407040704, 0.0606464816134469, 0.16041032647355366, 0.9082828282828282, 0.8118856837606838, 0.9025641025641026, 0.8512820512820513, 0.8576608187134503, 0.9096153846153847, 0.0, 0.9083592938733126, 0.901923076923077, 0.8746336996336996, 0.8512820512820513, 0.865, 0.8133021680216803, 0.7607079613757938, 0.8131744123931623, 0.8304821047008547, 0.8075759637188208, 0.8081345029239767, 0.8087606837606838, 0.8097470449172576, 0.8433760683760683, 0.8187062937062937, 0.8063368055555555, 0.8122863247863247, 0.7575295815295815, 0.7605332069167907], [0.11289114167727514, 0.105928738317757, 0.06246466343162872, 0.16076243914961, 0.9022727272727273, 0.8040595794392523, 0.9042056074766356, 0.8528037383177569, 0.8523364485981307, 0.909012016021362, 0.9083592938733126, 0.0, 0.9037383177570094, 0.8723631508678238, 0.8509345794392523, 0.8668691588785048, 0.8080514905149052, 0.7603768355479792, 0.8068040952751817, 0.8086732541536865, 0.8093592938733124, 0.8084247144340602, 0.8077721862768591, 0.8093592938733124, 0.8147296109912933, 0.8173895548895549, 0.8072713849948079, 0.8091740554357376, 0.7581789321789321, 0.7624023657952954], [0.11162807144501827, 0.10411509900990099, 0.061555572522537814, 0.15970610112144099, 0.9009090909090908, 0.8045535714285714, 0.9292857142857143, 0.9228571428571428, 0.8521052631578947, 0.901923076923077, 0.901923076923077, 0.9037383177570094, 0.0, 0.9221428571428572, 0.9014285714285715, 0.917142857142857, 0.8080514905149052, 0.7600457097201646, 0.8070510912698413, 0.8091145833333332, 0.8275759637188209, 0.8181345029239766, 0.8082661782661782, 0.8092151300236405, 0.8075518925518924, 0.8208527583527584, 0.8063368055555555, 0.8241709401709402, 0.7678542568542568, 0.75819675831866], [0.10900902382597064, 0.10731480922482492, 0.059237390704356, 0.15647585004979372, 0.8727922077922077, 0.8079637096774194, 0.8721428571428571, 0.9030952380952382, 0.8751127819548874, 0.8720695970695971, 0.8746336996336996, 0.8723631508678238, 0.9221428571428572, 0.0, 0.9024193548387096, 0.9071428571428571, 0.807079945799458, 0.7588216603117266, 0.8071684587813619, 0.8055555555555556, 0.8265759637188209, 0.8166081871345028, 0.8079749103942653, 0.8066193853427895, 0.8077943615257048, 0.8191919191919192, 0.8071684587813619, 0.8268888888888888, 0.7665295815295815, 0.7564901349948079], [0.10563797243511726, 0.11104579207920792, 0.06291920888617417, 0.1590018757693283, 0.8513636363636363, 0.8056673728813559, 0.8528571428571429, 0.9021428571428572, 0.8515789473684212, 0.8525641025641025, 0.8512820512820513, 0.8509345794392523, 0.9014285714285715, 0.9024193548387096, 0.0, 0.909685230024213, 0.8062222222222222, 0.75971458389235, 0.8105740936911487, 0.8077256944444444, 0.8285963718820861, 0.819187134502924, 0.8093799797189627, 0.8076193853427895, 0.8113152187779054, 0.821989121989122, 0.8105740936911487, 0.8241709401709402, 0.7672049062049062, 0.7595986274775385], [0.10712312094996874, 0.10411509900990099, 0.061555572522537814, 0.15935398844538465, 0.8668181818181818, 0.8057565789473685, 0.8678571428571429, 0.9028571428571428, 0.8510526315789473, 0.8675641025641025, 0.865, 0.8668691588785048, 0.917142857142857, 0.9071428571428571, 0.909685230024213, 0.0, 0.8071368563685637, 0.7587212064089063, 0.8088791784369114, 0.80703125, 0.8291065759637188, 0.819187134502924, 0.8068376068376069, 0.8118747044917256, 0.8105689501211888, 0.8212315462315463, 0.8082235980083858, 0.8255042735042736, 0.7668802308802308, 0.7591313377579122], [0.06092789167094329, 0.1148919376693767, 0.13170622539270288, 0.21519826311899487, 0.8607953929539296, 0.7599000677506774, 0.8077466124661246, 0.8068319783197833, 0.8064701897018971, 0.8177466124661248, 0.8133021680216803, 0.8080514905149052, 0.8080514905149052, 0.807079945799458, 0.8062222222222222, 0.8071368563685637, 0.0, 0.8288690550337577, 0.8798861788617887, 0.8903875338753388, 0.8938861788617884, 0.8848008130081301, 0.8899674796747966, 0.8886519041506205, 0.8827181571815718, 0.8768577235772359, 0.8786666666666667, 0.8804593495934959, 0.8457154471544716, 0.8118861788617885], [0.062338034588920156, 0.07197114383661002, 0.21423361118733145, 0.21480980558618407, 0.7600457097201646, 0.7714646464646464, 0.8097145838923501, 0.759052332236721, 0.7591527861395411, 0.7600457097201646, 0.7607079613757938, 0.7603768355479792, 0.7600457097201646, 0.7588216603117266, 0.75971458389235, 0.7587212064089063, 0.8288690550337577, 0.0, 0.8396527406665811, 0.8438837929108782, 0.8286176934160416, 0.8369620642769686, 0.8242832935350981, 0.8276243159325979, 0.8246144193629126, 0.8275945518132437, 0.8479971115275081, 0.8250459990935471, 0.8266051364365972, 0.8103132673562021], [0.07319847848572233, 0.06222325357535754, 0.11513638060334588, 0.21342029449423813, 0.8072458964646465, 0.8112229284369115, 0.8070510912698413, 0.8084796626984125, 0.8581871345029238, 0.8127470619658119, 0.8131744123931623, 0.8068040952751817, 0.8070510912698413, 0.8071684587813619, 0.8105740936911487, 0.8088791784369114, 0.8798861788617887, 0.8396527406665811, 0.0, 0.9013888888888889, 0.8850924744897959, 0.88203125, 0.8839247881355933, 0.883626994680851, 0.8889743988391376, 0.8940814393939395, 0.9108474576271186, 0.8835729166666667, 0.8336546266233766, 0.8139018691588784], [0.0636687755154253, 0.07283931518151815, 0.12114648161344688, 0.22038430075401907, 0.8183570075757576, 0.7600694444444445, 0.8153645833333332, 0.808420138888889, 0.8092397660818713, 0.8095419337606838, 0.8304821047008547, 0.8086732541536865, 0.8091145833333332, 0.8055555555555556, 0.8077256944444444, 0.80703125, 0.8903875338753388, 0.8438837929108782, 0.9013888888888889, 0.0, 0.8840720663265305, 0.8830838815789473, 0.881076388888889, 0.88203125, 0.9074652777777779, 0.8808238636363637, 0.9006944444444445, 0.8830729166666668, 0.8323559253246753, 0.8148364485981308], [0.06218362700057382, 0.07365085258525852, 0.12268183514880042, 0.21973719590268886, 0.8197373737373738, 0.7591907596371882, 0.808596371882086, 0.8285963718820861, 0.8091269841269841, 0.8196167800453514, 0.8075759637188208, 0.8093592938733124, 0.8275759637188209, 0.8265759637188209, 0.8285963718820861, 0.8291065759637188, 0.8938861788617884, 0.8286176934160416, 0.8850924744897959, 0.8840720663265305, 0.0, 0.9035714285714285, 0.908, 0.9062835660580021, 0.8900408163265305, 0.8995151515151516, 0.8861128826530612, 0.8978843537414966, 0.8606493506493507, 0.8183364485981308], [0.06218362700057382, 0.06513600110011, 0.1308636533306186, 0.2290329705505762, 0.8088282828282829, 0.7602595029239766, 0.8181345029239766, 0.8181345029239766, 0.8076608187134504, 0.8097134502923977, 0.8081345029239767, 0.8084247144340602, 0.8181345029239766, 0.8166081871345028, 0.819187134502924, 0.819187134502924, 0.8848008130081301, 0.8369620642769686, 0.88203125, 0.8830838815789473, 0.9035714285714285, 0.0, 0.8885263157894737, 0.9026315789473685, 0.8890526315789472, 0.8895151515151515, 0.8930838815789472, 0.8932719298245615, 0.851948051948052, 0.8178691588785046], [0.060203428980771835, 0.07510472846065094, 0.11309092605789133, 0.22108100233100236, 0.8207012432012432, 0.7630665204678362, 0.8075518925518924, 0.8075518925518924, 0.8087134502923977, 0.818119658119658, 0.8087606837606838, 0.8077721862768591, 0.8082661782661782, 0.8079749103942653, 0.8093799797189627, 0.8068376068376069, 0.8899674796747966, 0.8242832935350981, 0.8839247881355933, 0.881076388888889, 0.908, 0.8885263157894737, 0.0, 0.8916954087346024, 0.9014925373134328, 0.9015151515151516, 0.8796875, 0.902051282051282, 0.8379999999999999, 0.8205128205128205], [0.06168857749562332, 0.06925272856232992, 0.12040910787607315, 0.21903297055057616, 0.8164598617756512, 0.7613401300236406, 0.8092151300236405, 0.8092151300236405, 0.8087134502923977, 0.8134144581311433, 0.8097470449172576, 0.8093592938733124, 0.8092151300236405, 0.8066193853427895, 0.8076193853427895, 0.8118747044917256, 0.8886519041506205, 0.8276243159325979, 0.883626994680851, 0.88203125, 0.9062835660580021, 0.9026315789473685, 0.8916954087346024, 0.0, 0.8885319148936169, 0.8902727272727272, 0.88203125, 0.8901914893617022, 0.8512987012987013, 0.8183364485981308], [0.06168857749562332, 0.06915038302610749, 0.1153636533306186, 0.22389790373945306, 0.8151204351204351, 0.7672211857379768, 0.8075518925518924, 0.8068376068376069, 0.8132163742690057, 0.8100427350427349, 0.8433760683760683, 0.8147296109912933, 0.8075518925518924, 0.8077943615257048, 0.8113152187779054, 0.8105689501211888, 0.8827181571815718, 0.8246144193629126, 0.8889743988391376, 0.9074652777777779, 0.8900408163265305, 0.8890526315789472, 0.9014925373134328, 0.8885319148936169, 0.0, 0.9118686868686868, 0.8841651119402986, 0.9048846153846153, 0.839948051948052, 0.8237838485502037], [0.06311747038491225, 0.06301351933973885, 0.11559092605789134, 0.22319367838734036, 0.8087315462315463, 0.7715593434343434, 0.809489121989122, 0.8212315462315463, 0.8195707070707071, 0.8075951825951826, 0.8187062937062937, 0.8173895548895549, 0.8208527583527584, 0.8191919191919192, 0.821989121989122, 0.8212315462315463, 0.8768577235772359, 0.8275945518132437, 0.8940814393939395, 0.8808238636363637, 0.8995151515151516, 0.8895151515151515, 0.9015151515151516, 0.8902727272727272, 0.9118686868686868, 0.0, 0.8804450757575758, 0.9047785547785547, 0.8502727272727274, 0.8224067599067599], [0.060203428980771835, 0.06172820407040704, 0.1269545624215277, 0.2234202944942382, 0.8081549873737373, 0.7704349415204679, 0.8170510912698413, 0.8070510912698413, 0.8166081871345028, 0.8089009081196581, 0.8063368055555555, 0.8072713849948079, 0.8063368055555555, 0.8071684587813619, 0.8105740936911487, 0.8082235980083858, 0.8786666666666667, 0.8479971115275081, 0.9108474576271186, 0.9006944444444445, 0.8861128826530612, 0.8930838815789472, 0.8796875, 0.88203125, 0.8841651119402986, 0.8804450757575758, 0.0, 0.8795729166666668, 0.843005275974026, 0.8134345794392523], [0.061193527990672826, 0.06408987697550242, 0.11263638060334587, 0.22319367838734036, 0.8086557886557886, 0.7593472222222222, 0.8081709401709402, 0.8268376068376068, 0.8087134502923977, 0.8094017094017094, 0.8122863247863247, 0.8091740554357376, 0.8241709401709402, 0.8268888888888888, 0.8241709401709402, 0.8255042735042736, 0.8804593495934959, 0.8250459990935471, 0.8835729166666667, 0.8830729166666668, 0.8978843537414966, 0.8932719298245615, 0.902051282051282, 0.8901914893617022, 0.9048846153846153, 0.9047785547785547, 0.8795729166666668, 0.0, 0.8447380952380954, 0.8219146896716989], [0.05711097687841874, 0.06917893217893219, 0.11638313385009913, 0.16819155844155845, 0.7698023088023088, 0.7568542568542569, 0.7581789321789321, 0.7678542568542568, 0.7568542568542569, 0.7588282828282827, 0.7575295815295815, 0.7581789321789321, 0.7678542568542568, 0.7665295815295815, 0.7672049062049062, 0.7668802308802308, 0.8457154471544716, 0.8266051364365972, 0.8336546266233766, 0.8323559253246753, 0.8606493506493507, 0.851948051948052, 0.8379999999999999, 0.8512987012987013, 0.839948051948052, 0.8502727272727274, 0.843005275974026, 0.8447380952380954, 0.0, 0.8179480519480521], [0.05707153034364511, 0.06126560798318263, 0.11513638060334588, 0.20444142125480153, 0.7622749231444883, 0.7560228452751817, 0.758664048038286, 0.7591313377579122, 0.7583592938733126, 0.7610004966364169, 0.7605332069167907, 0.7624023657952954, 0.75819675831866, 0.7564901349948079, 0.7595986274775385, 0.7591313377579122, 0.8118861788617885, 0.8103132673562021, 0.8139018691588784, 0.8148364485981308, 0.8183364485981308, 0.8178691588785046, 0.8205128205128205, 0.8183364485981308, 0.8237838485502037, 0.8224067599067599, 0.8134345794392523, 0.8219146896716989, 0.8179480519480521, 0.0]], "text": [[0.0, 0.2715807631998402, 0.18280319682041662, 0.13054849010412245, 0.11142555119299305, 0.11982644485378771, 0.11162807144501827, 0.1269663552734011, 0.11813797243511726, 0.11162807144501827, 0.11113302194006777, 0.11289114167727514, 0.11162807144501827, 0.10900902382597064, 0.10563797243511726, 0.10712312094996874, 0.06092789167094329, 0.062338034588920156, 0.07319847848572233, 0.0636687755154253, 0.06218362700057382, 0.06218362700057382, 0.060203428980771835, 0.06168857749562332, 0.06168857749562332, 0.06311747038491225, 0.060203428980771835, 0.061193527990672826, 0.05711097687841874, 0.05707153034364511], [0.2715807631998402, 0.0, 0.20152205763991854, 0.20909359683296058, 0.1590340909090909, 0.1284291234001449, 0.10362004950495049, 0.10461014851485148, 0.10777363559526684, 0.11461014851485149, 0.11016570407040704, 0.105928738317757, 0.10411509900990099, 0.10731480922482492, 0.11104579207920792, 0.10411509900990099, 0.1148919376693767, 0.07197114383661002, 0.06222325357535754, 0.07283931518151815, 0.07365085258525852, 0.06513600110011, 0.07510472846065094, 0.06925272856232992, 0.06915038302610749, 0.06301351933973885, 0.06172820407040704, 0.06408987697550242, 0.06917893217893219, 0.06126560798318263], [0.18280319682041662, 0.20152205763991854, 0.0, 0.33337767851501376, 0.06382829979526508, 0.07423739070435599, 0.11337375434071961, 0.061555572522537814, 0.06378284524981054, 0.06110102706799235, 0.0606464816134469, 0.06246466343162872, 0.061555572522537814, 0.059237390704356, 0.06291920888617417, 0.061555572522537814, 0.13170622539270288, 0.21423361118733145, 0.11513638060334588, 0.12114648161344688, 0.12268183514880042, 0.1308636533306186, 0.11309092605789133, 0.12040910787607315, 0.1153636533306186, 0.11559092605789134, 0.1269545624215277, 0.11263638060334587, 0.11638313385009913, 0.11513638060334588], [0.13054849010412245, 0.20909359683296058, 0.33337767851501376, 0.0, 0.16041032647355366, 0.10960085004979372, 0.21076243914961, 0.15970610112144099, 0.1571800754019064, 0.1590018757693283, 0.16041032647355366, 0.16076243914961, 0.15970610112144099, 0.15647585004979372, 0.1590018757693283, 0.15935398844538465, 0.21519826311899487, 0.21480980558618407, 0.21342029449423813, 0.22038430075401907, 0.21973719590268886, 0.2290329705505762, 0.22108100233100236, 0.21903297055057616, 0.22389790373945306, 0.22319367838734036, 0.2234202944942382, 0.22319367838734036, 0.16819155844155845, 0.20444142125480153], [0.11142555119299305, 0.1590340909090909, 0.06382829979526508, 0.16041032647355366, 0.0, 0.8072159090909091, 0.9009090909090908, 0.8509090909090908, 0.8518181818181818, 0.9113636363636364, 0.9082828282828282, 0.9022727272727273, 0.9009090909090908, 0.8727922077922077, 0.8513636363636363, 0.8668181818181818, 0.8607953929539296, 0.7600457097201646, 0.8072458964646465, 0.8183570075757576, 0.8197373737373738, 0.8088282828282829, 0.8207012432012432, 0.8164598617756512, 0.8151204351204351, 0.8087315462315463, 0.8081549873737373, 0.8086557886557886, 0.7698023088023088, 0.7622749231444883], [0.11982644485378771, 0.1284291234001449, 0.07423739070435599, 0.10960085004979372, 0.8072159090909091, 0.0, 0.8059821428571429, 0.8066964285714284, 0.8666087092731829, 0.803125, 0.8118856837606838, 0.8040595794392523, 0.8045535714285714, 0.8079637096774194, 0.8056673728813559, 0.8057565789473685, 0.7599000677506774, 0.7714646464646464, 0.8112229284369115, 0.7600694444444445, 0.7591907596371882, 0.7602595029239766, 0.7630665204678362, 0.7613401300236406, 0.7672211857379768, 0.7715593434343434, 0.7704349415204679, 0.7593472222222222, 0.7568542568542569, 0.7560228452751817], [0.11162807144501827, 0.10362004950495049, 0.11337375434071961, 0.21076243914961, 0.9009090909090908, 0.8059821428571429, 0.0, 0.8635714285714287, 0.8531578947368421, 0.9032051282051281, 0.9025641025641026, 0.9042056074766356, 0.9292857142857143, 0.8721428571428571, 0.8528571428571429, 0.8678571428571429, 0.8077466124661246, 0.8097145838923501, 0.8070510912698413, 0.8153645833333332, 0.808596371882086, 0.8181345029239766, 0.8075518925518924, 0.8092151300236405, 0.8075518925518924, 0.809489121989122, 0.8170510912698413, 0.8081709401709402, 0.7581789321789321, 0.758664048038286], [0.1269663552734011, 0.10461014851485148, 0.061555572522537814, 0.15970610112144099, 0.8509090909090908, 0.8066964285714284, 0.8635714285714287, 0.0, 0.8536842105263158, 0.8525641025641025, 0.8512820512820513, 0.8528037383177569, 0.9228571428571428, 0.9030952380952382, 0.9021428571428572, 0.9028571428571428, 0.8068319783197833, 0.759052332236721, 0.8084796626984125, 0.808420138888889, 0.8285963718820861, 0.8181345029239766, 0.8075518925518924, 0.8092151300236405, 0.8068376068376069, 0.8212315462315463, 0.8070510912698413, 0.8268376068376068, 0.7678542568542568, 0.7591313377579122], [0.11813797243511726, 0.10777363559526684, 0.06378284524981054, 0.1571800754019064, 0.8518181818181818, 0.8666087092731829, 0.8531578947368421, 0.8536842105263158, 0.0, 0.8526315789473685, 0.8576608187134503, 0.8523364485981307, 0.8521052631578947, 0.8751127819548874, 0.8515789473684212, 0.8510526315789473, 0.8064701897018971, 0.7591527861395411, 0.8581871345029238, 0.8092397660818713, 0.8091269841269841, 0.8076608187134504, 0.8087134502923977, 0.8087134502923977, 0.8132163742690057, 0.8195707070707071, 0.8166081871345028, 0.8087134502923977, 0.7568542568542569, 0.7583592938733126], [0.11162807144501827, 0.11461014851485149, 0.06110102706799235, 0.1590018757693283, 0.9113636363636364, 0.803125, 0.9032051282051281, 0.8525641025641025, 0.8526315789473685, 0.0, 0.9096153846153847, 0.909012016021362, 0.901923076923077, 0.8720695970695971, 0.8525641025641025, 0.8675641025641025, 0.8177466124661248, 0.7600457097201646, 0.8127470619658119, 0.8095419337606838, 0.8196167800453514, 0.8097134502923977, 0.818119658119658, 0.8134144581311433, 0.8100427350427349, 0.8075951825951826, 0.8089009081196581, 0.8094017094017094, 0.7588282828282827, 0.7610004966364169], [0.11113302194006777, 0.11016570407040704, 0.0606464816134469, 0.16041032647355366, 0.9082828282828282, 0.8118856837606838, 0.9025641025641026, 0.8512820512820513, 0.8576608187134503, 0.9096153846153847, 0.0, 0.9083592938733126, 0.901923076923077, 0.8746336996336996, 0.8512820512820513, 0.865, 0.8133021680216803, 0.7607079613757938, 0.8131744123931623, 0.8304821047008547, 0.8075759637188208, 0.8081345029239767, 0.8087606837606838, 0.8097470449172576, 0.8433760683760683, 0.8187062937062937, 0.8063368055555555, 0.8122863247863247, 0.7575295815295815, 0.7605332069167907], [0.11289114167727514, 0.105928738317757, 0.06246466343162872, 0.16076243914961, 0.9022727272727273, 0.8040595794392523, 0.9042056074766356, 0.8528037383177569, 0.8523364485981307, 0.909012016021362, 0.9083592938733126, 0.0, 0.9037383177570094, 0.8723631508678238, 0.8509345794392523, 0.8668691588785048, 0.8080514905149052, 0.7603768355479792, 0.8068040952751817, 0.8086732541536865, 0.8093592938733124, 0.8084247144340602, 0.8077721862768591, 0.8093592938733124, 0.8147296109912933, 0.8173895548895549, 0.8072713849948079, 0.8091740554357376, 0.7581789321789321, 0.7624023657952954], [0.11162807144501827, 0.10411509900990099, 0.061555572522537814, 0.15970610112144099, 0.9009090909090908, 0.8045535714285714, 0.9292857142857143, 0.9228571428571428, 0.8521052631578947, 0.901923076923077, 0.901923076923077, 0.9037383177570094, 0.0, 0.9221428571428572, 0.9014285714285715, 0.917142857142857, 0.8080514905149052, 0.7600457097201646, 0.8070510912698413, 0.8091145833333332, 0.8275759637188209, 0.8181345029239766, 0.8082661782661782, 0.8092151300236405, 0.8075518925518924, 0.8208527583527584, 0.8063368055555555, 0.8241709401709402, 0.7678542568542568, 0.75819675831866], [0.10900902382597064, 0.10731480922482492, 0.059237390704356, 0.15647585004979372, 0.8727922077922077, 0.8079637096774194, 0.8721428571428571, 0.9030952380952382, 0.8751127819548874, 0.8720695970695971, 0.8746336996336996, 0.8723631508678238, 0.9221428571428572, 0.0, 0.9024193548387096, 0.9071428571428571, 0.807079945799458, 0.7588216603117266, 0.8071684587813619, 0.8055555555555556, 0.8265759637188209, 0.8166081871345028, 0.8079749103942653, 0.8066193853427895, 0.8077943615257048, 0.8191919191919192, 0.8071684587813619, 0.8268888888888888, 0.7665295815295815, 0.7564901349948079], [0.10563797243511726, 0.11104579207920792, 0.06291920888617417, 0.1590018757693283, 0.8513636363636363, 0.8056673728813559, 0.8528571428571429, 0.9021428571428572, 0.8515789473684212, 0.8525641025641025, 0.8512820512820513, 0.8509345794392523, 0.9014285714285715, 0.9024193548387096, 0.0, 0.909685230024213, 0.8062222222222222, 0.75971458389235, 0.8105740936911487, 0.8077256944444444, 0.8285963718820861, 0.819187134502924, 0.8093799797189627, 0.8076193853427895, 0.8113152187779054, 0.821989121989122, 0.8105740936911487, 0.8241709401709402, 0.7672049062049062, 0.7595986274775385], [0.10712312094996874, 0.10411509900990099, 0.061555572522537814, 0.15935398844538465, 0.8668181818181818, 0.8057565789473685, 0.8678571428571429, 0.9028571428571428, 0.8510526315789473, 0.8675641025641025, 0.865, 0.8668691588785048, 0.917142857142857, 0.9071428571428571, 0.909685230024213, 0.0, 0.8071368563685637, 0.7587212064089063, 0.8088791784369114, 0.80703125, 0.8291065759637188, 0.819187134502924, 0.8068376068376069, 0.8118747044917256, 0.8105689501211888, 0.8212315462315463, 0.8082235980083858, 0.8255042735042736, 0.7668802308802308, 0.7591313377579122], [0.06092789167094329, 0.1148919376693767, 0.13170622539270288, 0.21519826311899487, 0.8607953929539296, 0.7599000677506774, 0.8077466124661246, 0.8068319783197833, 0.8064701897018971, 0.8177466124661248, 0.8133021680216803, 0.8080514905149052, 0.8080514905149052, 0.807079945799458, 0.8062222222222222, 0.8071368563685637, 0.0, 0.8288690550337577, 0.8798861788617887, 0.8903875338753388, 0.8938861788617884, 0.8848008130081301, 0.8899674796747966, 0.8886519041506205, 0.8827181571815718, 0.8768577235772359, 0.8786666666666667, 0.8804593495934959, 0.8457154471544716, 0.8118861788617885], [0.062338034588920156, 0.07197114383661002, 0.21423361118733145, 0.21480980558618407, 0.7600457097201646, 0.7714646464646464, 0.8097145838923501, 0.759052332236721, 0.7591527861395411, 0.7600457097201646, 0.7607079613757938, 0.7603768355479792, 0.7600457097201646, 0.7588216603117266, 0.75971458389235, 0.7587212064089063, 0.8288690550337577, 0.0, 0.8396527406665811, 0.8438837929108782, 0.8286176934160416, 0.8369620642769686, 0.8242832935350981, 0.8276243159325979, 0.8246144193629126, 0.8275945518132437, 0.8479971115275081, 0.8250459990935471, 0.8266051364365972, 0.8103132673562021], [0.07319847848572233, 0.06222325357535754, 0.11513638060334588, 0.21342029449423813, 0.8072458964646465, 0.8112229284369115, 0.8070510912698413, 0.8084796626984125, 0.8581871345029238, 0.8127470619658119, 0.8131744123931623, 0.8068040952751817, 0.8070510912698413, 0.8071684587813619, 0.8105740936911487, 0.8088791784369114, 0.8798861788617887, 0.8396527406665811, 0.0, 0.9013888888888889, 0.8850924744897959, 0.88203125, 0.8839247881355933, 0.883626994680851, 0.8889743988391376, 0.8940814393939395, 0.9108474576271186, 0.8835729166666667, 0.8336546266233766, 0.8139018691588784], [0.0636687755154253, 0.07283931518151815, 0.12114648161344688, 0.22038430075401907, 0.8183570075757576, 0.7600694444444445, 0.8153645833333332, 0.808420138888889, 0.8092397660818713, 0.8095419337606838, 0.8304821047008547, 0.8086732541536865, 0.8091145833333332, 0.8055555555555556, 0.8077256944444444, 0.80703125, 0.8903875338753388, 0.8438837929108782, 0.9013888888888889, 0.0, 0.8840720663265305, 0.8830838815789473, 0.881076388888889, 0.88203125, 0.9074652777777779, 0.8808238636363637, 0.9006944444444445, 0.8830729166666668, 0.8323559253246753, 0.8148364485981308], [0.06218362700057382, 0.07365085258525852, 0.12268183514880042, 0.21973719590268886, 0.8197373737373738, 0.7591907596371882, 0.808596371882086, 0.8285963718820861, 0.8091269841269841, 0.8196167800453514, 0.8075759637188208, 0.8093592938733124, 0.8275759637188209, 0.8265759637188209, 0.8285963718820861, 0.8291065759637188, 0.8938861788617884, 0.8286176934160416, 0.8850924744897959, 0.8840720663265305, 0.0, 0.9035714285714285, 0.908, 0.9062835660580021, 0.8900408163265305, 0.8995151515151516, 0.8861128826530612, 0.8978843537414966, 0.8606493506493507, 0.8183364485981308], [0.06218362700057382, 0.06513600110011, 0.1308636533306186, 0.2290329705505762, 0.8088282828282829, 0.7602595029239766, 0.8181345029239766, 0.8181345029239766, 0.8076608187134504, 0.8097134502923977, 0.8081345029239767, 0.8084247144340602, 0.8181345029239766, 0.8166081871345028, 0.819187134502924, 0.819187134502924, 0.8848008130081301, 0.8369620642769686, 0.88203125, 0.8830838815789473, 0.9035714285714285, 0.0, 0.8885263157894737, 0.9026315789473685, 0.8890526315789472, 0.8895151515151515, 0.8930838815789472, 0.8932719298245615, 0.851948051948052, 0.8178691588785046], [0.060203428980771835, 0.07510472846065094, 0.11309092605789133, 0.22108100233100236, 0.8207012432012432, 0.7630665204678362, 0.8075518925518924, 0.8075518925518924, 0.8087134502923977, 0.818119658119658, 0.8087606837606838, 0.8077721862768591, 0.8082661782661782, 0.8079749103942653, 0.8093799797189627, 0.8068376068376069, 0.8899674796747966, 0.8242832935350981, 0.8839247881355933, 0.881076388888889, 0.908, 0.8885263157894737, 0.0, 0.8916954087346024, 0.9014925373134328, 0.9015151515151516, 0.8796875, 0.902051282051282, 0.8379999999999999, 0.8205128205128205], [0.06168857749562332, 0.06925272856232992, 0.12040910787607315, 0.21903297055057616, 0.8164598617756512, 0.7613401300236406, 0.8092151300236405, 0.8092151300236405, 0.8087134502923977, 0.8134144581311433, 0.8097470449172576, 0.8093592938733124, 0.8092151300236405, 0.8066193853427895, 0.8076193853427895, 0.8118747044917256, 0.8886519041506205, 0.8276243159325979, 0.883626994680851, 0.88203125, 0.9062835660580021, 0.9026315789473685, 0.8916954087346024, 0.0, 0.8885319148936169, 0.8902727272727272, 0.88203125, 0.8901914893617022, 0.8512987012987013, 0.8183364485981308], [0.06168857749562332, 0.06915038302610749, 0.1153636533306186, 0.22389790373945306, 0.8151204351204351, 0.7672211857379768, 0.8075518925518924, 0.8068376068376069, 0.8132163742690057, 0.8100427350427349, 0.8433760683760683, 0.8147296109912933, 0.8075518925518924, 0.8077943615257048, 0.8113152187779054, 0.8105689501211888, 0.8827181571815718, 0.8246144193629126, 0.8889743988391376, 0.9074652777777779, 0.8900408163265305, 0.8890526315789472, 0.9014925373134328, 0.8885319148936169, 0.0, 0.9118686868686868, 0.8841651119402986, 0.9048846153846153, 0.839948051948052, 0.8237838485502037], [0.06311747038491225, 0.06301351933973885, 0.11559092605789134, 0.22319367838734036, 0.8087315462315463, 0.7715593434343434, 0.809489121989122, 0.8212315462315463, 0.8195707070707071, 0.8075951825951826, 0.8187062937062937, 0.8173895548895549, 0.8208527583527584, 0.8191919191919192, 0.821989121989122, 0.8212315462315463, 0.8768577235772359, 0.8275945518132437, 0.8940814393939395, 0.8808238636363637, 0.8995151515151516, 0.8895151515151515, 0.9015151515151516, 0.8902727272727272, 0.9118686868686868, 0.0, 0.8804450757575758, 0.9047785547785547, 0.8502727272727274, 0.8224067599067599], [0.060203428980771835, 0.06172820407040704, 0.1269545624215277, 0.2234202944942382, 0.8081549873737373, 0.7704349415204679, 0.8170510912698413, 0.8070510912698413, 0.8166081871345028, 0.8089009081196581, 0.8063368055555555, 0.8072713849948079, 0.8063368055555555, 0.8071684587813619, 0.8105740936911487, 0.8082235980083858, 0.8786666666666667, 0.8479971115275081, 0.9108474576271186, 0.9006944444444445, 0.8861128826530612, 0.8930838815789472, 0.8796875, 0.88203125, 0.8841651119402986, 0.8804450757575758, 0.0, 0.8795729166666668, 0.843005275974026, 0.8134345794392523], [0.061193527990672826, 0.06408987697550242, 0.11263638060334587, 0.22319367838734036, 0.8086557886557886, 0.7593472222222222, 0.8081709401709402, 0.8268376068376068, 0.8087134502923977, 0.8094017094017094, 0.8122863247863247, 0.8091740554357376, 0.8241709401709402, 0.8268888888888888, 0.8241709401709402, 0.8255042735042736, 0.8804593495934959, 0.8250459990935471, 0.8835729166666667, 0.8830729166666668, 0.8978843537414966, 0.8932719298245615, 0.902051282051282, 0.8901914893617022, 0.9048846153846153, 0.9047785547785547, 0.8795729166666668, 0.0, 0.8447380952380954, 0.8219146896716989], [0.05711097687841874, 0.06917893217893219, 0.11638313385009913, 0.16819155844155845, 0.7698023088023088, 0.7568542568542569, 0.7581789321789321, 0.7678542568542568, 0.7568542568542569, 0.7588282828282827, 0.7575295815295815, 0.7581789321789321, 0.7678542568542568, 0.7665295815295815, 0.7672049062049062, 0.7668802308802308, 0.8457154471544716, 0.8266051364365972, 0.8336546266233766, 0.8323559253246753, 0.8606493506493507, 0.851948051948052, 0.8379999999999999, 0.8512987012987013, 0.839948051948052, 0.8502727272727274, 0.843005275974026, 0.8447380952380954, 0.0, 0.8179480519480521], [0.05707153034364511, 0.06126560798318263, 0.11513638060334588, 0.20444142125480153, 0.7622749231444883, 0.7560228452751817, 0.758664048038286, 0.7591313377579122, 0.7583592938733126, 0.7610004966364169, 0.7605332069167907, 0.7624023657952954, 0.75819675831866, 0.7564901349948079, 0.7595986274775385, 0.7591313377579122, 0.8118861788617885, 0.8103132673562021, 0.8139018691588784, 0.8148364485981308, 0.8183364485981308, 0.8178691588785046, 0.8205128205128205, 0.8183364485981308, 0.8237838485502037, 0.8224067599067599, 0.8134345794392523, 0.8219146896716989, 0.8179480519480521, 0.0]], "method": "field-level | link: text (links uninformative)", "folder": "Component Families"};
const { ids, link, text, method, folder } = D;

const n = ids.length;
const cellSize = Math.min(60, Math.floor(Math.min(window.innerWidth * 0.72, 480) / n));
const gap      = Math.max(2, Math.round(cellSize * 0.055));
const inner    = cellSize - gap;
const radius   = Math.round(inner * 0.14);
const FONT     = "'Source Code Pro', monospace";

const TITLE_H = 54;
const XLBL_H  = Math.round(cellSize * 0.55);
const LEG_H   = 58;
const margin  = { top: TITLE_H, right: 20,
                  bottom: XLBL_H + LEG_H + 24,
                  left: Math.round(cellSize * 0.88) };

const W = n * cellSize + margin.left + margin.right;
const H = n * cellSize + margin.top  + margin.bottom;

const RED     = '#a40e4C';
const MUSTARD = '#f2b30d';
const NAVY    = '#0d1035';
const WHITE   = '#ffffff';

function hexToRgb(h) {
  return [parseInt(h.slice(1,3),16)/255, parseInt(h.slice(3,5),16)/255, parseInt(h.slice(5,7),16)/255];
}
function blend(hex, a) {
  const [r,g,b] = hexToRgb(hex);
  return `rgb(${Math.round((1-a+r*a)*255)},${Math.round((1-a+g*a)*255)},${Math.round((1-a+b*a)*255)})`;
}

const svg = d3.select('#chart').append('svg').attr('width', W).attr('height', H);
const defs = svg.append('defs');
[['leg-red', RED], ['leg-mustard', MUSTARD]].forEach(([id, col]) => {
  const gr = defs.append('linearGradient').attr('id', id).attr('x1','0%').attr('x2','100%');
  gr.append('stop').attr('offset','0%').attr('stop-color', WHITE);
  gr.append('stop').attr('offset','100%').attr('stop-color', col);
});

// Title
svg.append('text')
  .attr('x', W/2).attr('y', 24)
  .attr('text-anchor','middle').attr('font-family', FONT)
  .attr('font-size', 17).attr('font-weight', 700).attr('fill', NAVY)
  .text('Similarity Matrix — ' + folder);
svg.append('text')
  .attr('x', W/2).attr('y', 41)
  .attr('text-anchor','middle').attr('font-family', FONT)
  .attr('font-size', 9).attr('fill','#999')
  .text(n + ' items  ·  spectrally ordered  ·  text: ' + method);

const g = svg.append('g').attr('transform', `translate(${margin.left},${margin.top})`);
const tip = d3.select('#tip');

// Cells
const cellData = [];
for (let i=0;i<n;i++) for (let j=0;j<n;j++) cellData.push({i,j});

g.selectAll('.cell').data(cellData).join('rect')
  .attr('class','cell')
  .attr('x',      d => d.j*cellSize + gap/2)
  .attr('y',      d => d.i*cellSize + gap/2)
  .attr('width',  inner).attr('height', inner).attr('rx', radius)
  .attr('fill', d => {
    if (d.i===d.j) return NAVY;
    return d.i < d.j ? blend(RED, link[d.i][d.j]) : blend(MUSTARD, text[d.i][d.j]);
  })
  .style('cursor', d => d.i===d.j ? 'default' : 'pointer')
  .on('mouseover', function(event, d) {
    if (d.i===d.j) return;
    const li=Math.min(d.i,d.j), lj=Math.max(d.i,d.j);
    tip.style('opacity',1).html(
      `<div class="tip-head">${ids[d.i]} ↔ ${ids[d.j]}</div>` +
      `<span class="tip-link">▲ Link</span>&nbsp; ${(link[li][lj]*100).toFixed(1)}%<br>` +
      `<span class="tip-text">▼ Content</span>&nbsp; ${(text[lj][li]*100).toFixed(1)}%`
    );
    d3.select(this).attr('stroke',NAVY).attr('stroke-width',2);
    g.selectAll('.cell').filter(e => e.i!==d.i && e.j!==d.j).attr('opacity',0.35);
  })
